1625
52 7 0 0 0 0
55 78 29 5 335 611
79 20 28 6 303 408
14 88 25 3 484 648
98 92 19 4 573 712
53 19 11 5 394 544
38 1 13 6 619 761
31 29 5 6 380 545
97 26 27 1 299 590
11 59 8 6 589 744
58 21 21 3 226 294
40 42 14 7 426 660
50 27 27 2 580 676
64 24 6 5 605 799
26 92 10 5 469 634
63 99 18 4 312 411
28 0 13 6 345 531
38 56 22 1 563 727
56 88 20 3 401 552
14 13 21 3 444 572
50 91 29 1 332 437
44 14 8 1 290 455
86 3 14 2 462 560
78 6 18 2 321 534
14 65 8 4 382 678
63 85 15 6 497 574
83 99 15 3 306 500
90 58 25 5 591 719
50 62 29 7 495 689
49 82 5 3 478 673
75 1 8 6 526 644
63 58 11 7 626 799
38 26 5 5 311 435
31 21 25 6 613 716
69 3 21 1 434 593
11 40 12 2 611 790
52 17 6 4 303 587
21 21 14 7 699 762
87 19 5 2 579 719
35 15 27 5 383 503
84 23 8 4 496 668
56 82 7 1 576 770
76 38 18 7 216 484
96 48 26 3 577 761
58 37 8 1 245 442
62 100 20 2 548 747
1 21 11 7 341 462
44 16 26 2 287 421
96 94 21 2 695 790
86 57 27 1 482 550
50 5 25 5 555 796
5 98 27 2 385 622
78 13 8 3 497 701
26 84 26 5 271 367
65 4 29 6 374 666
5 87 8 1 351 598
80 35 29 5 449 517
20 37 9 1 302 485
75 77 16 6 256 498
99 30 18 4 373 555
80 43 12 4 209 446
16 18 18 6 274 432
71 8 26 7 536 680
48 27 11 1 454 612
74 71 25 2 546 655
98 53 27 4 378 454
68 8 27 2 309 444
43 55 17 7 541 721
79 39 12 3 643 745
57 61 11 4 316 493
73 21 17 3 443 705
45 69 5 2 608 724
31 14 18 6 660 745
67 74 10 3 475 770
100 62 6 3 635 792
33 34 22 4 219 322
25 59 28 4 628 710
50 25 22 7 236 488
20 49 28 6 676 796
12 55 29 1 426 724
85 89 12 2 443 539
43 15 14 3 476 571
70 55 24 5 344 605
89 9 7 5 263 399
78 16 22 4 503 774
98 58 17 3 402 482
13 87 20 6 229 476
67 77 18 1 605 788
11 68 23 7 303 491
0 32 26 4 222 462
57 74 14 6 259 516
17 60 12 5 703 791
96 64 6 2 377 657
28 48 21 1 418 628
38 84 12 3 550 660
66 39 5 5 581 711
45 99 22 1 265 509
10 37 25 2 646 733
98 56 18 5 487 731
33 43 28 5 475 573
98 2 18 6 250 475
84 41 9 7 350 587
40 15 15 4 326 430
82 14 6 5 236 449
2 27 26 3 341 417
11 100 30 6 488 675
35 98 13 6 480 623
100 54 15 1 205 272
100 48 29 4 509 744
18 29 23 1 315 481
16 65 18 6 480 541
11 38 28 2 440 528
53 62 26 5 632 725
29 33 23 7 574 707
66 44 29 1 441 677
87 99 15 5 201 371
33 20 18 7 382 516
64 83 9 6 286 522
31 11 13 1 586 786
28 1 19 2 459 686
33 25 20 1 677 786
61 50 7 6 223 355
51 84 14 1 219 325
48 81 30 4 219 429
70 25 10 5 434 607
94 83 30 5 483 691
56 25 14 4 606 697
20 16 20 3 372 580
30 60 6 2 429 665
3 85 30 7 517 636
42 61 27 7 348 535
47 73 28 3 264 524
18 61 12 4 605 707
81 39 21 4 273 446
92 24 19 2 339 534
22 24 27 4 557 748
85 37 7 4 525 684
55 52 15 6 284 535
66 96 19 1 321 492
81 43 8 6 475 606
42 34 25 5 553 657
69 83 15 5 594 678
13 29 27 7 379 560
35 3 24 6 605 694
35 22 9 6 489 663
57 50 6 3 506 728
86 81 18 1 382 583
7 34 12 6 515 603
54 15 8 7 438 578
89 66 25 2 347 604
5 13 6 5 469 565
5 92 10 7 393 689
22 39 14 3 471 589
73 77 18 5 522 782
32 4 28 1 632 707
19 23 12 4 495 791
63 89 16 6 568 734
10 19 8 6 267 508
31 90 19 5 552 744
93 46 12 6 386 567
6 2 22 2 507 728
57 68 30 7 560 761
11 25 16 4 487 575
24 57 16 1 341 579
74 52 7 4 477 658
42 33 29 6 508 756
17 80 22 1 545 626
84 75 29 1 413 498
1 97 10 5 258 440
92 46 21 6 505 670
89 65 7 3 228 428
57 56 6 4 622 704
34 86 7 7 483 698
29 66 7 6 541 731
60 88 26 5 662 799
44 71 17 5 385 486
76 96 15 2 459 609
32 19 28 7 490 759
94 75 5 6 714 785
40 76 23 2 256 363
15 23 13 6 236 372
41 71 24 3 224 322
7 76 26 5 586 714
12 22 12 2 380 666
17 98 15 7 461 536
20 17 28 7 651 729
26 3 21 7 401 582
71 49 30 5 502 733
34 61 26 3 481 654
55 14 23 1 277 404
74 100 15 4 631 717
41 98 18 1 507 697
25 79 21 2 486 743
95 24 30 4 252 382
55 63 7 3 573 713
94 15 16 5 254 461
18 65 19 7 321 535
50 60 28 3 314 413
12 95 15 1 547 737
66 95 25 5 350 428
37 88 20 2 549 705
46 15 11 6 610 706
69 13 19 1 465 711
96 21 17 1 512 686
89 99 28 7 220 432
63 93 14 5 401 690
16 1 14 3 546 714
75 84 9 3 253 519
9 13 14 5 230 510
30 49 28 4 337 464
34 64 9 2 507 703
38 66 26 1 286 542
41 60 27 1 389 571
51 18 25 5 627 737
11 1 8 6 303 384
37 67 28 2 538 673
44 90 13 4 433 724
59 42 26 3 334 540
49 97 14 2 460 603
57 63 29 6 618 749
86 48 19 3 237 362
44 36 18 4 541 734
34 31 6 1 299 431
39 37 11 7 652 741
74 92 13 5 592 661
80 3 9 2 540 607
81 90 26 4 529 642
31 58 20 6 288 541
15 92 16 6 477 748
65 44 21 5 207 493
56 98 20 7 475 606
19 7 14 7 432 569
7 23 19 5 526 794
58 41 12 3 214 399
98 37 7 6 382 479
70 66 17 1 438 652
4 0 13 1 320 478
89 10 16 7 546 652
47 70 19 5 241 434
37 26 15 3 478 604
77 83 14 7 589 661
5 6 19 7 362 502
67 40 28 7 515 774
89 50 25 3 233 513
86 1 27 6 287 461
53 82 18 3 284 555
68 94 25 7 634 735
97 62 28 5 218 481
95 95 11 5 481 612
17 17 22 5 381 609
16 10 19 1 520 607
49 76 6 1 296 402
65 65 8 4 342 431
28 73 13 4 544 759
70 32 14 5 512 662
54 11 18 4 321 387
100 71 7 1 302 385
98 70 10 2 231 451
26 41 10 7 416 506
47 43 9 3 311 531
0 31 22 2 697 780
32 37 29 1 563 694
4 63 21 5 353 445
66 34 21 4 207 325
8 0 10 2 202 423
100 24 8 3 439 620
68 44 9 5 677 765
33 55 24 1 207 465
13 79 19 7 368 438
17 11 8 1 312 602
71 4 23 1 634 743
7 46 27 5 583 654
75 14 23 2 506 671
57 17 30 3 528 695
89 3 25 5 251 496
82 39 5 3 317 471
56 39 5 6 296 501
43 68 9 7 430 549
1 45 14 3 512 636
22 27 14 1 394 503
33 11 30 3 247 461
35 57 15 3 308 601
87 29 15 6 658 788
61 44 25 3 566 660
77 85 14 7 482 735
41 67 27 6 295 509
14 60 16 7 392 608
70 90 9 4 537 671
76 55 25 6 359 440
26 99 6 6 424 669
76 5 10 2 492 724
50 51 23 5 493 727
32 23 17 6 582 744
8 80 16 1 256 337
48 71 12 5 331 627
67 62 19 2 224 522
97 86 11 3 220 417
61 37 18 7 322 617
59 96 6 4 376 617
85 96 13 1 299 450
11 22 23 2 398 474
35 81 24 1 434 697
61 61 6 3 525 653
64 98 5 7 690 799
19 59 6 4 348 545
56 79 17 6 511 661
97 23 27 5 386 636
28 96 19 6 355 418
3 87 16 6 346 476
76 69 18 3 465 530
96 44 30 1 437 685
29 7 14 2 385 528
86 46 20 4 471 577
28 20 20 3 283 491
91 2 23 3 310 570
47 3 30 7 443 679
67 30 25 5 243 361
100 55 7 7 359 466
86 26 12 4 494 555
39 60 10 4 585 711
12 29 11 6 634 774
95 62 11 3 220 374
84 3 25 4 384 469
76 23 27 6 283 471
0 99 30 1 566 704
88 64 16 4 511 793
28 25 29 2 575 711
8 31 14 7 338 599
78 7 28 7 286 542
66 68 14 1 360 569
67 5 8 1 298 366
45 86 22 3 404 659
94 3 30 5 487 716
73 68 15 4 686 773
72 19 12 5 523 653
57 66 29 1 486 640
3 20 5 2 300 507
20 15 14 6 336 551
68 24 6 6 543 645
57 18 17 3 618 773
96 0 5 4 475 664
10 16 18 7 417 627
19 25 27 4 301 502
77 87 22 2 489 710
49 34 29 1 424 501
71 16 29 7 380 649
2 66 20 2 549 726
89 5 12 5 542 751
29 11 5 7 461 550
5 50 6 7 516 626
83 21 18 6 229 478
14 91 28 2 392 577
53 44 21 1 612 698
86 89 9 7 354 564
22 47 26 2 248 398
85 22 9 1 265 429
27 17 18 3 388 453
2 22 16 6 255 327
25 31 10 3 463 720
13 85 16 2 545 615
59 58 26 7 403 604
91 13 13 5 660 752
34 33 22 1 387 469
29 1 7 5 224 441
94 48 9 3 565 691
89 79 5 3 346 586
40 24 23 5 368 486
20 54 12 1 439 556
57 91 27 6 281 579
58 71 13 6 411 513
85 48 16 3 427 643
94 91 29 1 521 643
70 4 15 7 220 287
44 97 23 7 675 759
80 50 29 6 544 658
18 24 14 1 379 677
60 50 16 2 500 785
52 55 18 1 349 631
53 65 26 4 529 782
38 82 17 2 637 795
69 95 20 1 533 626
19 39 21 2 231 392
92 43 6 1 470 635
28 89 17 7 535 749
73 85 17 7 312 539
41 56 9 6 264 543
12 47 8 4 519 720
88 24 23 5 316 598
20 55 12 4 411 534
37 31 12 1 448 599
1 20 12 6 400 535
8 65 13 1 371 564
41 37 25 3 270 552
70 19 23 2 204 425
79 25 18 1 524 682
11 57 12 6 245 393
45 48 24 5 353 518
86 58 14 1 292 395
12 42 27 7 557 646
87 71 26 1 241 479
86 55 13 7 538 648
79 74 17 3 215 340
42 28 21 6 467 626
11 26 17 4 330 567
87 97 24 3 267 335
15 51 12 4 692 786
2 28 27 3 390 511
100 67 9 4 251 399
6 45 9 6 520 648
47 29 24 5 206 278
14 78 6 2 446 592
15 83 13 5 644 741
61 84 30 6 497 649
43 51 9 5 492 610
46 7 24 7 214 471
38 18 20 6 574 725
69 0 18 1 503 628
77 47 27 3 292 571
13 39 25 3 483 695
31 87 30 5 593 669
92 12 7 2 303 591
43 61 19 7 270 352
84 72 14 5 324 474
29 28 18 3 318 435
91 45 22 7 391 538
94 31 19 5 412 670
47 81 22 4 620 704
49 5 30 7 378 659
1 93 21 1 532 625
63 53 8 6 277 566
12 40 10 5 401 528
39 61 5 6 359 593
2 84 29 1 375 622
70 92 7 1 630 766
51 48 16 1 235 334
50 81 9 1 287 552
86 71 15 7 313 406
29 36 20 2 467 695
65 80 9 7 653 728
33 35 13 5 267 488
1 43 18 2 560 672
72 1 19 2 309 531
56 3 15 2 283 580
3 99 26 5 322 394
59 40 5 6 452 678
16 71 8 1 324 429
16 17 19 6 465 530
0 29 18 3 232 498
87 85 12 6 488 608
54 67 10 5 214 496
77 38 7 5 618 794
43 46 11 7 523 756
67 64 17 4 481 679
20 27 9 6 316 581
49 36 29 3 707 793
79 37 5 2 637 797
44 87 12 3 381 450
86 91 27 1 428 529
44 61 28 2 595 688
22 0 6 2 453 659
24 42 5 3 463 711
42 58 7 5 732 799
1 7 23 7 231 313
97 35 14 6 234 456
31 33 14 6 317 596
11 31 16 2 427 525
82 84 11 3 649 765
9 59 30 6 446 633
78 45 24 3 522 649
69 69 29 1 489 700
55 7 12 7 260 363
11 87 18 4 275 469
55 49 19 4 494 616
9 38 20 6 427 644
36 9 7 6 295 405
14 99 30 1 407 617
90 88 26 7 420 577
86 39 29 2 227 331
63 64 20 7 432 513
9 30 17 1 539 717
80 71 13 6 448 607
57 8 24 2 333 616
98 21 23 6 405 614
12 7 19 2 582 687
18 18 19 2 323 388
6 27 9 2 242 507
37 19 15 7 480 562
98 71 20 1 314 461
45 4 22 1 424 636
55 41 26 4 613 781
79 100 15 7 206 392
31 62 21 7 412 624
17 28 19 3 434 612
90 53 5 2 338 567
15 53 23 1 559 705
65 31 9 1 668 786
78 95 15 4 332 629
29 0 6 6 216 325
71 37 17 1 448 547
27 45 26 1 476 696
67 73 14 1 378 615
36 50 23 3 535 666
19 46 19 2 439 530
1 16 20 5 201 439
15 80 23 6 585 768
25 34 8 3 641 744
99 9 13 1 369 518
99 8 29 4 661 746
24 12 25 6 652 758
8 74 23 4 499 694
73 87 5 7 260 503
94 98 6 1 468 698
25 76 17 1 247 430
11 47 21 3 241 510
56 55 6 2 592 675
47 61 21 3 240 347
59 25 16 5 349 493
62 72 13 6 500 618
7 40 10 2 335 518
5 84 12 4 486 567
7 57 7 6 486 758
90 95 29 5 291 556
56 10 6 4 370 642
11 81 12 4 547 758
56 32 14 7 584 720
69 55 19 3 563 657
95 4 5 3 523 605
31 88 26 6 310 455
1 71 28 6 504 798
59 5 13 5 605 699
3 11 18 2 354 629
59 19 7 3 640 780
87 88 8 4 492 594
15 79 30 4 717 788
22 95 6 2 569 722
67 20 15 2 465 691
23 57 7 1 395 525
25 9 23 2 242 492
50 35 26 2 460 658
38 62 23 5 256 437
49 4 8 3 558 726
5 58 10 4 649 792
16 70 25 6 664 787
96 49 11 4 439 721
28 14 6 1 634 710
99 86 26 3 496 580
94 26 21 3 338 528
33 28 26 6 397 675
86 73 26 6 285 386
21 95 6 2 512 789
47 59 27 7 695 799
16 21 9 7 383 516
45 88 16 3 504 597
59 29 24 4 428 605
18 23 18 7 258 525
91 15 12 5 483 593
48 49 7 3 490 763
95 6 23 5 246 403
55 80 15 7 511 622
23 39 7 4 451 656
22 90 12 6 290 465
70 43 19 1 241 336
36 77 22 5 489 763
33 37 7 5 209 368
98 41 20 6 272 372
60 65 16 4 255 433
66 17 15 1 251 368
66 93 13 2 216 292
14 6 19 4 376 496
33 42 29 1 435 716
31 72 8 6 218 428
14 45 29 5 317 430
31 30 10 3 616 695
52 42 13 1 450 580
100 16 21 1 567 759
69 53 23 5 616 715
60 75 19 3 291 376
33 29 5 6 410 597
91 66 23 2 419 543
7 10 29 5 291 432
76 15 10 1 265 539
65 20 18 5 605 710
58 96 30 7 244 482
97 0 8 7 460 707
90 10 6 4 440 552
10 32 13 2 545 700
56 48 16 5 554 799
3 8 14 5 264 400
52 12 10 2 454 520
84 17 12 4 271 542
71 77 27 7 476 670
5 85 8 6 437 520
82 21 12 6 491 777
49 18 13 4 305 523
80 29 10 1 467 663
99 13 22 2 614 774
11 10 14 1 363 586
2 83 26 1 276 567
71 82 27 1 447 636
47 72 11 4 281 509
85 53 10 1 502 690
72 85 15 4 396 594
91 40 13 5 386 634
2 19 10 4 554 620
91 3 29 3 679 795
6 53 14 2 397 593
95 21 7 3 263 356
33 78 26 2 468 684
73 0 13 2 258 371
47 85 27 4 525 669
52 21 26 7 243 400
20 28 27 4 242 502
15 55 10 1 566 798
49 93 15 6 357 576
45 57 8 3 399 585
46 66 28 1 367 612
93 56 9 7 458 709
92 32 8 3 342 594
77 6 8 4 435 616
15 65 18 7 211 322
97 79 27 7 337 613
56 46 7 2 550 622
88 52 27 2 514 658
71 44 7 6 598 695
30 88 8 1 232 454
61 88 30 7 674 760
7 83 14 4 671 795
14 80 11 5 243 387
92 17 6 4 343 437
4 65 15 1 476 580
9 26 5 2 252 499
4 62 13 6 407 488
76 12 15 3 579 734
61 78 15 4 618 714
55 19 22 6 377 651
46 49 12 1 650 727
25 33 21 6 259 468
12 27 13 4 329 399
43 59 15 7 289 479
80 53 23 4 496 678
100 51 25 6 238 446
33 77 16 3 579 714
93 36 30 6 213 478
3 90 14 1 452 572
41 64 21 5 528 629
63 7 27 2 296 411
75 37 8 2 428 587
37 86 30 5 548 656
52 75 15 3 418 674
63 4 16 7 599 671
83 72 14 2 383 520
79 27 29 5 437 546
32 2 16 1 378 606
65 27 17 7 688 798
56 19 22 5 333 563
79 7 12 5 457 568
85 84 15 4 341 579
85 16 6 1 379 472
19 0 8 5 445 601
39 52 9 5 647 762
57 93 23 2 482 694
82 46 14 4 563 656
78 29 8 2 238 477
95 65 23 1 300 462
10 54 11 3 636 706
68 39 17 5 321 554
17 41 21 1 379 583
99 27 15 6 484 571
72 93 24 1 363 521
96 30 8 7 219 385
24 74 8 5 278 454
94 70 13 1 446 550
42 79 26 1 382 576
33 48 22 1 497 749
75 36 10 1 506 766
90 68 22 5 424 614
71 61 12 7 543 690
12 94 14 5 536 794
90 61 19 2 425 697
16 46 16 3 521 630
65 75 5 7 513 646
75 76 7 3 311 395
51 75 24 5 277 575
13 66 19 3 294 582
94 32 29 4 708 774
9 6 18 5 499 776
11 29 27 3 542 653
2 60 24 3 408 469
39 4 23 1 402 585
86 96 7 7 514 591
76 30 23 5 295 366
94 0 9 7 386 592
86 43 26 5 305 469
32 67 26 3 316 429
75 70 18 4 337 567
52 71 11 5 268 402
71 42 17 6 325 427
57 82 10 2 354 520
51 56 6 3 459 602
79 78 29 6 450 632
30 99 27 6 258 504
16 86 6 2 347 514
53 91 12 5 539 624
36 65 19 5 354 513
71 43 8 4 331 525
12 50 28 2 313 442
17 85 27 5 425 701
66 100 23 3 389 466
13 74 9 7 619 769
60 37 13 3 410 677
98 13 29 4 281 458
40 47 25 7 499 660
9 90 5 6 379 505
15 40 23 1 618 781
83 95 15 7 339 601
83 70 8 4 408 665
39 66 29 4 538 755
77 80 22 3 640 799
19 99 12 6 642 765
72 32 18 3 282 516
9 74 10 7 611 726
99 25 6 3 201 365
81 32 13 7 390 453
64 68 26 5 497 739
100 27 6 5 506 800
1 25 18 3 306 605
62 22 17 5 303 573
80 22 11 4 541 788
27 82 13 4 484 693
86 93 17 6 415 701
81 11 25 6 270 566
97 25 22 1 266 343
50 56 12 7 215 290
6 74 10 6 660 748
79 42 24 3 416 487
97 82 8 5 647 750
58 20 17 7 417 694
59 67 24 5 473 601
86 97 20 2 629 718
10 23 29 6 401 601
48 99 19 6 346 482
84 50 25 5 661 748
26 51 10 4 308 569
94 4 23 6 413 623
69 66 29 6 332 598
67 13 23 2 505 769
33 100 18 4 487 597
98 30 23 4 281 496
99 98 11 1 505 755
0 56 22 1 629 730
78 76 7 4 200 320
49 42 8 4 602 666
10 21 18 6 324 513
7 100 15 5 314 476
41 54 25 2 474 723
71 71 24 6 512 701
27 57 8 4 610 724
92 54 30 1 311 463
42 82 29 2 491 704
61 76 20 4 325 618
18 50 24 3 373 465
24 86 20 1 372 670
63 22 16 6 379 606
98 74 16 4 514 684
38 5 6 6 359 624
99 74 29 2 573 797
21 32 18 6 425 724
4 34 19 2 431 550
32 57 13 6 556 788
16 98 11 3 580 775
40 55 19 1 473 622
63 35 22 3 212 301
92 19 23 3 571 788
88 50 21 6 310 567
80 94 26 5 525 608
71 9 9 6 363 425
41 29 26 7 214 499
25 60 18 5 314 464
3 82 21 5 598 747
98 46 11 5 516 604
50 33 14 2 219 419
78 69 21 7 610 770
96 52 30 6 297 578
12 53 29 7 285 531
38 13 8 4 560 624
64 100 5 1 518 732
93 93 17 2 244 356
89 6 23 6 286 435
94 38 27 7 449 677
61 96 14 3 243 353
47 76 10 2 408 568
95 34 8 4 563 656
64 57 14 6 433 732
58 85 22 7 510 793
0 30 22 4 600 768
4 42 10 6 387 466
9 87 26 7 400 662
56 100 24 5 282 380
75 52 28 4 560 627
79 68 9 4 337 601
36 94 29 7 279 365
6 63 10 2 443 504
8 38 19 3 233 350
62 42 25 7 554 727
4 86 15 2 401 609
60 63 13 2 490 663
97 14 28 2 267 359
68 74 18 6 398 474
46 75 7 4 500 654
95 42 27 4 557 621
29 40 26 3 221 417
11 90 21 6 474 735
82 73 25 6 518 594
72 36 25 4 454 523
99 12 24 6 494 676
29 15 17 1 362 538
8 95 21 4 443 535
73 91 7 5 377 444
11 62 15 7 425 639
58 46 13 2 443 563
95 46 23 2 526 592
57 35 30 3 545 698
77 66 15 5 624 697
24 4 22 6 228 402
17 39 21 2 506 714
69 12 23 6 555 635
60 14 8 5 428 649
93 25 7 2 335 611
10 5 24 4 228 457
59 15 8 4 206 441
46 74 22 5 426 693
6 82 5 3 284 465
21 74 11 1 386 509
17 54 21 3 583 776
25 51 9 5 457 546
22 1 22 2 271 416
45 18 15 1 376 510
79 2 29 2 371 591
41 62 27 5 371 619
2 72 30 2 634 766
47 71 30 1 438 521
9 29 23 4 338 538
19 72 11 4 320 592
5 72 27 3 649 724
8 91 6 6 371 542
18 51 24 6 611 691
41 21 22 3 615 702
83 59 9 4 400 533
59 100 23 5 609 706
68 5 6 6 236 428
34 77 26 7 550 644
42 23 16 1 470 763
81 50 26 4 641 775
55 58 12 5 547 657
66 85 30 1 524 601
94 63 27 7 501 617
76 4 28 1 492 786
69 100 22 6 582 714
61 20 11 5 351 554
59 64 7 2 432 620
89 17 6 4 375 437
6 6 27 7 446 681
80 23 10 2 428 588
83 35 8 2 281 539
28 82 8 5 386 467
89 25 13 6 400 536
37 43 13 7 430 570
17 6 23 4 636 775
97 60 25 6 384 508
62 86 6 4 256 400
85 11 29 3 478 538
14 50 5 5 339 399
25 17 21 2 315 459
74 53 18 3 379 516
83 0 26 4 414 533
58 68 16 6 279 540
38 78 6 3 381 624
27 34 27 4 450 703
92 78 23 6 201 275
2 0 12 5 589 792
98 16 27 3 523 618
8 20 16 1 309 457
16 44 25 4 245 542
29 27 23 6 599 760
16 49 10 1 338 448
32 98 15 2 200 312
31 100 13 4 417 567
84 48 29 6 600 677
62 51 20 7 563 721
62 33 20 2 561 779
51 34 19 7 540 753
30 47 14 1 630 782
79 84 23 1 687 759
61 60 21 4 213 461
53 52 11 4 539 746
88 7 24 1 474 673
3 39 12 3 287 357
71 23 22 6 317 446
75 21 9 7 365 531
35 66 17 5 454 587
11 43 22 3 472 662
10 53 7 3 334 433
17 56 24 5 612 763
59 76 14 2 419 632
5 68 19 5 346 431
95 54 19 7 346 570
9 21 27 2 586 756
99 29 10 1 435 650
24 91 25 6 350 520
35 49 8 5 296 512
27 53 20 1 386 561
29 52 19 5 270 522
95 66 25 2 401 479
46 60 6 4 643 748
77 32 28 5 520 694
16 73 26 6 269 500
13 9 21 5 690 798
20 2 29 4 297 558
30 35 14 2 421 494
59 97 19 6 548 736
71 70 24 5 202 298
85 29 7 4 575 679
58 80 19 7 300 367
19 55 18 6 336 433
16 12 15 4 487 592
1 48 10 3 406 498
44 7 18 2 369 603
16 26 7 7 493 597
78 85 6 2 440 706
34 88 30 7 445 731
88 43 6 7 447 666
100 88 13 7 408 695
6 85 21 5 583 748
39 5 14 6 312 412
91 73 15 6 379 449
1 2 26 3 587 696
52 72 5 1 594 711
60 24 11 2 619 799
21 49 12 7 456 653
86 87 20 5 350 549
10 15 14 4 568 651
46 82 8 4 203 470
9 89 12 5 551 783
24 53 11 2 221 291
23 74 12 2 474 559
70 39 5 5 607 739
97 41 25 6 598 765
76 2 12 5 295 578
91 91 13 1 433 578
95 30 28 2 212 283
32 56 21 3 267 506
44 31 28 1 542 696
51 5 21 3 374 615
44 33 22 1 394 460
16 50 27 4 370 654
86 85 24 5 657 731
71 47 29 3 515 615
28 66 11 5 579 751
36 67 6 1 228 363
30 48 7 1 497 786
51 52 25 5 278 401
88 60 18 5 412 544
58 10 9 5 515 706
20 23 30 1 533 649
81 87 23 5 579 682
52 74 30 7 481 587
10 73 7 4 270 498
48 1 5 2 524 638
54 71 26 1 687 779
51 61 18 1 556 738
75 47 23 4 389 587
95 43 11 5 613 749
2 74 16 5 519 764
73 47 27 2 379 493
79 54 5 1 540 782
9 20 27 4 507 681
11 45 25 5 596 735
93 24 23 6 363 509
35 33 9 1 201 284
77 17 10 6 301 576
74 16 21 2 266 428
30 37 8 2 713 789
23 80 5 6 241 369
49 71 13 4 471 755
20 90 25 5 265 391
90 87 24 1 439 615
0 57 9 1 379 516
42 80 11 5 557 790
97 28 17 2 300 577
59 37 13 3 437 531
38 49 17 4 399 470
57 69 23 2 335 559
72 89 8 1 612 734
93 51 23 1 250 392
41 73 14 7 251 398
83 17 20 4 396 583
37 29 5 4 534 620
56 38 26 3 567 733
75 79 8 1 250 334
91 33 16 4 607 736
63 2 6 3 334 431
85 3 23 1 634 727
65 90 25 5 204 452
71 36 17 7 583 714
63 43 5 3 363 423
66 59 6 1 420 597
81 4 10 2 445 564
19 94 26 7 286 511
99 21 20 4 319 603
93 18 18 1 334 396
40 98 22 4 370 504
50 6 8 7 347 545
46 70 12 5 201 321
92 16 10 3 257 449
54 50 19 2 239 494
57 73 8 3 416 614
36 11 13 4 508 673
14 49 18 2 451 729
24 23 18 2 220 472
15 18 19 2 398 644
65 26 10 3 577 722
49 8 25 4 230 463
34 6 14 7 588 706
44 63 23 6 413 597
34 45 9 5 257 507
43 3 7 7 608 759
3 100 16 1 579 773
25 6 26 7 363 439
100 29 6 7 218 369
51 4 30 4 272 488
97 66 17 1 328 476
64 99 12 6 274 543
21 12 30 5 316 470
11 83 6 2 316 592
28 87 8 6 305 519
57 28 27 3 265 459
25 48 11 2 448 529
75 26 20 1 497 587
21 71 26 4 522 679
26 60 30 4 224 323
56 66 9 7 358 545
8 15 17 4 431 547
39 38 9 2 277 373
85 54 11 1 268 457
10 43 9 5 262 377
88 87 7 1 312 606
39 67 27 4 511 704
97 36 22 7 662 757
10 93 24 1 526 696
55 18 23 3 554 790
38 40 25 1 267 416
30 71 11 5 319 475
92 91 15 2 369 659
21 50 23 6 412 610
8 35 17 7 418 508
31 26 6 6 335 397
97 96 17 5 573 744
20 29 11 6 536 797
67 69 20 6 345 408
81 86 5 6 270 547
56 96 30 7 691 772
14 46 28 2 356 530
6 51 18 6 381 471
55 67 23 7 459 640
27 31 19 3 394 504
89 84 16 3 531 760
1 6 5 7 564 744
54 21 9 2 252 440
95 12 21 3 350 598
50 39 25 2 293 383
36 85 30 1 480 568
100 64 30 1 341 413
4 4 13 6 330 609
45 49 20 3 613 702
15 30 6 6 488 732
35 93 16 6 445 583
5 63 5 7 408 542
79 34 12 5 341 609
75 30 18 4 503 654
63 25 26 5 343 528
71 100 11 7 533 726
31 54 23 5 589 780
2 50 17 6 257 500
39 6 24 5 241 448
92 25 6 6 361 635
74 44 17 1 488 692
17 14 25 3 410 509
64 27 12 6 544 689
94 10 8 6 230 518
96 72 5 4 451 621
25 38 8 5 530 616
31 9 26 3 405 548
90 84 8 2 408 587
25 82 13 6 223 458
75 0 25 2 396 609
1 63 11 1 389 558
77 35 13 1 614 698
22 48 27 2 343 522
17 0 7 6 458 529
78 91 23 3 354 481
81 96 8 7 447 521
45 100 19 2 352 486
38 10 16 2 353 567
7 52 23 5 423 603
99 59 7 2 319 598
20 9 7 3 442 516
52 90 20 4 355 448
70 60 26 3 366 489
5 82 24 5 347 504
45 79 24 5 383 451
92 34 30 4 336 576
53 33 26 2 277 343
16 99 13 1 239 299
51 90 24 6 288 587
43 78 23 6 553 636
12 99 14 7 499 565
81 41 15 4 342 408
58 4 25 1 262 438
44 5 5 6 546 701
12 1 29 3 355 440
19 21 30 2 309 402
60 31 13 1 260 324
57 67 11 5 586 692
15 17 5 3 217 403
13 97 13 2 490 583
60 93 10 6 476 760
64 14 28 4 595 676
46 83 24 2 262 512
59 24 8 4 257 417
20 39 24 3 227 484
100 84 22 6 545 653
7 97 18 5 241 531
8 76 21 1 390 472
18 40 18 1 637 798
89 64 30 6 393 495
23 76 19 6 612 696
92 30 30 5 418 678
33 9 28 4 689 758
88 13 14 3 223 383
46 13 18 5 415 601
4 16 17 3 217 477
58 51 5 3 355 617
79 24 10 7 427 717
33 57 19 1 411 669
93 74 22 5 274 417
88 28 12 6 253 365
59 56 7 4 602 800
54 80 24 2 394 487
62 32 26 1 486 692
100 100 23 1 323 506
93 5 16 3 452 613
66 33 10 7 296 356
83 97 23 4 496 565
34 12 10 2 562 786
75 35 12 1 359 459
88 49 28 3 402 481
65 58 6 4 322 591
13 38 28 7 490 782
25 13 18 4 446 725
41 94 21 4 469 534
2 29 14 1 347 407
63 37 18 6 379 605
22 45 11 1 474 585
3 75 10 1 467 723
27 91 17 3 324 586
80 15 19 7 423 575
24 56 7 7 577 704
2 9 16 4 528 772
74 85 29 5 431 503
70 37 20 4 443 742
96 13 21 2 369 601
41 0 25 6 703 799
54 27 23 6 342 598
20 58 29 7 469 562
77 15 26 2 256 398
83 18 21 2 469 733
37 82 24 5 251 427
49 59 19 4 318 522
67 76 30 4 276 434
26 1 21 2 492 663
9 25 21 6 358 626
86 6 16 1 424 616
44 35 14 3 472 563
70 72 19 2 722 783
64 70 24 5 504 681
33 90 20 1 443 563
100 13 7 6 556 740
33 59 7 2 213 374
87 6 10 7 285 405
81 19 25 2 584 783
20 0 23 6 390 592
47 23 25 2 206 449
59 33 7 5 340 509
7 26 30 1 586 655
30 9 21 4 506 769
74 57 19 3 408 472
70 36 24 5 725 791
23 6 5 6 525 626
82 90 15 6 478 567
75 63 8 3 315 444
39 51 19 4 490 573
58 32 19 4 569 647
2 54 24 7 225 365
36 82 20 3 351 639
52 86 15 3 676 772
66 91 28 4 639 789
100 99 10 3 533 759
48 8 10 3 254 439
67 78 22 3 436 575
7 88 22 6 641 726
99 79 26 2 479 728
0 48 6 4 512 579
72 83 27 5 598 712
62 80 25 3 298 447
3 65 25 6 512 727
81 81 27 4 208 315
89 34 9 3 470 624
79 90 14 3 671 796
13 100 7 4 455 573
23 15 20 7 329 501
33 49 24 1 287 389
91 25 14 6 507 713
84 12 10 7 224 379
87 0 25 7 533 635
86 0 18 6 443 644
37 3 5 3 460 665
69 84 11 7 528 629
73 53 14 6 233 517
54 56 13 2 283 378
22 49 14 6 249 346
55 1 16 1 377 481
67 12 5 4 313 535
100 60 22 4 215 277
66 2 10 1 593 681
13 20 11 2 475 667
67 26 24 4 418 694
49 45 16 7 579 714
59 28 17 6 610 718
99 14 24 3 407 512
73 67 15 1 381 485
26 87 9 7 398 561
12 54 29 2 253 317
90 73 12 3 227 424
39 8 17 6 438 704
17 64 5 1 378 445
83 61 7 7 462 578
54 41 24 1 598 736
78 51 6 5 335 499
2 68 9 6 351 422
39 93 30 4 532 659
89 47 8 3 336 583
9 22 6 5 205 404
87 87 5 6 410 691
75 31 14 2 518 782
27 62 30 5 512 778
45 78 23 1 442 521
54 79 15 4 477 605
28 29 5 6 355 523
15 37 30 5 357 537
23 46 23 7 275 339
94 46 7 1 241 456
17 91 17 7 570 762
9 33 18 6 407 472
3 59 28 6 604 796
38 69 16 7 224 396
8 13 29 1 456 583
20 81 13 4 386 457
35 79 8 6 323 400
79 99 30 2 204 420
85 33 13 3 313 453
8 87 12 2 381 545
95 99 6 1 520 581
8 58 27 7 559 668
21 28 13 2 329 437
39 45 30 3 381 529
18 82 15 3 399 512
35 35 25 4 210 403
53 95 27 6 329 561
41 50 29 6 395 685
11 73 19 5 374 492
11 77 17 4 314 459
73 89 25 4 258 481
80 99 26 2 536 713
96 23 19 3 580 734
88 93 11 6 400 500
67 24 10 1 406 475
5 10 15 1 495 639
56 43 7 6 420 705
34 44 24 4 290 358
46 51 20 4 432 495
7 96 12 4 535 740
26 85 22 3 329 447
22 89 30 3 362 535
75 72 15 3 651 762
8 81 26 2 467 658
41 23 20 4 460 620
57 87 28 7 284 460
73 37 19 4 500 690
53 43 16 5 613 698
23 52 10 1 443 568
51 83 10 5 407 641
30 27 28 7 227 346
97 84 13 2 350 617
49 13 20 2 552 702
13 80 15 3 306 572
79 26 19 1 417 578
42 91 20 4 584 687
3 76 5 3 228 381
36 69 29 6 390 488
6 3 11 6 442 534
15 57 17 5 257 478
0 58 24 2 288 517
80 52 24 5 264 401
45 29 15 1 359 476
70 59 10 4 400 493
18 99 21 2 538 628
95 40 8 6 400 664
61 79 8 5 355 562
54 37 7 4 437 546
21 67 19 4 532 781
3 16 27 3 371 575
54 7 26 2 286 431
50 53 16 4 304 376
72 30 18 3 601 752
31 70 10 2 506 753
23 34 8 4 236 310
29 80 9 3 384 520
16 25 13 4 404 658
13 2 24 3 562 636
98 82 5 4 381 594
24 65 20 6 673 794
67 65 11 3 204 444
86 18 28 6 419 481
14 70 28 6 716 794
18 17 5 3 506 612
89 23 16 4 212 481
12 4 27 1 547 629
16 27 30 3 300 503
62 83 9 1 346 455
66 53 8 1 650 741
39 35 18 5 206 432
10 83 12 6 546 629
86 41 27 6 250 444
98 52 5 3 506 784
84 33 9 1 459 600
74 1 15 5 388 554
29 44 6 6 278 486
24 54 14 4 690 786
68 17 27 4 591 665
21 85 16 5 563 786
7 78 14 1 228 308
43 47 9 5 249 394
9 15 13 7 376 462
5 78 30 3 479 773
86 50 17 7 304 597
91 85 13 4 501 700
53 24 14 2 261 519
27 26 19 5 403 577
95 32 28 4 240 444
23 67 10 4 458 597
77 48 24 4 402 602
22 17 11 1 527 640
51 81 6 3 228 388
66 18 21 6 633 730
89 78 15 6 450 698
4 100 18 2 649 750
7 84 23 6 427 536
75 17 10 3 413 656
68 34 27 4 358 556
64 82 17 3 330 400
43 97 22 2 423 518
79 72 20 4 614 732
24 19 22 1 574 786
21 48 25 6 579 639
46 79 23 5 255 358
62 29 26 1 249 356
92 87 9 6 613 796
2 36 21 1 428 684
75 38 23 6 302 534
72 48 12 7 489 601
54 36 10 4 350 454
30 63 27 4 527 764
17 71 26 2 314 573
91 82 15 5 469 665
43 63 26 4 424 486
1 83 20 2 409 583
41 59 30 4 233 479
23 21 18 5 243 351
94 76 7 1 376 673
4 71 7 2 330 437
81 52 17 3 355 638
21 98 26 5 300 587
82 35 24 3 238 336
35 8 28 5 511 630
39 26 8 4 647 724
64 37 12 2 333 630
96 22 11 3 481 671
48 43 26 4 338 551
12 38 17 4 463 676
40 26 13 5 353 613
21 91 20 7 316 570
52 99 10 4 278 344
75 4 9 3 256 367
31 59 12 2 584 648
10 35 19 6 367 616
63 77 12 4 567 794
63 47 7 7 431 714
12 62 11 7 271 489
49 92 9 6 500 563
79 66 5 3 641 748
67 33 14 2 275 373
93 59 17 4 288 348
83 55 20 2 331 481
49 12 20 6 279 529
33 13 26 6 495 609
89 36 11 1 521 652
16 76 22 3 584 691
100 63 25 1 217 469
19 54 15 6 221 306
48 78 18 4 393 514
97 34 7 5 315 608
51 55 25 7 222 433
89 31 12 5 200 315
47 78 25 1 313 489
53 7 30 6 537 612
5 42 17 1 514 610
10 25 18 3 233 484
55 88 28 1 403 564
69 19 26 3 303 388
29 22 16 1 238 514
42 6 13 3 212 337
64 26 24 5 332 393
100 37 11 2 493 561
86 70 29 6 674 774
56 60 16 2 523 639
54 97 27 3 571 672
57 99 9 7 354 584
90 11 16 7 342 549
32 79 28 3 205 462
57 76 29 2 293 355
63 49 9 6 501 789
21 89 21 4 287 505
4 25 29 6 603 743
18 78 8 1 469 562
42 71 20 2 328 484
16 54 12 7 478 719
84 71 24 3 399 572
33 1 16 3 233 326
25 49 30 4 550 680
85 47 5 1 543 713
32 5 28 2 269 425
12 8 10 1 329 452
8 19 21 7 389 648
72 81 24 5 445 730
71 51 15 4 259 335
28 21 24 1 489 564
15 22 13 6 248 424
26 26 27 2 411 531
88 63 22 4 215 368
64 55 23 1 472 542
15 67 12 2 491 578
18 2 14 4 258 416
98 88 8 6 597 753
41 65 8 3 492 773
62 78 24 7 578 745
71 35 14 1 539 614
74 27 15 3 287 424
2 48 11 5 416 539
40 11 13 7 584 721
30 95 8 2 372 534
36 43 13 3 624 789
40 41 8 4 624 798
20 48 27 1 469 757
55 0 8 6 387 511
0 67 8 3 527 792
98 97 9 1 465 653
90 57 12 7 552 724
62 56 8 6 383 521
74 58 21 1 296 434
74 80 30 2 583 749
8 77 29 7 554 712
47 18 20 2 296 362
14 24 30 3 238 467
76 36 26 1 307 548
49 0 25 6 683 791
83 30 10 5 239 429
56 92 12 3 331 496
41 77 8 3 574 713
56 49 5 2 240 414
13 33 21 2 297 593
37 47 15 5 274 464
92 5 16 6 386 643
47 17 7 5 374 461
4 38 27 4 367 586
95 37 30 5 222 465
95 19 16 1 469 568
60 22 10 3 331 547
43 13 7 1 400 540
1 72 28 4 506 757
45 39 23 5 511 621
68 40 5 1 456 543
47 86 20 6 536 696
7 16 10 7 418 530
11 33 27 5 464 758
27 22 8 4 421 697
75 3 20 1 397 579
38 86 13 6 315 566
21 57 18 7 430 601
92 96 5 1 381 531
30 34 12 4 555 705
16 72 9 2 552 642
21 3 16 6 301 479
85 1 26 4 320 524
26 36 15 7 565 649
8 34 15 4 506 703
34 83 28 1 322 476
62 68 28 5 602 713
85 2 12 1 530 680
18 16 25 6 303 600
25 2 30 1 560 780
68 32 11 6 361 585
15 32 16 2 324 577
70 13 27 2 432 572
16 22 22 7 332 594
23 38 19 3 220 515
89 0 27 6 492 641
43 53 9 1 657 747
66 11 14 4 674 795
41 24 28 2 509 766
74 19 24 1 349 529
40 46 17 7 233 366
69 41 7 7 339 558
90 80 13 1 489 706
99 17 11 1 526 738
65 71 10 4 634 698
28 83 30 7 480 548
20 11 5 6 336 489
4 72 18 7 486 619
89 29 23 4 224 367
64 93 19 7 560 696
46 5 22 6 231 468
55 23 30 3 609 673
16 75 30 1 372 648
46 84 14 5 384 452
92 98 24 6 531 777
29 14 29 2 502 651
82 88 13 6 420 565
9 14 6 1 663 785
69 34 23 1 429 535
74 32 26 5 231 433
82 6 29 5 381 561
40 60 16 7 517 788
43 67 7 5 215 313
67 47 9 2 708 772
81 74 17 3 355 611
18 97 21 2 415 542
18 83 10 7 568 712
45 82 7 3 496 658
70 48 10 3 321 479
67 68 29 3 494 693
52 62 8 5 496 789
4 97 22 1 488 561
85 19 9 4 265 338
20 50 20 3 204 393
30 100 15 4 536 727
50 4 28 6 653 734
46 33 8 4 379 516
82 49 29 6 444 744
97 74 14 5 404 527
48 32 10 4 669 755
1 49 14 1 382 607
29 53 23 6 243 351
53 60 17 4 573 678
73 44 16 7 549 799
54 98 15 4 486 621
32 35 26 2 261 409
33 60 17 6 342 609
33 21 8 3 665 800
36 2 18 4 446 746
16 31 17 6 689 757
17 76 11 1 553 625
83 15 28 1 375 457
6 81 14 4 338 547
66 23 16 1 312 567
90 65 28 1 391 528
19 16 22 5 364 581
42 31 28 4 467 596
23 1 23 7 621 796
88 46 17 4 398 528
72 76 28 1 226 334
96 93 19 3 665 753
56 9 25 1 536 788
7 25 21 3 547 695
14 37 6 6 204 377
20 10 20 3 262 517
49 48 12 2 242 374
76 58 23 4 599 714
2 62 27 1 582 723
54 10 17 3 302 431
45 89 24 5 439 707
48 31 18 4 573 781
38 65 20 7 610 729
66 5 23 5 534 772
21 56 15 2 211 335
44 75 27 1 588 733
45 74 20 6 346 502
77 59 22 6 410 501
81 57 8 4 329 610
51 15 15 3 438 584
82 100 24 6 697 779
83 10 29 4 248 333
82 23 19 2 273 413
81 21 22 6 412 547
36 66 18 3 547 697
78 74 6 6 601 791
53 53 9 1 604 664
19 15 17 3 206 300
30 75 25 5 291 449
91 34 30 5 599 783
44 57 19 7 301 441
36 12 29 3 329 571
44 48 9 3 455 644
48 25 11 4 440 578
96 53 9 4 271 460
52 59 11 3 430 619
