894
31 63 0 0 0 0
5 96 25 2 469 734
68 61 15 4 450 745
51 63 17 5 236 333
29 8 18 6 555 704
41 87 24 2 620 687
70 27 5 6 643 748
36 32 9 7 539 792
82 62 19 1 247 441
45 80 23 6 246 497
39 11 27 3 416 650
85 16 7 7 201 414
69 14 27 1 397 476
78 74 7 3 617 733
35 58 16 4 532 650
64 49 24 5 466 681
65 46 13 7 537 631
59 16 25 7 300 411
10 37 26 4 232 352
97 73 29 4 543 736
44 29 17 5 392 617
29 55 10 6 560 749
82 2 23 7 276 452
99 52 18 6 326 416
76 23 29 4 442 731
78 93 6 3 446 622
94 65 26 4 618 704
0 73 6 7 344 599
80 79 12 4 466 681
53 13 24 4 289 374
26 5 7 4 609 688
1 6 12 2 492 559
18 75 14 2 480 726
58 98 19 5 422 559
95 24 21 3 623 756
89 37 14 3 567 639
97 65 23 6 630 696
41 15 30 6 304 586
44 18 18 7 437 525
24 98 7 1 372 615
54 2 20 3 633 696
79 23 29 7 229 517
76 3 7 6 445 720
10 27 29 5 437 597
87 74 20 2 477 552
65 10 6 7 560 659
8 78 13 3 559 774
65 0 5 4 401 565
52 39 16 3 480 702
38 24 17 4 470 539
38 63 9 4 542 773
72 40 21 6 288 455
49 50 11 2 669 741
56 94 19 7 282 559
79 94 18 7 608 747
81 29 21 4 595 792
62 56 19 3 224 435
54 95 19 4 222 522
24 57 18 1 277 421
39 65 17 5 541 644
90 16 8 6 329 533
57 0 11 7 460 550
44 93 6 2 238 405
3 95 27 1 350 612
17 14 6 6 278 401
38 39 23 6 535 628
10 42 30 5 304 404
72 70 9 1 293 544
26 7 18 6 678 750
20 32 9 4 219 452
47 1 26 5 463 692
8 30 13 1 402 465
9 73 27 2 443 542
83 75 26 4 542 676
51 69 20 4 473 672
77 47 16 1 388 638
95 14 5 6 440 616
97 52 8 4 459 660
81 83 27 2 223 298
33 58 23 6 490 730
35 81 28 2 606 672
10 24 19 5 570 796
45 15 11 5 317 458
46 81 9 7 591 676
91 98 28 2 505 653
65 77 26 4 258 429
81 90 6 1 599 749
16 51 7 1 487 565
59 40 17 2 374 481
28 95 9 5 492 640
48 52 10 3 622 795
22 55 26 5 662 742
75 30 28 1 443 615
45 25 5 4 422 669
83 65 5 6 270 413
88 36 29 3 479 671
94 32 16 4 289 511
43 20 18 4 284 368
27 47 27 4 450 580
41 93 27 1 601 749
31 91 7 3 501 756
28 25 24 6 376 515
79 38 24 7 334 475
30 23 15 5 434 614
20 29 30 1 448 639
99 39 6 6 226 336
7 8 17 6 515 705
54 76 14 4 668 780
51 73 10 6 366 467
86 52 9 4 320 573
26 65 23 1 356 494
51 32 16 3 332 449
27 64 30 4 521 659
30 53 16 7 568 673
50 33 17 5 295 535
82 72 13 3 664 791
98 42 17 6 487 616
80 83 29 5 392 501
87 38 26 3 512 575
65 90 27 7 250 378
3 45 10 6 412 625
62 41 20 6 215 331
50 31 9 5 410 559
38 68 7 3 260 511
64 3 13 7 400 607
55 54 18 4 205 320
10 88 22 3 318 513
76 11 20 1 577 763
25 31 24 2 450 527
7 68 27 6 671 797
51 83 17 6 584 685
39 44 30 7 599 750
61 24 24 7 470 649
33 60 13 3 234 394
75 33 15 5 646 759
25 32 25 5 432 571
74 44 13 3 274 341
61 94 5 7 202 320
66 98 27 2 250 409
5 45 10 5 320 525
64 11 21 1 372 540
21 75 18 6 578 781
83 31 14 2 713 797
44 1 10 1 541 772
8 49 22 3 518 712
79 47 11 4 594 753
53 29 9 3 418 491
13 9 21 1 460 637
34 22 23 4 340 561
4 75 24 4 429 622
79 35 28 7 299 465
42 16 18 6 576 697
73 12 6 3 472 637
38 32 9 6 402 496
15 91 11 7 373 672
35 31 16 5 521 612
76 71 8 2 496 630
42 99 21 1 349 440
31 25 23 4 569 685
69 12 8 3 424 525
28 6 21 2 491 662
12 21 9 1 261 345
38 45 24 4 219 361
82 98 17 7 212 471
13 81 18 5 504 650
79 37 16 1 369 458
33 77 20 3 491 787
51 33 29 7 376 467
36 18 20 4 440 600
18 48 8 4 228 485
29 76 27 5 452 606
54 64 22 5 401 473
10 55 26 1 219 335
89 23 29 3 472 576
65 55 7 5 580 724
77 90 5 6 328 517
68 83 12 6 206 394
75 57 12 3 429 704
4 30 7 3 311 477
35 87 11 1 354 512
78 95 28 7 590 753
38 94 26 5 357 539
44 92 10 4 254 511
98 96 11 4 475 661
82 96 30 2 474 768
97 82 19 6 373 619
29 43 28 5 265 334
12 52 10 6 675 738
23 80 29 6 261 538
78 43 17 4 384 502
62 48 30 1 649 748
52 84 21 1 729 792
23 12 22 4 251 439
10 99 25 3 676 799
22 43 26 1 385 504
10 16 11 1 354 617
11 4 11 4 320 403
65 84 30 3 252 333
5 84 28 2 638 754
0 93 9 5 402 479
2 81 5 3 249 326
65 58 27 2 531 779
35 54 25 6 536 651
85 29 7 1 324 545
2 1 9 2 228 433
97 81 20 2 508 766
87 58 9 5 608 773
10 66 10 6 583 696
13 1 25 1 282 366
24 45 27 5 467 545
93 40 8 7 461 577
83 91 11 5 372 671
25 97 20 2 517 742
78 0 5 2 513 787
33 85 10 2 270 485
94 34 24 2 246 482
87 41 20 2 576 684
64 72 25 1 426 659
98 51 19 1 328 607
1 62 19 1 208 440
42 2 30 7 615 771
95 30 8 3 271 372
51 92 21 2 426 689
40 78 16 1 474 552
63 56 29 6 417 676
8 76 7 6 334 515
47 59 24 6 533 615
58 48 25 7 408 508
37 67 19 5 577 677
80 100 24 4 568 657
94 50 12 7 370 568
52 68 9 5 440 505
59 57 15 5 597 797
70 70 19 2 249 386
80 75 21 6 680 754
65 74 6 4 298 426
39 3 8 7 429 567
22 54 12 1 666 798
27 68 15 4 265 563
10 91 8 5 418 574
80 98 29 1 306 502
73 27 17 3 249 444
32 35 8 5 249 507
46 20 21 2 331 627
91 47 17 1 418 672
24 77 13 5 478 696
47 24 23 2 500 681
24 13 15 6 323 586
94 16 13 6 309 525
21 83 18 1 229 485
68 37 14 7 318 585
63 83 30 1 544 606
2 51 21 7 341 619
14 46 11 3 534 775
63 8 10 7 231 293
50 70 25 4 564 680
44 67 10 5 416 557
60 83 8 3 411 701
59 73 25 5 238 383
5 73 24 3 384 626
24 55 8 6 561 643
87 67 29 4 208 303
89 42 14 4 683 752
68 45 27 5 612 734
15 67 29 1 245 331
27 90 10 7 315 376
73 37 15 4 572 677
97 58 25 6 453 667
100 26 24 2 540 620
60 11 19 2 438 676
7 24 9 5 317 463
35 75 23 5 458 702
28 9 23 7 440 506
25 84 12 1 553 670
71 0 21 2 514 622
30 62 20 2 304 395
65 54 9 5 368 536
89 55 8 5 225 449
50 51 11 7 581 701
27 67 25 6 387 477
28 69 7 7 283 520
57 53 26 2 595 731
82 39 18 5 312 399
26 0 16 6 618 679
96 53 7 7 595 705
92 35 21 5 542 649
30 55 30 2 261 427
48 66 16 2 487 710
36 76 17 5 379 487
23 6 21 2 534 788
64 8 13 2 507 573
70 98 5 5 202 271
26 25 27 4 341 493
26 73 29 7 355 573
67 24 9 3 205 305
77 29 11 7 503 709
31 78 10 5 258 397
71 16 29 1 383 661
96 11 12 6 561 634
12 57 30 3 493 705
49 75 23 6 396 543
95 49 26 3 254 429
11 83 29 5 609 794
69 33 29 1 208 290
8 17 26 5 228 355
23 89 27 5 445 596
34 97 29 1 538 709
53 89 9 3 484 573
20 9 30 6 553 668
76 51 8 1 349 631
68 5 9 6 468 564
87 55 8 5 579 691
16 21 25 1 409 610
71 17 22 5 523 597
34 78 7 6 344 621
55 80 6 1 260 338
84 6 27 5 580 798
41 85 7 7 486 726
35 32 6 6 308 537
34 51 17 7 586 779
15 4 8 6 352 568
74 53 22 2 562 658
60 64 11 1 557 795
39 18 24 5 531 684
51 74 17 2 252 453
82 8 14 7 356 523
8 45 29 3 512 728
85 9 18 6 210 455
92 52 18 5 590 751
70 24 29 7 520 775
79 98 21 3 583 681
28 5 17 4 445 643
21 11 5 2 659 730
77 31 11 2 464 753
16 28 16 4 235 428
79 71 14 6 377 571
61 90 15 6 453 557
71 75 27 4 521 629
58 75 20 5 570 743
80 10 12 4 401 679
25 0 23 3 457 603
63 95 16 4 542 608
32 89 28 1 267 405
15 60 26 7 598 766
63 43 23 5 436 541
9 93 26 3 396 466
70 46 11 1 312 568
7 54 8 4 571 738
1 14 16 5 209 508
47 66 16 5 471 556
5 10 8 7 299 512
53 60 9 3 525 731
98 0 22 6 302 411
100 38 26 3 435 584
87 86 9 2 659 750
74 30 5 3 674 798
7 31 6 1 631 751
49 9 8 2 241 536
20 88 29 3 252 378
46 89 14 2 541 674
57 23 28 1 223 521
93 75 26 7 518 672
42 59 27 1 410 629
70 45 6 3 546 658
75 67 9 7 630 787
58 0 6 7 200 478
62 13 20 7 428 547
78 38 5 6 602 774
89 22 12 4 473 617
20 60 19 6 535 741
49 34 13 3 555 744
22 45 12 7 422 557
89 48 28 7 401 664
70 17 23 4 254 492
13 94 28 2 671 766
78 51 5 5 503 776
66 42 22 6 322 395
82 85 16 4 254 443
97 1 26 2 473 556
61 76 19 1 550 611
91 46 9 5 607 753
57 65 19 5 249 441
46 58 5 1 540 641
94 70 11 7 425 567
61 96 16 5 396 672
77 97 13 1 292 392
43 0 9 1 262 421
56 90 14 2 352 458
69 57 19 1 230 516
54 0 6 7 518 582
91 57 22 6 546 656
25 26 5 7 558 745
18 90 13 3 418 496
93 70 13 1 567 726
56 11 16 4 373 504
64 76 7 5 568 766
24 99 22 2 492 663
28 65 25 2 444 645
46 28 9 1 479 750
79 7 17 4 390 640
7 63 25 2 207 364
57 52 6 1 412 577
19 73 12 1 396 551
48 36 22 6 638 741
76 29 22 4 408 630
58 29 22 1 323 568
25 76 28 2 497 793
7 51 13 6 248 445
30 60 29 3 468 572
29 12 15 1 228 500
91 28 22 3 393 485
7 5 12 3 307 565
61 60 5 4 601 730
69 91 17 5 442 636
27 89 14 4 501 689
59 10 16 5 213 337
61 59 24 4 224 303
23 36 7 1 380 511
39 6 26 5 398 598
17 62 12 1 392 670
12 33 23 5 666 731
82 58 13 7 236 299
79 4 19 7 584 696
60 26 17 5 507 659
77 32 9 5 205 455
21 93 11 5 560 727
54 50 9 7 306 489
59 17 27 1 332 594
1 67 15 3 545 696
93 18 30 3 572 721
51 88 20 3 323 419
92 43 30 2 237 357
90 60 10 3 345 634
25 88 22 7 478 761
75 92 26 3 477 580
100 67 10 4 438 696
84 52 15 3 218 477
64 55 19 2 570 633
12 0 13 7 584 679
19 14 25 2 408 547
54 67 29 3 337 494
11 19 24 7 441 632
34 9 24 1 428 620
88 99 21 2 322 528
71 53 11 4 518 743
57 42 11 1 493 581
99 68 29 3 233 310
25 45 21 2 423 678
31 95 18 5 441 665
13 66 22 5 229 511
44 53 25 5 356 430
71 92 25 2 446 733
47 22 8 1 407 679
15 2 10 6 356 546
26 24 17 7 334 466
54 39 20 2 362 455
2 13 30 5 424 637
36 17 6 5 389 506
1 0 11 7 203 271
33 89 8 2 252 422
34 66 9 1 245 358
84 33 28 1 656 753
96 67 18 7 433 506
66 39 26 2 636 753
29 100 29 7 360 513
80 35 27 3 428 660
82 10 7 7 509 684
65 16 17 6 370 442
75 40 24 3 282 508
2 47 28 3 287 543
24 8 6 3 347 458
13 10 19 5 543 698
79 43 28 2 559 630
74 97 25 2 264 506
13 61 30 4 399 576
62 87 10 1 286 446
35 6 25 2 485 598
6 8 19 7 422 592
81 18 12 1 455 563
86 28 25 4 508 741
44 32 15 2 240 454
25 68 21 7 332 459
1 85 19 5 364 609
98 49 30 4 572 646
45 51 6 4 665 739
83 52 9 7 233 438
79 16 12 4 202 324
60 53 7 3 377 587
37 12 14 3 531 716
36 16 9 5 688 753
43 42 14 3 402 528
61 2 18 2 268 544
56 63 9 5 236 387
55 55 22 7 423 626
12 84 10 4 334 479
40 50 23 7 425 487
7 39 6 5 291 559
10 36 12 3 213 287
89 38 14 4 489 710
26 46 18 4 416 520
49 26 12 4 466 580
64 92 14 5 258 378
31 96 24 2 252 530
17 15 21 6 615 721
22 74 21 3 362 584
1 42 28 3 407 544
12 19 30 4 209 393
61 37 26 4 239 460
74 45 22 7 309 372
34 37 7 1 301 548
95 67 28 6 242 348
81 85 27 3 569 756
15 86 25 5 601 663
71 54 21 7 231 295
99 30 22 1 331 396
23 27 9 7 433 625
48 61 11 2 332 502
100 52 11 1 372 581
86 18 16 5 313 588
79 85 20 2 419 700
4 25 18 1 349 428
0 0 8 4 204 471
96 77 12 6 259 324
67 65 25 5 628 774
5 6 26 7 276 402
74 15 11 7 431 604
1 91 29 3 387 475
31 94 30 2 504 592
30 33 24 1 253 446
79 41 21 4 272 511
93 88 21 7 461 581
63 17 26 4 308 454
13 84 10 3 277 441
67 87 24 2 308 561
55 20 22 4 374 570
99 63 11 1 671 757
29 69 16 4 518 755
46 91 15 5 563 726
28 85 16 3 568 697
65 63 9 2 489 607
26 27 26 1 456 628
80 48 12 6 419 688
46 92 6 1 498 612
59 13 7 7 394 469
0 29 27 2 431 718
17 49 25 3 421 494
4 81 6 4 298 590
29 74 10 7 368 455
73 5 15 6 334 594
41 80 24 2 582 739
70 84 28 1 295 451
25 24 26 2 623 691
43 73 24 1 236 486
92 19 20 6 381 453
60 34 30 3 589 750
0 26 14 2 438 684
23 87 8 6 418 621
41 67 19 1 246 467
13 19 22 1 386 577
35 35 5 5 654 783
40 31 17 5 360 589
21 78 11 4 713 787
98 64 18 6 677 760
12 48 28 7 286 415
1 65 7 3 402 542
55 92 27 5 378 619
31 47 18 7 466 698
37 90 5 5 423 649
25 37 19 4 464 584
97 60 22 2 355 465
75 74 12 1 514 789
33 59 17 3 387 544
4 57 24 4 498 678
82 90 16 3 515 671
70 11 21 4 328 452
58 100 27 3 437 710
0 59 15 4 353 607
10 90 30 3 591 717
94 44 7 1 320 470
39 79 20 5 385 528
32 98 15 6 266 501
73 82 6 4 491 596
14 24 30 3 443 604
52 21 7 7 517 624
76 53 11 4 494 583
75 47 10 6 394 673
10 46 12 2 233 370
84 8 27 1 414 589
37 72 23 7 439 533
55 49 23 5 655 755
38 22 14 4 515 624
98 71 27 3 562 659
92 18 17 4 403 631
25 55 24 4 451 599
68 50 25 5 481 541
87 83 12 2 269 479
97 38 21 5 602 679
0 5 19 2 201 276
63 79 11 4 631 764
47 26 27 7 397 684
11 100 18 2 242 492
1 16 7 1 290 448
94 15 23 3 421 516
1 23 16 5 540 629
71 71 24 2 355 644
9 74 17 5 681 796
78 85 24 5 619 705
26 81 30 4 219 445
41 4 10 4 304 514
15 80 11 6 535 795
39 59 21 4 318 509
88 95 18 4 334 491
28 90 8 5 389 553
25 87 5 2 495 625
56 73 18 4 327 422
83 16 10 1 206 475
47 35 25 2 591 787
0 70 11 1 515 606
71 21 27 7 267 345
0 40 19 5 414 634
92 53 24 6 438 561
33 10 11 3 270 528
10 73 30 2 500 651
10 81 5 2 260 361
33 46 8 5 286 359
49 42 5 3 401 597
60 68 18 3 259 472
60 69 11 1 315 418
22 61 17 6 406 553
28 43 30 4 245 438
6 70 6 4 306 369
0 92 5 1 313 449
9 77 14 2 704 781
53 74 20 7 400 472
60 54 25 5 205 342
65 89 16 7 536 658
61 49 14 5 320 443
29 62 25 5 243 464
18 6 13 6 299 424
16 76 18 2 358 646
7 97 8 6 447 605
9 65 27 5 423 686
30 47 24 6 396 688
21 1 27 4 344 594
72 54 8 3 605 767
65 83 15 1 212 444
55 86 18 7 241 497
28 62 29 3 281 388
74 13 17 5 482 761
2 96 18 6 330 626
96 36 8 2 439 653
56 95 23 2 204 273
25 89 22 7 498 781
94 64 12 1 337 559
65 68 24 7 549 777
54 88 20 2 340 620
16 74 22 7 491 692
22 39 22 7 445 676
48 9 9 4 401 649
99 79 12 7 671 798
51 55 30 5 517 707
60 12 13 2 265 448
93 57 7 4 205 414
15 63 8 7 400 588
44 34 23 3 587 658
52 12 22 4 492 665
3 7 5 4 509 584
96 40 13 3 650 798
29 4 15 4 320 437
95 36 8 2 254 440
14 81 16 6 223 476
57 95 30 1 610 680
54 46 15 7 463 763
32 49 17 4 536 608
67 43 21 6 361 654
27 2 9 2 614 688
76 97 27 6 496 565
84 25 16 6 571 677
88 100 11 2 352 576
48 81 24 6 275 512
34 56 19 6 219 375
81 93 6 7 588 760
95 42 7 6 478 766
51 20 8 1 598 668
28 89 16 3 372 549
22 7 24 1 717 789
75 35 27 4 367 545
65 47 6 4 210 280
92 70 30 5 398 490
21 100 28 5 216 378
77 69 8 4 580 762
42 14 11 4 526 745
48 71 23 2 396 467
33 33 22 4 287 399
68 89 23 2 662 767
78 81 23 1 342 621
96 17 21 7 530 622
49 69 14 7 581 690
4 19 16 2 485 571
48 62 19 1 375 628
50 13 22 4 281 573
46 24 25 7 332 486
91 41 21 6 499 707
21 87 22 7 572 654
34 15 29 5 409 536
72 92 20 4 374 584
12 45 20 1 622 744
79 92 14 2 685 776
7 19 17 2 238 406
20 68 8 6 433 547
2 74 30 3 318 599
40 51 30 3 234 386
56 49 5 6 340 605
74 5 11 4 518 698
76 39 28 3 545 614
57 97 28 4 370 547
85 34 13 4 328 582
19 16 15 7 288 349
14 23 27 5 517 645
83 98 8 1 290 516
47 79 15 6 263 522
46 43 29 3 370 663
39 86 23 6 482 613
46 34 11 7 483 695
75 43 11 3 324 440
89 35 17 6 634 763
82 38 20 4 388 448
15 46 15 6 336 588
78 7 20 3 251 315
78 87 22 6 309 447
81 33 16 7 587 741
12 87 27 3 481 612
36 3 24 3 244 471
43 49 16 7 639 773
14 77 23 2 343 619
96 68 26 4 382 647
31 29 24 2 416 499
6 20 7 7 410 646
20 45 6 7 499 752
75 44 20 2 337 478
85 95 13 1 578 776
71 68 5 1 528 601
36 33 23 6 228 477
61 10 24 4 298 383
93 97 25 6 570 800
9 72 27 3 637 742
59 68 28 5 435 672
29 53 25 6 622 709
74 78 28 5 403 591
76 28 8 2 276 512
24 78 11 4 286 517
95 53 15 6 227 408
65 1 21 3 626 730
66 55 12 6 548 749
21 89 12 6 279 572
21 16 14 1 368 558
88 38 6 6 280 580
10 38 24 3 261 405
59 97 27 7 641 791
15 21 21 2 218 433
19 12 10 5 535 605
94 37 6 3 278 451
32 46 18 5 459 587
69 11 12 6 470 622
28 7 10 1 349 416
28 64 12 7 510 653
53 63 13 2 319 440
49 96 18 7 280 391
90 18 7 6 572 785
55 13 26 2 276 349
11 60 7 4 385 590
6 32 12 4 449 610
16 44 20 4 483 574
0 14 6 4 424 590
5 35 6 7 590 772
12 67 25 6 454 666
74 2 7 3 404 568
34 100 5 2 597 657
23 75 6 3 653 741
93 8 10 4 419 563
74 98 18 2 624 691
5 14 8 1 268 507
57 76 24 3 216 386
55 57 8 5 494 703
56 60 13 4 547 725
48 4 27 2 404 492
88 47 5 7 266 464
11 35 6 1 256 325
0 85 21 1 506 797
50 84 21 5 413 583
98 9 9 6 420 647
15 26 12 4 538 698
3 74 19 3 471 626
52 90 20 5 506 673
49 79 10 3 658 738
26 48 18 5 395 466
66 75 7 7 236 303
17 59 16 6 704 792
62 77 27 3 296 461
87 94 15 3 318 560
98 28 30 7 538 657
5 40 20 1 633 742
34 73 18 1 217 514
51 12 15 3 553 671
96 82 24 5 283 524
59 25 9 3 234 350
41 77 27 2 336 542
62 54 18 1 463 560
74 70 25 6 413 614
55 85 27 1 445 613
44 65 14 6 330 564
39 100 14 4 540 691
66 61 6 1 385 496
44 71 5 2 272 503
9 3 23 7 387 490
20 99 6 6 234 533
30 27 13 3 266 477
29 59 21 6 257 468
0 38 23 4 272 462
97 59 11 7 712 786
19 72 24 5 256 547
20 62 30 7 485 698
92 76 25 2 601 740
75 63 9 6 494 767
60 20 10 4 600 707
21 38 26 6 453 723
70 50 18 3 213 508
6 34 14 5 666 752
65 32 7 3 365 514
92 38 30 1 619 742
77 56 9 6 532 760
77 30 27 3 681 751
64 91 20 5 349 441
11 72 20 4 441 638
17 53 28 2 352 507
47 67 17 3 265 417
70 58 14 5 635 725
1 96 10 3 276 406
81 57 21 1 277 527
90 20 7 5 500 579
5 22 6 7 332 483
21 73 12 7 368 527
59 29 16 5 393 454
49 38 11 5 408 590
37 95 28 4 295 550
55 97 21 3 456 701
28 29 27 6 434 532
22 5 30 2 304 539
77 87 29 3 350 639
50 43 12 5 274 395
69 81 27 2 277 510
46 100 24 2 318 577
24 5 10 5 650 796
70 13 28 4 414 551
83 9 23 5 475 711
43 51 22 2 294 565
20 7 28 5 306 510
41 13 28 4 353 455
83 23 24 4 548 616
97 63 19 3 205 420
15 28 10 1 213 401
17 79 19 7 547 765
65 92 14 3 495 660
94 46 14 2 705 773
43 48 20 5 415 551
42 64 22 1 575 709
56 84 10 3 325 408
9 29 26 7 456 703
17 42 27 4 443 524
81 46 22 7 479 548
100 0 28 5 227 521
72 87 20 4 229 417
95 54 23 1 544 730
29 97 5 1 302 436
24 20 23 4 521 745
99 90 7 3 329 453
78 34 16 1 412 585
40 29 9 5 400 463
33 84 24 4 277 573
54 85 8 2 641 739
43 6 25 3 622 708
76 70 16 4 331 592
74 63 21 4 594 742
78 62 23 4 248 501
1 32 27 7 202 468
12 40 26 5 285 484
13 38 7 2 392 682
25 4 29 7 238 530
39 85 27 7 272 455
87 21 24 7 445 562
13 6 27 2 204 310
84 82 27 4 596 703
71 100 14 7 631 776
15 9 22 3 464 647
