1860
100 19 0 0 0 0
75 50 27 1 202 431
36 53 15 1 351 486
13 74 20 5 552 628
96 41 6 3 560 794
87 86 28 4 209 415
73 34 25 7 580 800
80 4 6 4 402 547
15 51 20 4 290 512
44 31 6 4 330 578
13 55 11 7 537 697
21 21 23 7 377 498
46 61 15 6 216 432
99 67 29 7 312 406
40 82 17 7 563 634
30 84 29 6 382 639
39 9 30 1 661 747
1 64 18 4 262 541
41 6 14 3 279 510
25 76 13 1 469 720
45 33 6 1 356 480
22 49 27 2 302 432
7 31 25 3 332 432
62 20 29 2 383 666
73 22 20 2 507 776
72 54 19 6 420 496
80 15 28 7 208 360
18 40 30 5 421 565
87 4 9 3 555 720
71 45 30 6 445 734
67 6 20 4 419 686
52 7 18 6 594 717
66 17 21 5 642 726
35 2 23 1 528 590
16 2 19 4 248 375
48 99 13 1 460 560
26 9 27 6 478 617
30 48 23 5 564 799
41 45 14 5 487 758
2 1 30 6 461 538
6 55 6 6 232 298
26 42 11 1 266 513
13 69 29 2 211 496
62 18 23 5 648 755
81 40 21 2 623 728
54 73 15 6 423 663
4 40 7 7 343 495
60 96 17 1 325 570
95 69 20 3 480 700
73 84 24 5 431 495
55 31 18 5 329 545
46 79 26 2 232 431
64 54 19 7 704 779
63 90 26 3 358 424
7 12 25 7 589 681
80 90 14 4 443 651
67 71 14 3 470 563
25 5 18 5 576 754
60 15 28 1 581 671
43 93 24 5 415 682
52 23 30 1 349 482
57 30 26 2 425 506
97 26 27 3 662 787
8 67 6 1 290 470
2 8 19 3 458 678
66 67 7 2 373 519
26 10 26 7 318 598
42 73 22 2 211 274
60 65 15 3 252 536
10 92 28 6 214 362
14 57 21 3 254 526
54 20 24 7 215 495
83 81 18 7 249 426
29 18 26 4 354 442
11 21 19 6 262 417
51 88 22 1 285 511
76 16 23 3 511 740
61 12 24 5 367 438
52 8 14 7 491 711
56 57 13 2 628 794
7 19 20 4 445 625
26 31 8 4 267 332
37 60 21 5 407 676
74 35 18 3 315 398
69 48 5 2 367 480
6 11 17 4 530 757
7 76 6 3 232 355
55 38 16 4 615 705
95 74 15 6 208 472
5 36 17 6 647 714
6 34 9 5 237 345
32 73 21 2 564 731
25 81 13 5 466 590
79 20 30 3 216 364
93 11 26 4 358 517
33 73 14 7 462 568
55 6 17 4 483 543
15 18 22 4 419 605
26 27 17 1 270 437
41 100 7 5 489 741
72 43 20 5 375 458
42 36 17 1 219 397
57 100 15 7 481 719
38 73 7 7 363 448
43 91 27 5 340 421
70 40 14 6 201 437
100 89 9 4 358 418
85 58 24 1 340 491
84 17 10 5 521 689
87 23 20 6 512 753
95 52 28 5 495 690
66 22 29 4 447 574
69 52 30 4 307 386
2 23 13 4 417 531
52 33 8 2 346 635
43 16 16 3 519 710
14 63 23 1 488 574
99 87 12 1 656 776
29 99 13 1 209 428
98 27 8 2 443 580
84 65 16 4 729 800
16 95 25 5 475 543
68 93 27 6 503 659
50 97 11 4 228 463
91 95 24 6 227 412
90 0 10 6 343 624
57 0 5 1 302 373
67 47 24 7 336 613
8 32 17 6 235 428
69 22 28 5 219 340
90 46 28 1 394 626
99 6 16 3 417 615
78 36 18 7 207 281
9 56 27 4 263 368
55 17 18 4 577 676
82 11 19 4 260 326
55 70 13 4 274 495
36 32 22 4 323 389
22 97 10 7 497 694
48 39 28 2 640 705
83 54 6 5 382 498
0 60 17 1 410 584
67 42 13 7 333 440
87 22 15 5 218 449
84 66 7 4 576 757
16 55 10 6 494 673
76 39 21 7 225 364
87 58 9 3 711 790
94 26 28 6 609 782
83 77 12 2 492 724
32 49 15 6 248 497
77 22 21 6 469 701
24 7 19 6 444 643
25 58 10 1 514 610
46 15 12 1 304 413
98 51 30 2 455 689
8 86 17 3 356 620
41 83 27 7 465 658
4 55 14 1 308 570
19 67 18 2 299 508
87 18 11 1 304 538
43 82 8 5 422 497
95 9 24 1 524 612
23 70 14 1 551 637
73 38 27 5 555 677
73 32 30 3 350 629
63 71 16 5 204 276
21 72 13 1 239 425
30 3 10 4 450 632
4 36 5 5 398 553
19 3 28 3 213 286
39 94 14 7 409 578
67 3 10 3 225 308
60 72 12 3 601 790
68 7 23 6 210 429
3 45 17 1 556 749
93 68 28 2 527 791
75 59 10 4 447 571
5 81 7 5 686 780
24 63 24 6 483 778
16 12 24 5 244 405
28 61 19 1 681 779
41 8 13 1 205 503
11 27 29 5 474 587
41 64 10 7 426 565
94 24 5 4 602 784
90 87 30 6 723 789
79 65 5 3 491 645
25 84 27 4 457 621
97 11 22 3 388 619
61 50 18 4 284 424
17 14 26 4 592 706
75 13 12 3 603 776
19 14 20 5 342 483
44 71 9 4 274 401
33 44 23 4 331 528
69 5 6 1 361 641
62 58 29 1 307 383
60 55 30 5 560 627
70 85 22 5 269 466
43 55 20 7 508 726
31 7 5 1 431 621
29 90 21 5 200 411
62 80 27 6 283 512
38 34 29 4 472 754
1 5 19 7 238 365
88 1 11 6 522 692
24 90 12 3 338 491
64 36 15 4 599 781
69 60 17 6 328 524
60 71 30 3 234 351
75 52 24 7 558 732
39 29 16 2 732 794
63 66 14 4 492 715
28 77 27 3 411 640
77 64 23 7 392 495
53 69 13 4 301 387
88 87 19 7 536 608
21 31 14 1 244 460
13 66 14 7 467 693
80 44 16 2 689 763
63 46 14 5 357 628
82 8 29 6 422 680
23 27 8 7 423 673
32 99 17 5 282 353
31 22 15 5 204 379
57 65 9 2 404 695
13 17 6 7 388 611
80 73 16 6 241 378
5 55 19 4 457 734
31 13 19 6 297 459
95 19 6 5 435 647
97 28 8 1 299 369
11 2 9 5 351 429
49 41 16 6 522 714
96 93 19 5 577 785
59 41 28 4 205 414
97 15 14 4 572 739
29 2 24 4 271 456
32 23 11 6 430 592
56 58 26 7 404 580
17 16 23 1 378 653
59 63 26 2 633 713
0 66 9 5 508 748
71 44 10 7 441 529
80 84 22 2 301 407
45 65 28 5 312 587
6 3 10 7 431 689
6 94 13 6 499 781
43 59 29 6 534 644
10 54 13 1 483 657
71 11 18 4 334 553
88 16 20 7 416 712
53 34 5 3 426 701
21 64 15 5 473 736
86 19 9 4 433 726
93 56 27 6 388 614
14 39 22 5 457 705
67 25 15 6 563 634
24 32 14 3 254 338
86 44 29 6 661 742
82 93 6 7 518 744
36 52 8 2 368 444
68 77 28 3 255 348
8 91 11 7 431 499
56 79 19 7 344 629
52 28 13 4 483 680
69 46 16 7 569 799
84 78 14 1 527 730
67 30 7 5 552 634
32 38 7 6 430 683
15 34 19 7 260 550
84 34 12 7 343 436
94 44 7 7 282 502
69 93 21 7 222 456
92 60 16 3 257 536
98 34 24 6 229 452
61 22 25 2 297 524
80 58 18 6 344 643
88 19 6 3 535 597
27 60 20 2 514 790
5 94 6 1 285 391
38 16 26 7 502 723
13 65 30 5 204 374
14 31 16 7 225 506
49 68 27 7 220 385
68 75 25 4 682 778
9 92 17 7 273 519
0 7 21 5 518 632
26 74 15 3 436 679
69 56 25 6 288 535
57 3 8 3 651 740
76 93 21 3 576 720
69 94 15 4 591 729
30 9 19 3 267 435
54 59 10 5 222 427
47 9 19 2 343 491
2 2 11 2 491 717
45 20 27 5 501 672
35 4 26 7 226 329
40 74 9 3 469 630
37 100 12 4 210 315
72 69 7 7 570 773
15 44 22 6 270 565
31 76 6 7 311 432
35 71 7 5 201 326
99 13 16 1 257 483
32 40 30 2 607 796
1 41 13 2 414 494
62 76 12 4 353 642
94 80 9 7 381 441
44 6 5 4 415 501
4 48 6 3 236 393
78 8 8 6 312 589
47 32 26 7 264 554
44 16 21 7 243 477
3 98 24 3 499 704
96 0 6 6 504 774
78 45 29 5 436 505
76 49 5 6 318 481
36 63 26 6 513 612
74 41 12 3 460 748
52 92 11 3 607 727
43 70 12 1 518 578
50 67 12 5 208 454
37 12 10 3 533 686
45 75 19 2 485 777
54 65 15 3 428 543
89 8 18 5 249 330
68 25 22 4 607 676
42 24 11 3 282 486
16 91 5 5 422 690
97 95 21 2 590 676
54 48 20 3 459 633
70 17 29 1 311 493
8 41 8 3 510 616
37 7 12 4 475 629
10 53 11 7 393 681
33 62 23 3 320 443
54 71 8 3 341 479
7 15 21 7 460 586
81 31 26 7 278 461
76 41 27 5 242 414
7 39 13 5 357 418
51 0 7 5 572 726
15 1 18 2 342 435
5 60 26 6 515 586
9 30 30 5 734 799
93 80 12 5 207 325
28 51 26 1 417 647
10 22 28 3 334 496
43 86 10 1 412 598
45 73 28 7 619 797
60 99 11 5 350 649
64 39 28 2 590 794
8 37 15 7 613 765
16 62 21 7 486 599
43 58 20 1 577 766
53 14 29 1 245 333
91 65 15 7 288 568
35 20 26 2 215 381
51 2 12 5 454 536
39 96 28 5 455 676
47 39 22 2 426 709
75 7 21 7 233 526
100 5 19 4 425 535
100 29 15 7 233 434
30 55 21 4 719 785
67 23 18 6 230 440
25 94 13 5 216 491
17 81 19 5 265 395
46 66 7 4 323 580
98 11 30 6 391 591
57 61 13 4 300 524
62 70 29 5 325 591
81 81 8 6 459 654
65 66 25 3 300 435
51 79 17 5 245 512
5 78 18 1 402 645
47 94 27 7 530 662
59 16 9 7 207 290
29 49 10 6 356 417
8 61 7 4 479 585
22 95 12 6 277 489
69 90 29 4 628 728
30 68 15 5 646 790
59 62 8 7 255 464
96 96 15 3 557 664
0 34 22 7 380 443
81 63 10 2 372 672
42 68 24 4 512 734
95 39 21 5 419 521
30 42 9 2 607 779
67 33 5 7 304 371
50 37 14 2 524 760
53 40 28 1 601 677
34 2 13 7 434 542
64 63 20 5 204 419
77 0 14 7 227 511
61 9 9 7 242 428
95 65 16 5 232 529
29 37 19 7 382 591
2 56 8 4 215 510
15 65 20 5 238 341
27 4 18 7 485 683
61 79 6 1 403 503
17 92 29 7 547 615
52 67 21 2 349 620
65 77 20 5 375 495
29 35 12 6 585 708
18 98 24 4 631 730
94 65 26 4 216 415
54 83 19 1 458 547
12 100 17 4 497 731
1 70 5 5 222 285
46 96 16 6 557 767
76 29 20 6 467 684
48 97 20 4 665 793
0 15 15 6 467 593
46 26 11 6 464 709
52 47 11 2 427 725
68 45 22 1 523 770
54 80 5 5 290 501
9 3 28 3 236 482
84 11 15 5 543 631
11 57 15 1 261 513
66 7 21 5 208 507
45 14 26 7 281 426
3 67 17 5 359 599
13 100 22 4 439 688
27 99 30 4 372 545
35 98 24 6 226 319
5 11 14 2 233 437
1 23 7 7 394 479
65 39 17 1 257 453
54 22 21 4 573 657
17 39 26 7 396 651
89 51 14 1 476 635
1 18 11 4 491 788
79 97 21 1 347 639
54 8 28 4 202 426
0 21 14 6 572 800
95 98 24 6 634 756
22 76 18 7 218 510
51 75 30 5 530 625
99 78 24 6 427 659
69 59 14 5 376 655
84 60 29 2 587 752
91 79 21 1 490 636
4 45 11 4 299 459
0 53 28 3 301 459
57 55 21 5 463 696
54 18 20 7 326 436
48 16 13 7 220 489
47 38 17 2 285 464
68 17 20 3 298 374
82 9 29 6 238 453
76 6 30 5 301 476
76 56 23 3 344 455
0 98 29 6 389 494
78 17 20 4 553 752
23 85 17 3 497 692
50 16 22 4 453 697
81 39 10 5 544 771
46 77 11 6 484 661
13 99 20 7 315 427
74 7 25 6 394 646
42 92 13 7 300 501
24 89 16 5 201 338
20 91 11 1 699 765
50 11 6 3 246 322
82 42 13 5 444 690
60 29 5 3 463 680
59 57 18 6 612 687
9 52 23 3 607 717
32 86 26 1 462 702
71 16 30 3 280 417
73 65 23 7 326 491
63 97 11 4 337 540
17 87 15 4 575 782
13 72 7 6 665 778
0 4 9 3 251 527
76 87 29 3 291 436
70 26 13 3 448 612
74 25 27 1 600 762
73 100 5 5 410 500
29 100 23 6 565 776
87 100 27 6 458 568
99 3 25 2 302 385
21 16 7 6 376 471
85 52 22 3 469 529
90 92 25 5 302 455
56 37 5 6 350 457
34 50 19 4 419 589
40 80 8 7 331 619
84 80 22 7 383 532
84 12 6 2 411 655
65 53 22 1 529 747
93 69 29 7 456 637
91 90 10 3 236 464
43 79 13 6 448 546
6 66 30 2 437 573
34 96 30 6 249 417
3 14 13 2 319 422
5 3 23 7 448 644
23 78 6 2 410 665
87 24 19 7 228 472
46 71 21 1 244 363
1 31 24 3 291 552
45 87 10 4 345 556
68 65 8 5 668 758
28 83 16 6 486 656
29 77 15 5 309 444
1 7 5 2 423 719
32 24 13 2 565 634
95 17 8 4 381 488
63 58 15 5 264 388
39 1 11 3 522 775
2 3 12 5 398 627
18 2 5 4 253 441
15 39 8 4 568 742
96 15 8 3 577 704
59 18 11 2 308 415
72 15 10 5 295 372
56 2 30 5 529 697
22 88 18 5 571 704
57 62 20 7 638 714
54 16 18 7 266 482
37 28 21 3 237 488
29 14 11 2 374 551
6 13 27 4 265 355
74 78 9 3 391 551
77 35 26 2 485 609
68 57 27 4 537 633
74 81 24 7 478 597
63 11 18 5 264 481
46 98 5 6 314 394
59 73 10 7 354 601
0 93 19 7 556 623
55 8 12 6 348 412
4 4 16 3 519 641
46 59 18 1 274 473
37 14 22 7 429 636
74 76 6 2 420 616
30 80 15 6 451 742
68 59 18 3 657 743
60 77 25 1 428 609
52 4 20 2 269 547
68 87 16 7 436 540
89 10 27 6 449 514
90 78 9 1 530 745
81 77 11 6 559 664
90 94 16 2 247 391
44 44 8 7 281 363
87 29 16 7 502 748
84 54 29 6 228 299
91 86 30 7 398 659
73 48 13 2 582 790
85 67 23 5 297 481
49 87 13 2 303 524
58 13 12 5 237 514
86 60 18 3 265 536
31 87 7 4 382 509
32 44 30 2 211 381
67 12 18 1 521 661
93 59 22 2 240 445
1 28 9 6 246 463
49 55 25 3 206 289
67 50 17 3 539 635
62 30 17 1 597 658
93 72 10 2 565 678
83 25 30 3 297 453
4 94 7 1 329 624
22 98 20 5 629 732
31 37 16 3 229 364
72 28 30 5 637 800
89 57 25 4 469 626
2 30 30 3 577 774
3 80 8 5 334 508
94 92 30 4 515 614
13 44 29 2 418 647
18 50 23 4 531 700
92 31 8 2 274 437
85 74 24 7 534 764
18 62 11 6 558 681
42 79 30 1 311 594
8 57 17 6 286 489
70 9 7 7 223 335
16 85 7 5 356 647
52 81 14 1 462 638
91 4 6 3 322 393
76 62 21 6 285 384
37 39 10 1 354 581
72 42 14 4 472 764
82 20 28 3 485 569
27 94 24 3 414 543
22 5 8 4 612 734
65 17 15 5 478 550
47 53 25 3 726 794
68 66 10 7 502 669
61 99 20 1 326 534
26 64 7 3 718 781
29 61 25 3 409 607
29 71 27 3 292 493
81 100 22 7 538 689
0 49 27 1 427 711
10 71 5 2 278 533
72 50 5 3 342 539
19 20 17 5 327 423
4 58 26 2 495 563
88 43 10 7 232 461
1 37 15 2 313 477
23 38 19 2 560 793
4 52 10 1 321 559
69 6 6 7 303 504
66 11 15 2 428 593
13 98 22 5 494 716
94 35 19 5 208 284
68 95 14 4 339 624
48 53 13 3 235 368
98 36 11 4 539 736
91 60 30 4 628 762
18 53 5 1 676 741
17 66 10 4 336 605
9 67 17 3 676 781
53 15 24 3 491 702
34 60 18 7 246 525
30 30 30 4 351 641
87 42 11 3 331 418
35 5 5 2 219 498
11 17 26 1 222 392
21 87 12 6 538 771
69 16 22 2 417 628
81 89 24 2 531 600
88 76 9 2 406 630
51 78 13 2 275 519
25 72 6 1 668 743
4 56 14 7 383 527
33 15 11 2 486 553
71 39 10 3 526 757
11 64 15 6 409 589
66 14 23 3 513 580
4 75 12 6 698 775
32 71 9 2 484 671
3 27 12 2 300 430
43 35 13 7 478 560
78 78 9 5 565 750
59 46 13 2 346 534
24 76 26 5 639 767
19 10 21 3 294 365
63 70 19 1 347 429
52 1 14 4 485 645
81 30 11 1 575 769
66 37 16 6 365 608
48 0 26 7 247 547
100 100 13 4 323 420
69 80 7 5 410 521
90 2 25 7 653 798
27 40 14 2 471 610
27 73 10 2 402 699
79 21 29 1 440 698
19 72 9 4 462 533
24 10 13 3 470 726
48 22 28 2 543 661
45 80 10 4 520 708
45 7 11 6 537 780
70 68 6 1 424 544
51 43 27 3 255 349
16 45 11 1 311 467
77 43 14 4 436 537
15 29 28 2 342 602
32 25 14 5 252 352
82 4 16 4 274 391
71 38 18 3 338 554
41 80 20 1 359 505
55 64 12 5 375 541
39 31 30 2 339 511
58 69 20 2 293 501
0 37 6 3 350 453
57 54 11 6 548 737
34 78 17 3 369 569
31 48 25 2 546 704
92 40 6 7 500 615
96 64 26 6 447 736
92 20 6 6 458 611
24 61 16 4 493 771
27 79 19 5 346 544
1 8 26 6 468 672
35 70 23 5 487 623
4 53 10 3 566 729
97 48 23 2 617 761
100 91 21 2 252 330
69 15 14 3 615 683
93 99 26 5 237 320
98 67 16 3 315 537
15 20 10 4 226 410
23 54 14 7 480 615
9 65 27 3 359 549
28 98 25 1 407 665
74 37 5 2 206 334
82 99 9 3 386 521
54 34 30 7 589 719
68 49 13 4 614 685
68 16 16 5 547 783
53 71 16 2 554 788
81 86 9 4 568 637
69 77 13 1 467 650
37 6 28 2 417 712
90 49 8 1 227 494
52 51 28 5 236 508
26 67 22 1 447 734
69 98 18 4 423 501
45 10 17 4 297 577
26 18 25 2 688 775
27 92 6 6 421 541
0 27 11 5 213 348
74 60 6 3 430 703
56 61 13 6 283 367
8 65 15 1 289 466
27 70 29 4 506 657
7 24 14 7 338 529
73 41 22 2 620 779
68 20 24 6 675 772
97 41 7 5 370 613
17 96 5 7 327 579
52 65 27 7 225 461
70 20 13 5 527 615
61 63 26 1 317 394
78 22 6 4 315 423
14 33 22 1 233 506
39 16 14 3 425 512
33 28 28 6 217 345
37 47 9 2 484 682
46 87 17 5 208 459
45 98 11 3 415 485
60 80 25 5 355 596
36 64 13 3 583 694
88 100 17 6 550 784
99 48 10 5 501 644
5 61 26 5 607 787
58 22 26 5 221 448
86 48 5 4 553 616
78 91 18 4 441 560
58 34 25 2 433 691
16 73 23 4 504 678
27 85 28 1 388 515
34 70 16 3 503 589
69 73 23 1 365 627
81 84 26 5 705 797
97 100 17 7 560 701
50 83 9 1 521 622
17 50 5 5 554 770
93 18 19 5 548 670
90 47 13 2 284 442
36 74 16 2 322 609
25 21 25 7 205 391
71 89 27 6 468 627
52 14 27 2 450 750
51 28 13 3 620 721
91 47 16 5 260 496
89 42 25 1 242 524
25 90 13 6 351 421
16 3 13 7 543 687
75 53 27 5 381 528
30 99 28 2 308 544
69 96 18 5 315 402
49 6 15 1 400 586
56 64 24 5 593 700
90 12 16 5 574 679
42 4 25 4 574 700
38 95 15 3 460 673
30 13 5 6 267 517
9 34 16 4 306 398
47 20 13 1 394 621
87 21 5 1 248 372
92 79 17 6 313 385
94 100 8 4 468 610
60 93 18 4 289 538
35 38 12 6 363 515
19 11 5 3 253 348
92 47 10 1 206 455
25 47 5 4 321 621
69 50 21 7 360 645
80 46 19 5 454 618
27 38 29 7 220 457
32 92 23 5 561 779
14 59 21 7 684 767
41 30 8 7 596 800
9 66 20 7 372 668
30 17 26 5 255 412
12 83 27 6 364 434
69 49 22 4 395 662
85 60 28 5 206 379
39 71 11 2 482 593
38 14 24 3 283 396
51 17 15 6 377 478
50 70 30 7 296 442
32 70 25 6 626 795
34 35 21 7 497 658
33 8 7 3 549 709
36 44 22 5 615 769
35 43 18 1 585 720
48 21 17 5 397 692
91 24 16 5 524 598
67 4 26 4 481 693
59 90 25 7 513 582
27 23 10 6 464 557
98 5 25 7 645 783
77 89 27 6 348 625
41 16 12 2 460 584
95 46 21 4 270 435
56 75 7 1 513 583
54 23 12 2 506 631
54 15 12 7 302 569
87 30 28 4 488 655
87 98 22 6 386 528
21 3 18 2 508 672
83 95 19 6 476 723
6 64 21 5 500 722
34 81 22 5 653 742
80 75 15 1 432 607
16 53 8 6 551 784
45 22 24 6 283 380
80 99 17 3 553 705
42 81 15 6 275 487
85 89 28 1 342 437
46 14 28 7 527 740
24 47 12 3 652 715
37 89 9 7 302 472
68 3 24 7 251 319
48 96 26 6 490 553
87 61 28 5 315 594
27 95 11 7 561 641
10 67 22 2 242 417
14 9 10 2 317 539
96 91 21 7 361 427
74 59 29 2 555 666
98 45 16 1 565 667
10 29 6 1 306 566
35 24 9 6 307 488
95 68 13 4 299 426
80 61 18 6 319 567
100 81 23 3 511 773
24 71 14 6 209 345
11 30 8 1 349 576
59 19 20 7 572 639
39 27 15 3 231 342
49 78 6 7 474 733
26 76 13 7 610 728
29 76 18 4 246 515
81 37 7 7 460 653
93 43 16 3 367 602
23 13 13 2 281 505
56 65 13 4 409 697
73 88 5 7 300 559
3 60 21 2 509 658
42 85 27 4 333 578
35 91 6 3 442 730
11 8 29 3 592 676
23 50 10 1 570 752
98 64 29 3 219 294
8 22 10 5 422 553
49 3 17 3 678 766
75 89 6 5 417 533
23 66 17 5 615 693
17 91 15 2 385 467
100 76 20 7 204 418
34 69 27 4 368 588
21 47 18 1 207 426
43 42 11 1 458 747
15 41 29 7 394 586
73 79 21 2 422 604
56 67 27 6 344 487
79 54 14 6 208 488
81 55 19 6 327 556
13 5 28 4 406 630
74 71 17 6 496 636
78 61 19 5 629 765
12 38 27 3 354 511
91 74 23 3 592 659
51 39 15 2 548 731
51 73 8 1 623 699
45 9 26 4 383 443
90 57 14 7 260 401
80 11 14 1 592 692
93 33 14 6 638 749
7 46 15 3 733 793
11 70 10 6 542 706
90 27 7 3 303 365
34 71 26 5 481 635
82 79 25 7 547 734
50 93 11 6 549 664
46 51 17 5 224 512
2 10 20 5 588 756
4 8 11 2 481 598
67 7 19 3 561 744
67 20 26 3 234 503
74 91 6 4 479 541
96 90 8 6 541 688
26 68 29 5 201 328
9 14 25 7 452 620
24 81 7 6 249 477
49 71 16 6 455 645
59 11 20 7 438 640
7 35 16 2 458 614
76 67 9 3 314 478
4 54 19 1 459 662
88 53 15 4 371 436
34 10 18 4 463 578
65 85 28 3 437 590
34 8 25 3 395 592
49 81 28 1 219 351
21 63 26 7 411 704
50 73 30 6 402 694
3 71 26 3 419 593
76 13 21 2 508 718
6 99 12 3 489 653
59 25 26 5 532 694
43 56 20 5 339 612
56 99 9 7 253 541
77 80 13 2 539 656
49 73 20 4 316 586
99 45 16 1 538 686
14 74 23 5 222 342
38 2 24 7 358 509
52 73 21 4 269 398
3 99 9 7 277 534
39 93 29 7 488 735
67 63 9 2 325 389
79 41 8 1 315 506
24 1 7 2 322 425
48 15 12 7 541 689
39 21 5 3 457 648
86 2 10 6 499 672
78 70 22 6 406 620
25 65 30 4 365 615
48 20 22 3 578 766
95 6 22 4 368 604
77 9 10 2 531 716
46 13 6 3 355 645
5 15 26 5 396 670
92 15 28 4 468 644
73 3 26 4 566 786
77 13 21 1 443 627
15 21 29 6 502 603
98 87 16 6 378 621
53 86 21 5 444 623
47 57 23 5 594 707
31 12 22 1 242 531
21 41 5 7 448 632
28 85 6 1 240 367
94 10 29 7 472 711
8 29 11 1 569 641
36 59 29 7 380 662
28 38 26 7 219 279
78 60 13 5 318 547
3 28 15 1 267 551
86 49 15 7 634 716
47 18 30 7 216 468
66 100 18 2 458 636
86 10 10 5 320 618
64 29 24 2 440 575
71 24 15 1 541 707
91 23 29 4 522 671
96 25 9 6 419 622
99 35 9 2 243 474
43 89 10 1 549 718
25 26 10 5 372 461
17 94 8 3 303 537
36 45 19 3 575 746
21 89 15 2 616 729
71 77 29 1 307 474
100 30 6 5 395 677
87 55 19 3 466 750
67 21 29 7 485 695
41 56 11 3 571 636
63 83 9 6 446 720
77 58 28 5 269 466
41 19 23 3 684 751
37 43 21 3 278 503
24 98 30 3 230 428
94 60 22 6 584 674
45 38 20 5 675 759
36 93 9 2 315 411
46 29 27 3 408 472
90 40 30 7 568 631
5 56 28 6 444 622
79 81 24 3 601 693
59 22 8 4 347 532
88 88 14 2 308 438
72 47 18 3 602 692
27 25 8 6 325 394
58 27 23 5 365 483
49 15 7 1 725 790
37 9 18 1 327 445
43 30 10 3 710 788
22 38 28 6 325 613
10 100 20 6 422 595
93 38 27 2 204 323
37 81 14 3 351 532
43 68 19 5 472 579
22 96 21 3 427 696
85 41 23 2 427 691
58 14 22 1 437 711
21 45 5 1 276 477
11 100 25 5 420 693
65 34 28 2 714 775
13 95 30 2 358 473
80 28 27 4 214 353
60 4 17 1 254 552
36 88 11 5 595 731
82 81 22 1 283 397
2 53 27 1 414 647
71 88 17 5 424 704
58 73 23 7 246 355
93 94 12 5 228 292
37 67 23 7 612 790
66 85 15 2 512 729
54 19 13 1 513 673
43 52 18 3 484 574
68 81 30 3 358 527
93 4 29 3 484 746
1 39 14 5 599 678
25 83 28 3 626 797
96 39 7 4 447 534
44 76 24 7 450 650
57 60 7 5 564 640
19 91 22 7 359 621
34 16 21 7 301 596
43 41 9 4 330 463
39 60 26 4 376 448
86 96 9 2 272 490
4 15 13 2 466 751
57 95 13 7 446 517
18 14 22 5 552 624
13 36 28 1 460 552
100 57 22 6 301 549
86 3 26 5 463 749
56 91 10 5 325 624
56 73 28 3 267 505
97 92 26 7 449 571
68 13 20 2 536 639
91 3 28 2 518 604
92 53 15 5 247 440
43 47 18 4 540 697
29 48 20 4 280 571
19 64 24 2 251 361
77 27 27 2 226 512
3 7 5 4 500 658
46 58 24 6 273 517
92 95 23 1 286 571
45 3 17 3 299 507
49 29 13 7 362 645
4 44 28 5 350 461
64 30 10 3 385 684
98 77 6 1 518 666
89 29 24 5 200 324
11 1 5 2 552 732
94 13 11 3 496 650
62 94 8 3 641 757
7 3 12 4 236 392
100 41 27 6 593 733
74 46 11 6 318 386
64 96 29 7 329 558
49 65 27 1 488 721
83 32 21 5 254 493
49 64 9 7 506 797
60 53 28 6 218 381
98 98 23 6 429 548
60 63 16 1 375 489
4 87 10 4 309 370
48 89 13 4 359 563
42 17 25 4 262 394
31 51 30 3 427 592
27 76 11 2 331 440
77 5 26 5 431 554
21 40 30 5 523 782
85 15 19 7 318 405
34 29 19 6 331 392
77 7 15 1 643 728
4 37 12 3 263 437
97 40 28 5 615 717
52 70 19 3 292 459
68 26 23 3 247 478
0 57 22 3 293 589
41 2 23 7 476 637
94 76 26 7 525 727
22 13 14 4 562 684
28 4 9 6 207 335
100 14 24 5 245 350
92 29 20 3 527 664
34 49 5 2 583 791
59 5 10 7 661 765
18 82 9 5 297 592
31 40 19 6 389 600
92 70 6 7 229 360
38 89 21 2 317 582
92 87 23 1 476 538
79 33 7 6 376 634
62 11 23 3 529 663
70 27 21 3 247 505
9 86 14 7 564 628
29 25 8 3 486 697
51 18 24 3 202 359
25 27 11 7 347 577
67 31 7 7 437 516
20 24 30 5 241 456
72 60 7 2 327 535
53 64 30 6 485 627
4 91 17 2 376 534
63 75 14 7 573 670
92 13 20 1 345 515
31 94 10 7 557 752
98 21 21 2 297 568
78 75 28 2 592 678
65 27 20 7 213 460
32 13 19 2 499 688
70 53 7 2 544 608
63 74 11 3 277 432
25 96 22 2 377 511
13 46 27 7 322 440
28 26 10 4 254 400
16 50 10 2 378 636
68 63 19 1 544 722
11 97 24 5 598 776
41 26 16 4 514 677
77 71 18 3 330 591
35 67 15 4 457 538
20 45 16 2 341 613
30 58 12 6 323 449
73 76 20 2 419 571
54 26 10 1 366 525
5 62 18 4 361 560
17 97 12 6 207 340
76 86 5 6 593 735
61 81 12 1 371 508
14 50 29 3 219 467
76 27 23 6 580 670
81 33 10 7 435 495
57 5 26 1 324 442
77 16 22 5 324 517
23 3 13 3 314 492
87 72 19 1 558 736
4 41 27 7 236 429
39 52 16 7 200 281
38 61 6 6 264 551
81 94 23 5 659 750
95 90 10 5 459 554
21 50 19 3 489 632
22 37 18 4 228 346
52 68 20 1 516 624
9 44 8 1 419 563
2 98 23 2 274 420
30 10 5 5 275 531
97 88 8 1 218 358
9 23 16 7 369 589
67 97 9 5 284 394
27 51 30 4 329 619
38 88 18 6 371 664
40 40 25 3 392 621
0 32 5 1 223 503
27 35 18 5 477 615
15 72 30 3 608 718
20 49 16 6 282 544
61 80 25 4 312 392
9 17 28 2 238 446
26 21 7 5 297 554
17 62 19 5 241 308
50 25 22 1 391 552
40 85 5 5 421 671
92 89 7 7 494 774
13 28 24 4 203 305
45 30 7 5 342 547
83 63 13 2 483 661
31 100 20 1 470 749
99 16 12 1 575 719
54 94 10 3 368 537
20 94 9 5 516 736
75 14 16 7 443 687
54 51 10 2 374 513
57 75 26 7 339 496
56 28 9 1 537 653
11 90 15 2 551 797
25 25 21 4 612 689
61 82 23 2 232 527
48 59 9 6 583 787
97 90 23 5 334 435
30 46 5 7 435 598
23 71 28 4 480 625
34 53 10 7 404 494
88 18 8 2 356 528
61 52 15 4 263 484
93 78 19 4 381 577
32 8 15 7 248 499
64 89 9 6 337 422
100 3 16 6 559 651
75 62 25 4 528 797
26 53 21 6 404 563
45 47 17 1 563 782
64 78 6 6 428 624
37 98 12 1 570 688
44 29 29 1 245 489
9 90 17 7 575 700
58 92 21 1 371 497
58 18 26 6 342 461
99 59 6 3 465 687
90 90 14 2 538 789
50 10 26 1 530 715
97 50 7 6 647 763
38 93 23 5 514 687
68 79 7 5 322 392
87 75 20 3 454 735
45 44 26 3 315 442
49 40 11 1 318 462
55 0 28 4 359 531
89 31 30 5 212 465
37 72 26 2 240 405
27 14 18 7 539 690
66 49 11 3 578 664
2 44 24 7 314 405
82 71 12 4 221 408
67 94 7 6 299 438
20 19 30 5 489 710
45 59 20 5 222 402
86 100 19 6 212 455
66 61 18 6 626 784
86 70 16 5 395 497
44 13 11 3 299 499
94 49 14 5 460 630
21 96 17 6 262 409
0 36 21 1 535 771
27 96 5 7 513 622
5 29 21 5 279 536
26 29 26 7 276 460
46 1 14 6 500 746
85 49 22 5 628 705
10 56 26 3 650 778
8 96 30 6 246 415
66 55 30 6 202 266
24 72 8 7 408 527
18 12 28 4 470 533
15 93 13 2 200 350
35 89 10 2 395 640
27 5 7 2 228 522
23 6 25 3 446 518
12 11 11 4 558 684
69 33 7 6 294 522
69 47 6 1 515 605
10 9 26 7 590 744
20 97 23 6 645 757
52 98 17 3 480 558
91 57 24 6 501 693
1 94 29 6 241 487
76 5 13 3 442 686
87 31 9 2 404 550
50 8 21 4 345 433
6 72 5 4 408 528
24 20 8 5 270 528
8 12 12 1 388 590
52 88 19 4 370 529
20 58 26 2 456 559
63 84 24 6 430 536
12 82 20 3 421 593
34 54 6 6 532 639
62 16 5 5 254 549
22 69 11 3 582 715
48 87 10 4 229 393
1 48 12 7 263 498
31 29 8 7 484 636
22 11 5 1 579 648
20 2 17 2 393 533
4 60 27 2 434 669
96 79 27 1 334 444
54 25 30 7 366 530
16 30 30 5 413 489
84 88 15 7 283 405
30 57 6 4 543 743
38 11 20 3 501 667
90 68 23 5 635 730
76 58 8 5 419 575
4 27 17 1 219 399
2 40 8 4 217 378
9 96 25 6 464 717
65 0 27 5 402 611
35 7 24 6 272 556
62 47 16 4 320 392
82 63 14 6 268 352
59 44 28 1 540 685
31 99 5 5 505 684
83 52 17 3 539 776
30 51 9 1 370 640
9 88 5 2 423 556
15 54 30 3 309 408
77 56 23 7 599 683
13 85 5 7 465 669
67 78 7 4 462 603
51 16 23 1 544 697
24 48 21 2 474 739
95 54 11 2 539 715
98 1 20 4 211 312
38 97 24 2 499 632
48 63 30 7 267 382
52 46 26 2 255 485
96 63 22 5 254 402
77 60 6 6 508 672
23 100 29 3 304 565
8 24 21 3 673 791
27 10 18 7 599 759
71 49 20 2 621 793
76 25 22 3 357 446
55 1 5 3 308 517
5 39 23 7 374 530
75 57 11 7 337 458
82 38 8 5 482 715
5 26 20 4 629 759
34 36 30 3 494 568
7 71 5 2 456 672
58 11 30 2 368 609
41 9 11 7 290 587
10 93 5 4 679 789
59 91 30 4 400 643
82 90 22 6 205 417
31 60 30 6 525 640
38 26 29 5 307 505
60 11 25 7 396 466
61 68 21 2 459 717
39 88 7 7 596 664
45 35 24 2 209 498
87 26 7 3 329 491
1 89 7 3 340 467
20 73 24 3 401 687
63 82 17 5 532 657
95 50 15 1 281 361
40 88 5 5 289 427
74 44 7 7 403 690
90 84 16 2 572 695
89 23 23 5 508 758
74 85 15 6 252 488
88 31 13 2 430 702
9 25 29 5 275 520
8 34 23 7 607 714
30 76 19 4 361 480
38 27 23 2 421 512
23 81 17 3 286 424
16 6 6 4 309 493
76 84 12 5 300 508
81 1 17 1 458 571
92 72 20 4 430 546
88 44 26 7 321 429
33 24 19 6 317 449
70 2 20 5 632 706
7 21 13 3 537 760
28 23 8 1 646 755
70 8 11 6 612 723
42 37 15 4 230 442
57 83 7 6 222 440
27 88 6 1 366 619
76 96 24 1 348 620
7 29 21 1 311 392
63 63 20 7 207 305
96 22 17 1 523 753
72 91 7 7 212 415
36 35 21 2 245 518
78 90 7 1 333 452
21 7 24 1 206 270
26 85 8 1 579 791
4 84 27 2 621 683
50 31 7 1 635 737
46 95 7 4 210 379
73 8 18 4 497 674
17 1 28 6 218 356
97 22 24 4 563 761
57 22 6 7 293 422
66 38 28 4 440 692
40 77 18 5 382 472
32 17 10 4 378 462
50 63 8 6 234 348
38 82 8 3 619 734
32 32 30 1 264 407
39 19 21 4 346 439
12 30 19 4 404 499
30 43 12 4 266 507
32 43 17 7 361 434
6 57 6 5 271 427
15 84 23 7 492 756
71 5 22 2 288 350
2 66 23 3 595 665
46 45 8 6 423 534
6 65 13 6 485 588
99 83 13 3 413 542
21 76 17 5 254 485
66 89 25 3 346 609
88 89 17 1 253 396
58 85 9 1 270 468
38 29 23 1 522 675
18 73 17 7 270 557
31 3 26 5 311 506
0 56 24 5 247 385
31 91 17 4 265 337
99 97 30 1 325 623
41 5 23 4 597 684
46 81 25 5 415 480
67 39 6 7 615 722
92 49 28 1 351 411
65 9 15 3 566 724
47 5 12 6 515 727
6 80 18 4 303 428
99 90 16 2 336 523
80 43 30 4 599 798
20 43 7 6 467 647
18 31 5 5 475 632
99 25 22 3 299 414
35 72 29 1 455 646
53 51 21 1 383 677
79 98 15 7 442 641
72 67 27 3 473 767
43 12 19 1 253 471
65 60 10 6 309 536
33 14 11 2 344 564
71 53 13 5 361 422
2 58 30 7 295 483
46 0 14 4 236 410
44 70 25 4 329 500
36 97 11 7 507 718
36 13 30 7 361 655
80 77 16 5 387 464
71 22 25 4 386 681
0 70 16 3 306 406
31 67 27 6 203 480
75 67 22 2 240 526
86 4 30 5 525 791
42 0 29 3 277 564
35 78 11 6 347 432
18 69 19 5 532 760
34 84 16 3 539 653
33 53 13 3 256 319
95 3 21 2 352 440
33 84 6 1 478 749
25 40 24 5 501 580
28 3 19 7 589 784
97 9 27 2 586 663
68 8 23 4 447 679
1 30 25 4 370 651
19 56 20 5 223 497
5 88 28 7 255 323
34 82 23 2 255 410
77 76 30 5 328 598
64 40 12 4 303 574
7 34 24 1 238 304
42 22 27 2 241 414
84 49 30 2 422 600
76 28 9 3 282 476
96 49 16 3 411 643
70 45 20 4 216 325
31 34 10 5 592 771
15 62 18 4 377 442
18 65 27 5 621 700
50 60 22 4 702 779
52 95 19 1 652 775
16 13 23 1 432 600
80 91 21 6 532 689
24 79 29 6 557 617
6 22 29 4 369 530
62 13 28 5 498 640
55 88 10 4 374 529
12 76 8 2 426 683
29 66 12 4 313 503
61 42 29 5 287 363
95 20 13 2 426 675
93 55 29 6 260 363
68 92 24 7 221 343
98 65 17 2 388 522
96 73 15 6 267 481
15 43 9 4 304 506
96 14 27 5 404 599
85 20 8 6 469 602
35 25 15 7 292 558
50 35 6 6 464 647
8 6 27 7 685 782
24 36 6 3 205 324
27 54 6 5 610 736
41 14 26 3 385 488
58 6 28 1 462 571
15 38 10 1 346 420
73 10 14 5 294 562
3 52 20 3 452 724
41 63 5 6 353 619
9 95 6 3 461 718
25 82 28 6 253 323
99 30 15 2 541 610
72 81 17 4 329 416
84 43 15 7 346 505
74 84 27 7 401 482
51 35 20 1 427 614
29 16 22 4 536 735
41 38 28 2 331 406
1 67 22 2 443 647
80 9 29 6 585 661
70 56 29 3 579 703
7 97 10 6 524 785
70 18 8 1 534 755
30 77 9 4 271 404
89 99 30 1 574 751
19 15 9 4 537 626
89 2 28 1 320 456
32 55 14 4 610 702
94 57 7 3 397 544
46 10 25 6 277 479
91 88 9 6 471 618
88 46 16 6 497 661
23 51 5 4 404 505
87 80 9 2 412 540
95 72 13 7 464 731
69 82 17 5 456 579
100 0 10 4 280 388
60 1 27 3 288 471
57 77 5 7 239 325
3 41 8 5 625 759
99 60 21 2 511 640
41 89 22 1 288 503
79 86 13 5 576 737
50 99 17 1 422 598
52 90 13 1 613 795
60 10 22 3 570 739
37 25 14 2 467 687
57 88 16 6 412 556
57 39 13 6 239 447
72 59 26 1 609 785
36 3 15 7 601 789
45 53 28 5 365 504
84 79 13 5 586 650
82 12 6 5 274 438
57 66 9 4 603 789
29 70 16 2 305 406
33 11 5 5 386 654
77 79 30 7 590 658
0 45 20 4 510 586
91 13 17 2 505 699
82 54 13 2 478 692
11 19 28 6 490 560
3 20 5 6 341 420
55 25 23 5 567 766
56 12 25 5 579 696
28 65 19 6 594 737
39 15 28 6 338 464
26 59 14 7 555 618
15 4 30 5 489 555
84 25 7 4 504 786
80 19 29 1 493 787
54 63 7 5 342 521
82 97 30 6 263 542
20 79 29 1 225 495
96 43 28 6 200 466
93 83 12 2 586 689
53 63 18 5 424 524
0 38 14 4 528 634
72 77 15 5 456 538
48 31 7 7 293 524
78 42 15 1 434 693
73 20 28 5 530 691
72 71 30 2 356 626
26 69 14 5 389 613
83 56 19 5 431 623
54 49 14 7 591 678
41 96 17 1 292 409
51 44 27 4 323 535
35 12 16 4 440 591
82 24 28 1 291 361
19 38 17 1 515 758
51 77 16 2 237 335
50 4 20 4 634 701
37 75 26 3 352 450
32 53 5 7 210 359
58 91 8 3 450 739
24 69 11 1 427 690
57 58 10 1 501 715
47 66 24 4 423 666
75 56 21 5 349 648
34 34 12 2 433 671
100 94 9 1 277 438
26 35 5 3 339 410
29 46 6 3 420 569
48 93 28 1 293 481
35 21 8 4 350 523
50 21 11 3 384 655
78 25 24 1 557 693
40 51 26 6 592 668
37 85 29 5 599 794
41 47 8 4 276 451
80 25 10 5 371 586
62 42 10 4 503 764
57 11 15 4 472 767
30 100 24 6 512 712
58 86 10 5 376 453
64 98 13 1 386 527
43 6 20 4 416 610
49 27 6 6 240 466
86 68 7 3 206 331
56 92 26 6 259 371
8 18 12 2 455 735
73 47 28 3 558 703
23 19 15 2 275 475
76 76 19 5 301 557
89 77 21 5 701 785
65 26 11 7 553 714
71 75 25 1 314 589
80 63 22 7 573 769
92 57 22 5 593 772
10 78 11 4 563 715
3 33 30 4 353 453
11 62 10 2 335 606
42 53 13 5 488 686
23 30 23 5 211 425
13 78 5 2 327 426
75 92 26 4 496 726
80 22 19 7 446 734
54 41 12 2 501 671
52 39 30 3 528 794
22 40 6 4 532 719
28 45 8 5 497 690
42 38 9 1 514 622
97 61 14 5 331 418
80 83 22 1 376 665
37 11 21 3 536 671
79 5 25 4 364 555
49 80 24 4 436 513
21 46 24 7 537 792
23 88 9 4 449 725
10 70 20 4 394 494
56 9 5 5 494 583
16 100 24 1 265 336
18 11 10 3 430 593
42 2 19 6 651 794
88 77 8 5 459 659
96 10 26 7 610 789
86 9 28 2 625 746
35 34 6 6 503 791
23 41 12 3 228 490
80 7 20 4 313 523
72 66 23 3 442 690
98 94 22 6 519 632
76 37 11 6 513 781
82 32 24 5 541 634
26 8 23 5 439 665
32 95 17 3 303 517
57 81 25 6 380 484
92 56 29 5 558 762
68 35 8 3 361 438
36 73 24 5 240 338
49 98 7 2 499 731
13 16 19 5 479 770
29 93 14 5 347 615
95 63 21 1 334 431
22 39 16 7 274 553
97 47 16 7 401 639
66 12 24 3 517 620
56 87 12 3 425 698
73 23 17 4 618 701
67 58 30 4 440 686
42 25 27 4 469 695
6 28 11 2 410 688
58 57 20 5 228 368
85 26 21 2 398 657
33 17 30 5 386 465
22 53 15 7 257 356
47 87 6 6 250 312
20 28 15 4 626 701
88 22 17 2 616 753
88 67 5 4 463 561
8 19 5 3 504 680
21 34 25 7 471 691
97 65 20 2 359 535
33 31 14 5 243 389
56 71 8 7 389 545
82 76 24 5 265 401
18 76 28 7 409 481
33 45 6 3 435 712
68 46 24 5 659 738
93 28 12 1 299 502
37 46 5 6 304 600
39 75 5 7 676 755
7 27 21 5 490 595
90 36 11 4 677 742
84 59 19 5 404 516
68 55 12 4 412 687
19 61 15 5 420 676
84 56 28 6 543 789
61 4 6 5 215 310
17 52 11 2 439 737
46 65 12 4 226 469
92 69 17 2 565 695
70 76 22 2 220 297
91 56 17 2 334 405
40 22 10 3 520 590
23 52 13 4 339 438
41 10 9 1 511 785
92 58 23 1 360 551
89 62 14 3 231 356
52 87 19 2 509 571
57 27 5 1 604 703
56 23 16 7 447 737
53 0 13 1 624 792
0 63 23 4 205 289
84 4 12 2 494 601
55 28 10 2 268 459
97 85 28 5 426 638
18 78 13 2 332 626
92 41 10 2 406 696
34 33 19 2 547 777
42 29 28 3 578 676
35 19 12 1 389 624
62 79 23 4 633 780
34 75 19 6 266 438
46 38 11 5 348 510
86 29 24 1 326 550
84 53 21 1 512 799
13 97 30 5 527 626
52 34 12 1 608 779
59 67 19 7 367 535
93 12 23 6 308 444
89 93 14 1 492 788
49 96 26 5 635 779
79 36 8 7 566 665
59 89 28 1 262 475
16 54 23 3 222 513
65 10 22 2 301 475
56 26 22 2 431 521
100 48 7 6 365 598
73 7 23 1 481 663
62 85 6 7 712 782
84 2 12 4 257 324
64 14 13 2 271 491
48 56 21 6 354 558
34 41 8 6 246 506
15 94 26 7 425 642
29 15 28 2 584 646
70 33 25 1 334 483
81 97 8 5 255 530
70 99 21 7 239 326
38 58 15 7 297 435
37 48 23 3 606 709
58 59 25 6 469 693
12 1 8 1 550 704
27 32 30 6 504 641
51 29 23 2 207 296
48 19 19 6 396 674
24 100 12 3 511 746
35 22 25 1 400 621
78 74 20 3 350 487
32 22 27 1 307 570
78 3 15 5 330 468
81 88 8 2 629 697
56 94 16 5 241 341
14 81 11 5 297 539
22 67 11 7 618 742
46 44 20 6 458 730
16 17 6 6 448 723
0 17 7 4 497 601
62 45 12 3 271 494
40 7 23 4 351 503
0 46 26 3 518 698
29 88 30 2 251 350
41 20 6 5 310 447
50 69 24 6 443 580
50 49 20 5 686 768
18 75 14 1 656 769
84 57 25 5 341 617
3 43 7 1 272 535
86 16 17 4 503 664
45 26 20 3 303 372
38 5 16 2 430 671
46 80 24 3 295 364
45 64 27 5 690 777
8 87 25 6 361 452
34 44 10 3 514 645
27 24 18 3 242 483
55 59 6 5 342 578
67 14 22 5 434 659
91 36 20 2 614 724
15 74 18 2 325 561
97 66 19 6 550 676
54 1 17 5 587 774
96 89 16 6 279 579
57 86 18 1 223 297
54 84 28 3 221 476
27 63 24 5 252 408
94 66 8 1 494 688
64 45 28 4 212 295
57 8 23 2 537 614
73 89 13 2 482 602
23 95 22 5 266 384
89 69 30 7 488 552
98 2 23 5 257 348
18 80 7 4 250 326
87 81 21 2 347 471
41 59 5 4 480 588
25 53 25 4 507 624
29 38 17 7 367 654
98 74 19 2 525 789
30 38 14 4 264 501
71 25 8 2 614 726
25 18 29 5 303 588
71 95 13 3 424 540
47 81 28 7 552 745
67 41 19 4 447 541
52 50 19 6 441 542
76 24 29 6 292 502
12 5 15 2 283 402
35 27 12 2 300 458
92 54 21 4 583 694
42 47 26 1 482 566
57 92 9 7 307 497
95 70 16 5 404 538
89 3 11 3 425 602
50 91 18 3 302 387
61 5 18 5 295 427
89 78 5 5 320 484
28 64 23 3 371 666
75 6 5 7 498 589
28 52 16 4 278 340
6 95 10 4 324 390
75 78 19 6 365 528
23 10 5 4 409 502
42 89 27 4 622 800
71 37 15 5 253 535
14 17 23 2 325 592
6 17 13 3 415 497
24 2 7 1 496 784
38 19 30 1 480 673
17 77 14 1 265 329
28 37 7 5 425 638
40 35 30 1 214 407
69 64 29 3 674 774
20 60 15 2 636 766
2 48 21 7 549 715
59 64 14 7 357 613
53 72 28 2 677 737
6 39 26 6 328 453
92 44 5 4 536 676
51 25 25 7 360 585
94 25 23 1 438 637
50 6 28 4 216 408
74 72 27 7 318 568
28 89 26 2 357 454
58 99 18 1 290 415
85 45 10 3 392 461
8 97 25 5 400 618
4 100 23 4 499 567
1 72 17 3 207 418
64 46 27 2 678 788
48 92 18 1 514 606
51 100 17 1 427 679
25 41 26 3 379 500
87 54 24 6 486 586
60 21 18 3 499 584
92 65 24 4 368 650
31 24 22 5 234 451
47 50 7 3 236 530
75 40 14 7 282 527
89 82 12 5 419 606
