1632
87 94 0 0 0 0
87 39 28 6 595 773
28 44 11 1 323 488
86 17 9 1 391 640
10 34 7 5 247 483
99 64 16 5 299 464
50 4 24 7 486 769
66 57 5 2 668 773
75 39 15 3 247 471
63 1 28 4 552 714
27 53 11 3 387 504
53 82 20 5 225 365
1 18 30 3 259 477
31 31 9 2 531 708
62 58 18 7 529 781
12 99 17 5 394 462
30 87 10 6 374 509
68 28 6 5 564 672
37 2 26 1 393 577
93 26 10 6 236 346
42 52 26 2 387 564
62 5 8 7 272 338
5 20 25 4 564 788
32 36 20 1 608 684
5 66 24 5 249 435
18 23 15 6 378 642
55 77 10 4 313 504
17 84 8 1 330 393
45 76 28 3 308 519
81 25 19 3 460 561
78 98 5 2 298 479
32 18 21 7 316 580
100 63 29 2 200 454
71 50 16 5 587 676
46 26 14 2 573 710
51 32 29 5 529 683
84 94 20 1 229 395
28 33 29 2 415 487
4 22 27 1 638 736
33 65 6 3 250 332
90 17 10 4 243 306
69 53 6 2 506 615
25 75 26 2 360 493
86 55 9 4 337 510
61 81 18 6 290 372
7 16 17 2 244 309
29 24 26 4 365 600
31 72 26 6 302 499
17 5 10 7 524 721
29 17 18 7 458 648
100 20 28 6 297 486
21 74 27 3 271 452
6 31 27 5 221 409
38 41 25 1 429 536
4 67 26 4 373 526
56 85 20 4 660 765
27 45 14 3 361 613
46 63 9 6 661 793
11 4 26 4 254 471
86 22 21 3 512 677
12 46 16 1 579 747
98 94 23 7 375 553
98 81 18 3 388 577
87 57 7 3 356 639
0 5 18 4 487 619
63 37 18 7 401 583
67 47 23 4 440 699
95 23 10 1 400 694
28 93 12 6 258 336
20 56 29 7 489 725
65 87 15 5 334 618
58 38 11 1 495 635
75 31 14 4 221 345
55 25 29 7 417 683
28 17 23 7 610 688
50 29 19 7 421 510
27 80 25 2 573 665
62 0 22 3 308 410
39 61 16 3 361 521
88 4 16 6 467 593
63 47 19 1 488 716
61 34 27 1 484 701
99 95 13 4 483 747
37 10 7 2 226 435
63 29 12 3 311 611
13 99 14 1 274 405
76 92 26 4 508 695
55 1 17 4 688 796
16 53 5 1 201 266
30 58 29 7 580 782
70 87 10 4 211 426
89 73 21 1 211 429
96 76 8 4 259 409
69 81 22 2 230 347
51 96 26 3 423 703
40 28 11 7 253 391
34 92 6 3 506 731
61 74 23 6 406 541
95 41 7 5 487 695
42 87 20 6 274 482
33 83 21 7 673 794
88 77 17 1 207 358
60 24 12 6 250 354
25 33 28 5 247 385
53 73 27 7 573 784
80 80 10 3 441 697
41 11 25 5 554 686
8 38 19 1 475 631
35 63 13 1 626 772
0 74 24 5 407 530
35 3 19 5 521 731
100 97 5 6 606 721
64 31 10 5 324 619
56 36 20 3 522 714
90 25 28 7 519 621
65 90 8 3 322 416
70 65 26 6 505 787
84 35 25 4 276 381
68 0 7 3 342 502
61 58 18 2 395 561
37 42 20 4 546 696
54 67 5 6 400 463
79 67 10 6 326 388
70 42 21 4 352 463
36 65 20 5 297 536
72 44 18 6 270 362
86 46 26 3 209 421
37 67 15 1 264 432
24 48 15 7 572 678
67 27 29 4 298 469
26 46 13 4 698 758
64 58 8 6 276 561
3 45 11 7 341 546
50 18 16 5 514 656
92 27 30 4 611 733
94 29 19 3 538 687
84 22 21 1 622 711
30 37 9 3 409 569
75 67 22 7 402 608
7 41 19 7 575 701
70 11 28 2 227 380
99 5 13 4 556 686
75 49 11 2 437 671
82 90 12 3 719 787
87 26 25 5 579 706
55 57 15 7 408 657
21 87 6 4 510 669
40 23 11 5 351 585
13 38 26 3 597 689
23 49 5 1 424 687
9 55 10 1 547 675
30 75 24 7 477 650
38 31 21 1 652 782
2 85 15 4 451 716
52 33 7 3 262 340
13 9 24 1 573 734
35 96 13 6 590 780
46 19 29 3 534 629
25 84 27 7 574 695
17 76 11 4 598 783
71 100 11 6 597 684
24 64 13 4 485 712
81 16 18 3 560 660
53 23 17 5 363 606
33 31 24 1 301 540
0 85 28 6 501 655
81 64 13 6 241 334
81 77 6 4 359 453
47 49 15 6 490 739
25 19 19 7 546 665
43 67 14 3 528 711
90 2 19 1 273 529
60 34 20 1 225 400
54 44 12 2 711 786
25 63 20 4 637 730
18 64 25 4 578 719
22 83 10 1 429 523
55 17 15 2 576 661
32 91 16 4 382 568
28 29 6 2 324 557
17 13 5 5 215 370
44 99 22 5 331 472
76 86 12 3 425 487
50 59 17 2 274 500
53 22 17 1 261 341
71 4 18 6 311 379
35 67 13 6 555 627
82 44 27 1 368 626
6 29 30 5 511 753
44 4 7 6 598 689
83 86 23 3 269 489
74 41 26 1 525 729
55 75 24 3 451 600
3 95 10 2 484 782
92 83 29 6 480 618
43 7 25 2 537 794
29 38 20 6 315 481
40 53 25 4 460 638
42 67 9 2 300 485
24 51 18 2 400 560
16 7 23 2 483 587
41 58 14 7 328 393
68 17 21 2 458 634
2 20 24 5 391 654
7 28 7 4 231 340
91 70 5 5 330 466
92 92 19 2 593 694
39 17 6 3 270 398
30 16 16 2 443 578
7 46 16 3 483 755
0 24 17 6 256 386
88 72 26 1 465 716
34 40 18 3 303 566
43 42 30 1 488 574
41 38 15 7 712 780
83 88 5 3 578 646
66 11 28 5 340 610
87 24 11 5 218 311
92 74 11 7 510 733
34 67 23 7 298 514
21 21 6 7 578 759
28 78 22 1 335 634
72 22 20 1 686 751
89 45 30 2 433 634
94 73 25 5 250 362
33 61 17 5 564 770
44 25 13 2 578 755
74 8 12 4 287 504
19 100 26 2 492 747
98 66 30 7 315 506
58 26 19 7 200 338
84 7 24 5 480 633
99 3 21 2 672 770
69 49 30 5 593 672
43 14 21 6 254 387
21 5 29 3 359 604
46 27 19 3 547 699
1 34 20 5 593 735
55 35 10 2 523 606
46 67 29 6 346 564
59 44 13 4 649 722
51 87 10 7 431 650
43 4 18 4 472 692
94 14 30 6 368 589
71 72 11 4 285 528
0 2 5 5 428 633
61 33 10 5 502 751
99 25 27 4 588 745
58 13 6 1 331 629
98 59 12 2 329 593
30 28 5 1 214 387
43 16 19 2 310 575
30 91 11 6 519 703
58 50 19 1 586 659
13 91 16 3 497 664
54 46 27 5 560 783
48 8 14 5 545 652
97 12 13 1 281 516
23 80 19 4 261 362
1 75 27 1 621 723
70 85 18 3 368 552
16 45 22 3 254 340
39 65 26 5 396 641
81 2 30 6 333 430
59 90 22 7 466 703
91 37 7 4 507 612
7 67 25 4 387 460
5 31 9 3 250 482
66 18 20 3 347 524
11 88 6 1 460 532
84 89 12 5 385 578
95 28 7 3 371 542
54 16 24 3 433 507
31 54 9 2 209 494
71 66 23 2 574 726
20 88 6 7 651 743
29 10 14 1 448 590
3 46 28 6 491 672
60 17 28 2 557 773
12 9 17 6 272 523
78 10 14 5 672 796
17 86 13 3 395 680
94 57 18 2 492 611
73 72 8 7 225 422
36 16 21 6 608 716
67 83 6 2 444 685
72 65 9 4 504 727
77 33 10 7 327 394
73 67 13 7 289 573
99 86 24 1 208 475
76 81 23 3 533 795
99 30 22 2 432 714
66 82 21 7 484 702
23 51 20 3 492 675
93 89 12 6 464 678
7 5 5 3 230 316
91 10 28 6 390 461
91 74 11 3 468 693
36 82 18 5 306 460
67 22 9 5 405 645
30 23 24 3 289 479
24 45 16 3 428 625
53 2 11 4 586 648
33 54 21 1 506 647
97 31 12 6 540 746
19 54 6 6 401 610
49 63 14 7 377 647
7 89 24 5 306 524
82 20 20 3 402 496
96 64 10 6 516 780
37 37 16 7 481 608
99 15 17 7 322 601
89 52 21 7 313 554
3 11 12 2 316 605
67 25 26 5 395 485
48 92 9 1 381 531
99 72 18 2 295 451
49 88 30 6 392 545
67 95 21 5 484 551
93 6 13 3 296 487
84 68 16 4 475 632
32 21 30 5 386 569
92 35 12 7 523 663
86 23 17 4 511 797
16 68 19 3 273 337
18 82 18 5 442 536
48 74 6 1 220 464
57 29 26 4 406 547
74 19 20 1 420 492
30 0 16 6 444 638
83 48 5 2 477 766
89 15 9 2 633 781
61 35 7 2 534 796
2 71 28 4 266 503
11 3 26 7 618 764
14 16 26 6 302 413
2 96 16 3 615 700
66 69 15 1 329 575
80 36 12 7 252 470
82 10 6 3 282 498
47 0 29 6 209 375
9 34 27 1 658 775
85 78 23 6 317 400
2 55 28 5 436 706
95 29 13 7 516 578
28 35 7 6 212 434
25 73 20 6 316 560
44 51 13 1 651 766
33 46 29 3 526 593
92 40 28 2 487 703
18 37 28 2 472 701
64 48 19 4 489 714
89 47 22 3 485 768
58 23 13 1 230 366
49 81 27 5 419 598
35 93 25 1 601 714
61 42 10 2 256 509
9 76 30 6 380 455
74 17 28 2 467 591
10 91 16 4 232 440
28 22 16 5 324 593
12 1 27 3 263 376
12 66 11 1 460 679
4 25 15 6 682 745
24 55 23 3 322 388
51 46 24 5 264 356
10 57 29 3 233 312
18 63 22 7 657 746
6 52 26 7 281 357
85 48 19 4 447 709
43 30 24 1 284 539
46 16 22 5 462 744
27 47 21 2 370 467
53 3 28 2 512 583
61 8 10 6 376 439
42 42 24 6 337 573
52 0 21 7 406 526
31 78 14 4 423 564
63 69 15 4 298 367
3 58 13 2 590 767
79 22 17 4 358 560
55 3 5 1 597 794
99 43 26 7 630 718
99 24 17 2 626 727
6 0 14 4 310 569
50 39 22 1 364 486
18 3 9 3 332 599
14 46 9 6 298 400
94 54 9 1 503 637
59 35 30 3 401 579
23 94 16 3 447 706
31 44 24 1 368 537
88 6 25 4 391 659
87 10 20 6 670 783
65 57 12 7 497 687
0 58 8 1 450 659
87 100 15 7 384 677
62 32 5 3 412 597
74 5 18 4 225 333
7 66 24 5 272 409
93 0 30 6 287 448
54 17 27 6 319 614
16 10 29 1 435 549
31 7 20 7 261 325
49 57 23 7 570 748
98 50 25 5 292 485
30 4 6 2 294 430
15 55 27 6 232 489
53 94 22 6 281 549
84 49 20 3 315 410
17 82 24 4 480 576
71 20 17 1 493 772
25 27 24 2 430 516
88 30 11 6 280 483
4 47 18 1 297 538
65 26 25 1 561 729
0 37 18 1 579 660
33 89 22 4 579 751
91 93 20 2 383 660
2 12 30 3 279 380
45 7 10 3 545 622
38 15 9 6 299 579
32 58 21 3 480 647
100 2 27 5 564 728
24 36 10 6 402 686
70 22 11 1 309 440
0 60 18 3 539 765
38 54 6 3 231 524
2 80 17 1 413 695
44 56 13 5 372 497
39 54 24 7 200 364
95 31 26 2 274 393
11 47 21 6 484 691
18 99 26 7 647 714
51 52 13 3 200 410
53 44 29 3 223 472
70 34 5 2 636 773
65 70 30 2 296 566
100 24 18 5 378 620
62 93 7 6 512 604
52 64 6 1 395 677
98 61 26 4 349 530
65 63 5 1 480 682
57 50 26 3 421 577
19 68 15 2 236 345
74 79 30 4 468 755
83 81 15 5 512 761
93 71 13 1 278 491
54 58 25 1 304 593
49 37 29 6 560 626
46 40 11 3 485 677
20 38 18 3 474 673
82 70 9 4 655 782
23 4 14 2 276 344
25 34 11 4 628 786
7 43 15 7 374 605
70 48 10 6 253 535
68 11 22 7 238 511
14 43 15 6 518 665
41 69 15 3 327 464
77 2 25 3 571 667
8 87 22 1 409 604
19 22 15 4 342 420
46 76 22 1 355 553
48 24 15 6 481 679
43 92 14 2 438 577
24 9 9 4 303 465
35 17 10 4 487 697
63 60 25 1 499 575
74 9 29 7 578 777
84 39 17 2 427 630
62 36 22 1 488 634
38 84 16 2 214 443
33 40 23 4 658 738
3 76 24 3 427 516
12 84 6 1 369 665
20 28 9 1 552 780
99 52 14 5 594 775
54 56 15 6 460 581
46 96 16 2 383 578
17 89 12 3 590 797
76 91 19 2 251 424
23 10 7 3 446 581
38 8 22 6 522 693
46 79 27 7 557 712
39 94 24 1 647 724
38 36 11 5 735 796
9 54 19 5 417 596
16 76 18 2 221 295
28 19 25 3 364 449
23 64 7 6 291 533
86 48 18 5 244 366
18 90 16 1 210 376
2 9 30 5 217 379
20 27 9 4 585 787
14 59 20 6 211 302
17 31 14 1 347 497
20 18 17 6 423 697
99 44 12 3 313 425
67 11 23 5 211 384
32 30 25 3 349 547
72 51 28 7 354 554
90 32 20 3 227 287
87 42 30 4 208 333
28 16 8 2 508 655
95 66 8 1 332 415
16 60 25 5 203 293
82 84 21 6 592 800
22 94 18 6 256 507
35 57 24 7 408 497
15 28 22 7 463 746
54 71 28 2 224 287
78 40 9 7 425 684
8 64 20 2 373 576
69 3 30 7 387 597
21 100 22 1 278 445
1 94 27 2 433 625
32 6 19 2 264 417
9 65 10 5 265 412
54 97 20 6 417 606
71 73 10 2 299 518
100 78 8 2 537 724
73 80 9 5 311 374
55 92 25 7 538 683
66 93 23 1 584 652
31 79 12 3 553 712
36 27 5 1 450 515
5 91 22 2 532 632
19 11 10 4 205 310
3 77 28 2 519 638
10 9 26 3 321 476
43 88 8 1 541 674
99 2 19 2 549 651
66 50 12 1 237 481
0 48 21 3 326 395
4 16 23 2 436 559
78 47 27 5 443 704
43 1 15 5 483 648
10 94 8 5 454 546
28 23 12 4 298 425
93 97 27 2 543 703
74 15 9 3 542 765
1 17 29 6 365 632
63 45 21 4 541 616
81 59 19 1 270 379
95 96 10 5 549 612
45 57 7 7 433 721
31 12 27 7 346 567
22 33 15 1 556 718
78 1 21 7 257 543
13 34 29 2 200 489
88 99 13 2 259 538
92 96 14 4 302 465
95 84 5 1 223 492
63 93 21 5 418 555
38 88 9 2 365 567
35 35 27 6 469 601
21 53 6 1 425 650
26 17 7 4 662 790
78 49 26 2 376 604
95 10 8 1 390 636
45 98 8 4 253 432
13 83 25 3 690 766
75 55 9 1 392 667
13 92 27 4 520 665
1 55 11 4 425 681
59 19 26 7 388 523
93 72 28 5 238 336
78 38 17 6 516 628
33 80 5 5 442 575
93 47 23 3 370 650
43 26 13 5 628 765
100 25 24 1 569 715
13 29 7 1 572 737
78 74 8 3 448 725
70 35 17 1 350 634
11 51 10 6 525 640
86 53 9 4 592 775
73 68 11 6 406 481
97 93 23 1 592 688
7 61 30 4 273 366
71 2 6 3 250 358
17 25 27 2 627 769
55 58 19 2 570 713
20 17 11 7 260 374
56 92 28 3 581 765
30 69 22 1 327 614
81 84 14 3 329 450
36 41 16 1 280 348
68 88 6 6 542 758
59 70 30 2 269 486
39 92 12 4 519 716
29 3 18 6 208 318
0 28 16 7 305 526
12 75 30 6 560 635
24 87 18 4 203 289
21 36 15 3 230 374
71 96 30 7 272 549
18 77 6 5 242 514
44 72 27 7 554 661
8 51 30 3 302 547
59 41 22 5 485 625
71 78 24 6 302 422
4 3 13 4 457 539
76 27 17 3 299 578
28 80 10 3 365 577
36 86 19 4 218 367
12 12 28 3 323 570
21 56 20 2 279 362
96 4 6 4 634 714
80 24 29 2 558 697
4 97 8 1 631 777
77 5 18 5 339 471
14 4 27 1 545 760
8 100 7 4 309 510
33 69 16 7 465 741
6 53 14 7 296 379
92 95 27 1 484 689
0 54 13 3 257 351
68 46 16 6 381 624
16 34 26 4 423 560
12 8 30 6 492 622
83 95 7 3 465 526
43 84 6 7 398 608
7 69 6 4 315 614
50 24 26 6 472 771
85 5 29 6 390 463
2 19 29 5 209 449
34 11 24 1 412 582
85 85 17 1 620 718
4 74 23 3 475 566
61 90 10 4 240 315
54 91 10 4 449 736
69 95 9 2 527 612
2 39 30 5 446 732
13 50 23 7 532 690
93 99 13 2 650 722
20 58 7 2 314 385
21 35 28 5 544 768
41 97 7 4 396 539
54 13 8 3 383 659
35 68 11 7 257 557
97 13 10 2 451 700
38 29 6 6 371 601
16 57 27 6 530 591
25 61 23 4 394 636
33 97 11 2 536 775
61 44 9 2 522 595
20 70 5 3 496 612
5 7 22 5 421 716
55 22 6 2 308 465
90 66 20 5 395 627
73 86 5 5 310 577
44 91 14 3 497 742
29 95 16 1 212 303
29 7 12 3 535 679
60 44 20 3 407 507
14 21 5 3 239 468
28 70 16 4 304 429
47 56 25 4 316 423
75 48 10 6 695 771
5 70 9 2 333 409
16 0 11 6 203 497
59 77 25 4 256 533
70 19 21 3 416 649
29 69 18 4 340 637
86 87 10 4 263 499
27 10 13 2 333 521
96 15 12 3 453 664
83 1 26 2 269 436
13 8 26 2 569 659
87 99 16 1 330 406
43 31 27 3 242 508
81 19 26 2 316 494
13 65 25 6 459 669
11 64 6 3 294 456
11 41 16 2 402 529
70 24 27 6 411 667
41 39 7 4 254 385
55 37 27 6 437 590
54 60 24 5 406 474
52 68 30 3 596 792
88 42 22 1 619 744
8 10 11 7 608 773
13 60 25 7 527 596
40 6 5 3 312 397
4 94 9 5 588 755
74 30 8 1 251 366
91 66 14 4 207 399
99 67 5 6 329 594
92 76 17 5 422 641
42 75 18 5 396 601
39 15 23 3 456 600
9 13 12 5 478 642
57 19 8 1 396 580
81 26 26 2 417 529
0 95 24 2 459 736
33 25 25 6 567 760
11 36 25 2 640 717
99 16 10 5 386 455
83 18 24 1 447 544
31 74 12 6 457 734
5 53 5 2 450 641
42 17 18 5 483 646
41 63 26 3 415 589
65 20 18 2 213 456
74 69 16 2 298 480
20 11 14 4 268 487
72 92 20 7 320 419
28 0 7 5 288 468
61 65 9 6 292 403
37 78 9 1 601 678
64 41 28 1 433 660
89 54 27 7 441 680
4 24 16 1 417 617
12 52 29 3 443 603
94 51 12 3 272 539
85 3 24 3 261 381
91 75 8 5 302 573
53 35 18 6 468 688
83 43 7 1 420 515
78 88 6 7 370 551
4 34 23 6 718 791
22 86 5 2 539 731
91 17 14 7 445 518
87 43 5 6 240 533
87 46 7 3 627 717
12 100 30 5 247 450
58 62 11 5 478 556
62 50 17 7 510 667
25 81 7 2 352 444
61 52 22 1 221 497
71 75 22 6 420 681
72 99 16 4 434 585
68 90 28 3 400 645
20 64 26 4 454 670
95 75 29 4 294 354
79 91 13 1 216 303
24 37 8 2 387 681
62 85 14 3 251 488
13 47 21 4 247 466
70 40 5 3 317 566
99 54 13 7 247 384
83 29 13 6 505 567
98 54 12 1 381 469
55 52 30 7 230 455
72 95 29 2 237 386
48 93 11 5 294 484
43 47 29 3 497 651
48 63 29 3 235 420
28 79 18 4 331 486
46 59 28 6 587 688
2 3 25 2 607 788
47 18 24 4 607 707
59 15 22 5 464 729
49 72 25 4 441 737
73 47 9 5 664 776
16 33 8 2 411 705
92 23 17 4 389 584
93 28 11 1 212 340
49 9 27 7 336 628
76 63 11 3 635 743
35 89 16 1 410 573
74 74 29 1 200 366
85 63 12 5 227 494
90 11 18 7 385 647
37 34 8 7 461 523
24 80 6 1 347 477
31 2 16 7 260 388
34 76 17 6 345 410
37 69 11 3 475 773
28 76 11 1 458 578
17 46 30 1 409 584
29 21 14 2 303 429
34 42 24 1 347 452
48 16 24 6 571 734
80 64 23 5 550 781
3 30 13 4 244 499
8 63 24 3 210 470
82 30 13 2 289 517
69 2 11 6 217 334
98 82 19 1 331 419
75 78 20 3 328 466
45 70 17 3 559 710
100 47 15 7 432 569
50 27 20 5 451 620
1 21 24 7 538 699
33 30 11 5 492 635
94 27 13 2 465 755
19 82 22 4 456 517
46 28 15 2 432 614
44 62 12 7 474 629
71 40 11 7 230 333
75 46 18 7 551 624
90 84 18 6 589 745
3 91 19 7 409 469
94 32 23 1 462 647
14 29 20 3 369 593
61 5 26 5 212 371
21 44 10 1 445 699
98 40 16 6 307 507
66 87 19 2 331 575
10 58 17 5 241 494
27 1 7 3 401 603
35 86 20 1 587 692
41 4 20 2 496 666
6 76 5 5 613 705
58 68 24 6 385 582
5 14 13 6 436 637
80 34 6 1 396 501
86 98 22 3 429 684
90 12 25 2 440 708
45 44 12 5 302 444
80 46 19 7 430 508
0 22 28 6 496 650
69 88 14 4 456 640
80 23 21 1 444 533
14 13 8 1 323 530
23 89 7 1 274 453
41 31 19 4 431 649
15 44 16 1 285 551
28 90 20 4 364 521
44 84 25 3 500 614
18 44 6 4 280 417
26 23 16 3 606 683
46 93 15 2 559 662
36 63 21 6 501 576
16 66 23 2 379 529
5 37 7 1 339 601
96 35 16 2 348 623
31 40 15 1 338 401
5 90 11 7 369 572
50 15 11 2 546 630
95 65 21 4 509 582
7 56 11 4 245 521
16 49 11 2 658 752
14 33 8 1 624 697
79 32 25 4 677 764
10 37 10 2 387 572
23 66 28 6 548 608
31 59 13 6 322 478
65 5 16 2 271 441
91 61 27 5 264 383
47 39 8 4 423 496
42 5 15 2 286 424
38 96 15 2 357 601
87 5 20 1 308 521
14 54 16 3 631 739
27 72 12 6 504 700
20 39 17 4 307 399
98 11 11 4 524 775
59 47 26 6 295 365
82 93 13 4 554 733
17 54 14 4 420 710
21 77 26 6 684 787
7 19 9 3 655 773
50 70 18 4 569 631
95 59 10 7 349 551
15 52 9 7 393 565
64 2 6 3 541 793
31 48 20 2 218 517
28 91 13 5 409 574
22 29 14 7 299 401
37 93 22 4 332 415
83 12 6 4 256 457
76 42 24 4 448 652
3 27 28 1 556 692
89 70 28 7 370 571
24 1 28 5 486 612
3 80 11 5 218 484
63 30 8 2 215 364
67 14 14 2 657 750
37 55 6 3 575 681
12 59 23 7 204 500
65 13 12 1 364 489
30 46 18 3 687 780
44 47 12 3 565 786
8 23 10 2 417 569
73 92 10 5 416 691
17 50 15 6 445 734
11 56 30 2 335 407
71 22 9 4 393 510
20 37 17 7 214 410
4 53 12 3 547 621
4 27 8 5 473 745
21 52 18 4 244 318
93 59 9 5 204 319
83 10 24 1 482 647
55 48 12 6 354 599
18 7 29 1 357 555
25 98 26 6 498 789
46 86 16 2 438 693
30 59 27 5 415 546
32 70 10 1 619 771
26 97 19 5 312 573
59 89 28 3 522 784
53 55 27 6 468 565
3 82 14 6 420 643
85 13 29 5 507 649
17 27 23 7 283 466
84 53 6 7 444 555
19 59 5 5 452 525
2 17 9 5 552 625
9 60 21 4 579 758
81 95 22 2 228 453
34 45 30 4 377 464
81 50 22 2 342 627
66 35 7 4 351 640
23 63 5 2 226 409
9 19 29 5 215 413
93 17 30 1 284 534
95 92 30 7 309 400
67 45 9 6 514 672
19 39 23 6 686 769
65 47 16 5 640 752
76 11 21 7 302 581
70 99 9 3 499 701
14 58 12 2 514 753
78 96 24 2 252 441
75 79 25 3 537 753
99 61 25 6 554 644
61 19 14 2 688 800
42 50 14 3 498 742
85 9 24 5 298 393
36 96 30 1 336 586
70 78 21 6 541 784
7 40 29 3 539 639
59 59 28 6 483 608
95 27 29 2 384 507
46 4 30 2 312 385
77 30 8 3 364 637
37 56 10 5 426 537
60 92 21 4 302 363
88 52 7 4 566 631
63 90 20 5 616 774
69 79 13 5 437 525
65 30 26 6 570 676
25 88 9 5 442 560
100 86 11 3 266 506
9 36 17 7 572 657
1 22 8 2 543 672
87 19 28 2 427 487
21 63 23 1 290 559
9 40 11 5 584 665
94 42 15 7 514 776
71 76 24 3 231 383
98 32 18 1 588 655
90 23 18 1 433 557
24 6 26 3 203 440
22 50 7 4 343 492
1 88 14 6 449 594
95 76 5 3 591 742
69 11 8 3 506 626
1 39 29 2 288 501
75 76 21 6 538 725
0 18 11 5 353 603
30 14 30 2 407 634
83 83 27 4 269 349
94 28 12 1 397 635
24 92 6 7 466 760
93 22 21 4 597 797
64 85 28 5 586 649
34 68 21 6 492 749
13 100 5 5 469 575
18 96 21 3 395 515
40 41 22 1 301 534
44 46 7 2 584 706
13 59 16 6 249 448
23 33 9 2 381 456
8 61 9 5 356 453
29 12 7 5 289 446
58 43 21 5 440 721
31 50 19 7 377 550
4 31 15 2 565 660
93 50 14 4 484 776
31 66 6 2 511 600
77 26 20 6 452 679
89 1 11 1 241 540
40 95 8 2 532 643
92 31 23 4 626 792
50 23 16 6 542 616
91 35 24 2 315 402
46 85 16 4 528 619
72 31 11 3 461 635
79 23 24 6 637 777
29 81 21 2 418 698
48 1 24 1 430 502
19 60 21 2 459 525
58 40 24 1 334 522
35 38 15 2 464 558
75 62 19 4 402 667
28 59 21 1 515 784
6 48 23 5 620 755
88 71 8 1 549 677
4 46 15 3 504 666
71 13 25 5 398 643
98 2 23 2 300 480
1 67 23 2 308 514
41 72 16 1 610 732
82 28 13 2 383 625
64 75 30 7 420 580
78 43 25 6 361 579
64 38 30 4 499 766
4 83 22 4 601 673
56 9 11 2 601 745
89 55 15 4 477 719
26 76 27 4 397 576
8 70 13 7 244 437
83 73 18 3 426 589
100 93 28 6 561 799
54 41 14 1 335 456
15 26 29 4 575 796
82 13 26 5 625 799
26 24 7 6 316 460
71 64 30 6 249 314
13 32 9 5 355 478
33 5 15 1 432 702
26 67 14 3 210 336
36 6 22 1 579 732
49 69 30 4 282 404
80 88 25 4 339 533
30 32 16 7 227 492
12 72 19 6 328 492
2 44 16 4 679 794
51 11 19 7 274 431
20 3 11 1 527 748
86 45 24 3 437 564
75 14 19 2 700 794
8 21 6 6 511 612
42 97 7 6 404 602
60 19 16 5 598 717
90 6 23 4 264 543
98 8 29 7 619 705
16 16 11 4 293 384
73 38 26 6 603 677
69 75 17 1 441 623
0 55 28 3 350 504
65 74 30 3 575 778
96 67 10 7 363 554
89 16 14 6 430 589
70 77 24 5 341 410
13 70 23 3 729 799
9 38 6 7 671 745
70 25 7 5 445 663
22 74 17 7 562 670
97 37 5 3 456 573
2 79 24 6 492 566
99 88 22 2 298 366
43 56 10 4 365 643
21 27 18 4 245 384
100 55 19 7 479 637
7 85 7 5 412 559
1 48 22 4 261 426
5 77 20 6 368 562
10 22 6 4 334 424
8 50 8 3 379 459
82 27 5 1 222 404
3 72 28 4 241 376
33 29 25 4 364 472
21 32 18 4 367 519
52 29 14 4 233 374
46 78 7 4 345 501
91 23 26 1 415 712
8 82 12 2 435 659
80 49 17 1 506 589
21 72 10 3 501 689
95 83 7 2 235 493
36 19 20 4 637 787
92 13 16 7 313 451
0 4 8 4 345 483
38 87 29 4 241 486
89 68 5 6 339 402
29 0 15 4 437 623
87 97 12 5 466 561
47 87 15 5 487 712
65 94 12 2 392 570
41 67 21 4 372 660
69 38 19 4 432 677
42 14 22 3 413 557
79 60 9 5 227 304
77 36 8 6 410 550
58 16 28 3 529 690
93 93 10 2 428 599
48 6 14 5 485 761
18 33 29 6 417 578
59 27 20 1 542 630
12 4 5 7 208 282
86 63 21 2 644 791
50 61 6 4 337 589
52 46 20 5 584 767
25 2 7 3 242 466
44 37 6 4 619 713
26 52 9 3 378 640
15 35 23 6 385 615
61 84 29 6 307 470
57 82 14 1 603 791
19 12 10 4 498 739
58 29 15 6 331 392
1 95 25 7 570 729
22 60 17 1 321 524
88 59 24 7 716 788
25 69 18 1 400 537
19 79 22 5 222 326
93 37 14 3 551 767
58 86 29 7 390 451
100 31 5 4 351 415
88 73 26 5 442 673
87 2 5 2 234 461
90 4 24 5 317 519
87 48 6 4 627 774
39 45 19 3 584 647
3 67 26 1 346 430
0 51 6 6 377 516
81 29 5 2 490 564
50 87 20 3 394 618
28 52 21 5 202 448
70 44 13 2 229 499
64 33 7 1 343 465
87 90 25 7 483 697
30 12 13 2 432 670
15 34 14 5 522 654
46 30 23 4 392 620
19 94 11 3 231 325
51 92 30 5 328 458
82 36 21 3 658 721
56 93 17 5 466 612
23 59 20 7 212 274
27 9 7 2 664 751
28 31 30 1 514 699
54 18 20 6 299 494
4 35 20 5 221 373
76 97 8 2 323 608
89 91 12 7 366 487
68 23 18 1 371 478
63 11 8 5 267 553
28 54 27 7 320 479
92 61 20 5 320 551
71 41 17 5 480 747
0 16 17 4 448 696
80 90 7 5 286 488
15 24 13 7 265 418
4 65 28 6 505 784
61 49 17 4 646 729
76 47 13 6 373 660
83 11 11 5 487 696
47 96 24 4 495 582
51 45 16 1 517 731
72 80 16 5 594 777
1 73 13 1 418 491
82 53 14 7 411 571
32 19 19 3 338 573
19 71 14 3 412 572
33 75 20 3 267 488
88 56 23 5 540 762
52 35 14 5 463 761
84 71 26 5 297 422
74 10 11 5 384 519
91 90 8 5 338 477
85 29 17 4 635 783
4 63 21 6 592 700
73 33 15 4 225 378
33 21 26 1 240 376
58 74 15 3 304 424
40 36 14 2 430 729
23 20 23 4 251 397
9 79 8 7 519 783
41 46 19 3 225 451
42 80 23 4 299 599
90 37 28 3 239 429
39 13 8 2 478 590
31 51 22 7 722 796
10 88 20 1 604 789
32 56 24 3 368 664
58 10 20 3 458 520
62 89 15 1 427 502
21 58 23 5 493 789
13 78 17 5 306 423
28 63 13 3 386 652
65 18 5 3 448 567
58 46 19 1 404 521
82 59 24 6 307 535
43 37 7 1 345 504
15 38 8 6 211 324
5 84 9 3 428 718
73 13 13 1 234 321
3 22 20 4 209 502
42 27 5 1 601 709
76 68 10 4 386 467
15 15 10 7 348 536
61 9 18 6 534 780
52 62 28 4 579 727
47 81 28 7 207 382
30 17 27 2 278 518
80 81 21 6 447 709
10 33 9 4 638 764
23 26 6 4 448 529
83 100 6 6 567 654
54 21 12 7 222 295
24 4 13 2 400 471
74 2 27 5 363 515
7 25 15 7 347 514
98 64 24 7 395 516
69 7 17 3 456 574
4 90 19 5 476 750
23 78 15 6 406 562
52 63 28 6 478 656
88 43 17 7 545 761
4 20 21 2 363 648
54 78 29 7 472 675
23 34 22 6 443 520
63 35 18 5 321 403
22 91 9 7 561 622
31 16 13 2 668 770
29 20 18 5 220 426
9 57 12 3 554 767
83 39 18 3 698 788
61 56 9 7 274 382
74 99 30 1 399 603
81 37 6 1 372 470
53 78 24 7 340 584
78 25 23 3 616 779
43 44 27 7 252 545
35 20 23 5 520 721
2 31 18 1 234 308
73 12 16 5 439 644
69 37 19 5 222 298
69 90 29 7 200 496
51 89 5 5 305 549
41 80 14 4 564 793
18 30 12 2 406 579
57 24 24 1 330 558
37 87 7 2 327 621
73 4 30 5 206 394
36 64 16 2 592 753
91 97 8 1 367 532
89 78 22 5 237 447
5 64 25 1 498 617
55 89 13 4 330 538
1 87 24 6 269 496
50 81 29 4 616 748
89 85 19 7 521 673
27 90 19 1 210 276
88 58 20 4 348 469
18 65 17 3 338 551
36 32 14 6 711 775
94 93 29 7 584 748
92 54 30 1 442 663
35 29 13 7 339 407
84 45 12 4 314 472
86 64 7 7 356 499
18 74 5 6 421 624
62 26 5 7 580 721
75 95 6 6 278 456
33 14 28 2 449 686
61 18 22 4 301 458
75 98 12 6 240 345
32 0 11 3 313 493
8 54 10 4 629 726
84 33 16 1 316 466
88 64 23 6 327 425
41 79 24 6 410 589
11 52 12 2 317 388
9 1 20 6 300 459
60 28 20 3 365 650
37 8 27 4 213 395
52 55 23 4 518 586
27 55 20 1 504 703
24 44 29 2 492 703
85 19 24 4 249 532
34 43 19 6 346 467
59 49 25 3 233 436
59 57 9 1 558 745
67 6 18 1 505 784
35 28 25 7 394 678
98 89 13 6 477 740
99 68 30 5 202 446
32 50 12 6 514 623
20 67 13 2 483 552
78 15 13 4 280 349
27 66 27 4 442 540
22 45 20 5 342 642
97 53 22 1 462 671
87 76 7 1 269 540
30 49 28 5 356 479
39 48 12 1 514 630
51 26 27 5 504 640
10 87 28 5 388 534
99 94 23 4 526 709
28 12 29 2 318 585
43 27 28 4 508 783
93 75 19 5 546 694
82 60 24 4 636 718
67 93 12 4 310 552
16 23 22 5 323 399
12 64 14 6 616 734
3 84 16 4 285 504
91 60 8 7 378 602
0 75 15 1 520 704
62 99 15 4 535 752
5 36 19 6 228 340
19 47 26 2 336 498
49 16 5 7 292 560
95 13 23 5 323 434
56 26 21 6 251 363
29 63 28 2 359 652
2 52 22 7 226 524
44 33 18 4 672 770
41 36 15 6 567 776
52 51 8 1 451 603
81 3 9 4 506 641
73 22 30 2 355 449
56 3 28 4 298 498
92 4 20 7 604 765
39 73 8 5 418 482
3 6 9 5 520 634
56 94 12 3 663 798
44 12 19 3 250 516
47 47 17 2 255 337
73 61 24 7 457 530
31 39 6 5 495 709
31 17 7 3 536 792
3 47 29 3 527 762
4 70 23 2 233 530
48 37 8 5 472 670
40 47 9 4 534 726
35 51 28 3 277 530
64 77 10 5 509 614
29 98 26 3 239 491
39 19 18 4 390 536
52 30 17 2 498 634
36 71 29 5 285 502
82 38 19 2 295 379
7 88 26 5 399 496
12 55 16 7 596 791
93 41 15 1 277 527
40 67 25 6 215 418
40 37 18 5 287 502
76 38 18 3 371 554
93 95 11 3 575 783
58 36 27 3 276 516
45 12 14 4 379 515
19 41 20 7 577 726
0 94 26 6 504 569
35 78 27 5 631 762
46 6 16 2 373 603
37 86 22 6 600 771
12 57 25 2 358 519
47 1 5 2 613 720
75 57 16 4 448 526
38 26 15 7 478 668
35 33 25 1 481 628
47 93 21 1 540 659
34 87 9 2 355 506
38 76 8 3 242 406
48 97 29 7 429 627
9 16 8 4 337 474
25 85 19 5 549 754
95 2 7 4 538 659
21 2 28 7 458 552
93 52 12 1 371 609
99 26 6 4 293 381
28 46 26 3 535 781
83 35 26 6 410 513
45 26 27 1 692 782
3 61 14 5 288 480
14 76 26 3 501 579
16 59 29 2 415 497
4 18 26 4 241 452
91 98 28 5 331 570
33 93 28 1 351 485
78 73 7 2 245 510
63 41 15 4 695 782
21 26 11 6 603 687
45 29 13 5 376 565
8 68 21 1 538 649
64 98 14 3 281 568
82 98 27 2 484 673
97 11 26 3 313 531
53 80 6 6 683 747
35 26 17 3 531 632
53 95 20 7 539 627
43 24 20 7 443 586
48 71 24 6 362 445
40 8 17 3 268 530
64 55 8 5 476 655
59 96 23 7 541 681
80 8 16 4 450 741
18 73 20 4 266 440
6 42 15 7 592 693
75 63 22 2 564 764
33 8 29 2 572 734
28 88 13 4 293 479
66 45 30 6 260 547
78 3 5 3 562 786
84 75 8 6 442 551
85 61 6 6 572 746
78 46 19 5 529 627
41 1 9 1 685 773
59 56 12 1 300 575
74 93 18 7 384 588
64 18 12 4 259 396
5 89 14 5 379 448
7 60 30 3 518 579
14 28 16 3 407 508
18 68 28 7 396 461
21 40 24 2 323 547
56 0 18 4 382 641
62 15 14 3 478 608
17 14 9 3 318 428
3 23 20 2 377 439
71 58 9 4 512 743
21 41 26 7 563 725
73 21 14 5 233 373
51 29 10 7 292 408
100 92 14 2 570 640
68 15 21 4 546 641
43 5 30 1 279 530
28 24 20 5 564 729
42 59 13 7 472 724
70 71 14 3 661 759
19 86 11 3 334 462
58 73 12 4 283 503
35 84 17 3 589 755
97 3 11 7 681 767
0 45 30 4 499 718
41 77 11 6 412 508
60 48 18 1 514 683
15 41 20 1 368 628
54 25 10 1 652 716
61 87 15 1 393 680
50 67 9 7 245 484
26 63 30 2 264 469
80 93 8 6 539 749
87 58 8 7 414 562
55 11 16 7 443 544
63 38 21 3 367 602
90 99 9 5 254 374
59 17 25 7 597 755
39 83 30 2 515 789
69 34 5 7 329 498
74 33 8 4 502 688
10 78 15 2 247 358
37 29 6 2 408 494
51 1 21 6 389 556
78 85 15 6 538 699
59 45 21 4 612 675
25 14 14 4 498 615
92 62 17 6 246 511
79 44 15 1 230 525
65 2 25 1 447 581
39 85 27 3 206 272
56 64 12 3 534 657
37 4 27 4 586 784
65 67 22 1 399 639
82 47 6 4 458 635
57 57 26 3 529 665
71 85 12 4 312 536
27 75 24 5 569 738
27 3 24 5 328 490
81 5 27 7 599 785
38 18 24 5 321 400
18 78 21 4 413 524
6 83 15 7 228 387
84 67 20 6 569 792
100 64 11 6 298 456
3 26 20 7 410 695
64 82 27 6 541 719
47 30 23 6 296 381
24 15 12 5 566 629
79 97 27 2 496 792
23 60 5 4 673 784
6 1 24 6 408 468
51 91 28 4 476 767
52 52 28 2 433 552
17 65 24 1 215 441
44 16 7 6 240 449
50 53 21 1 228 378
93 96 11 5 201 262
15 100 25 1 209 431
9 62 15 7 386 516
18 100 20 2 389 511
77 79 9 2 219 496
44 78 29 6 375 481
19 75 29 6 357 568
24 11 11 2 543 614
88 96 12 4 456 620
79 45 6 4 283 458
72 26 19 5 270 362
78 76 27 7 300 515
14 87 29 5 413 548
27 97 6 3 511 782
49 38 25 5 469 542
13 73 27 1 652 788
75 73 13 7 428 701
14 70 10 4 429 720
80 85 5 5 265 360
95 79 9 6 575 679
65 91 18 7 349 467
53 99 21 3 413 618
10 85 22 4 255 373
99 6 12 1 499 618
32 93 18 7 203 335
53 81 19 6 624 723
17 83 15 4 485 573
32 34 28 2 289 470
36 4 27 6 435 626
34 71 13 7 383 653
14 20 7 2 426 618
94 13 13 1 335 554
20 15 20 5 295 513
9 85 20 4 579 781
62 24 23 7 511 604
2 63 5 7 236 454
39 28 8 5 360 534
23 43 23 4 546 654
55 66 17 3 547 780
14 78 24 6 455 652
70 68 21 1 265 425
65 65 17 5 412 680
79 74 25 7 449 545
15 76 24 7 202 331
58 12 16 3 255 397
63 67 18 4 596 798
71 74 29 3 421 618
96 87 11 7 241 334
2 36 8 7 481 642
97 81 29 2 474 581
99 12 24 2 461 592
63 96 30 1 704 778
2 28 29 6 487 617
89 0 16 7 366 660
50 60 24 5 671 797
80 42 14 7 511 750
36 43 11 4 546 705
6 88 17 2 287 431
77 75 14 7 528 680
39 82 11 7 479 681
73 0 29 4 250 367
46 87 22 6 447 730
76 19 12 2 417 628
98 18 19 4 242 309
0 66 21 5 258 552
19 64 15 6 361 485
47 38 6 2 702 775
40 96 11 3 307 590
63 8 17 4 334 562
54 43 13 3 331 527
72 34 6 6 534 690
32 40 28 4 525 744
42 9 26 3 496 653
48 11 28 3 309 439
61 96 10 6 281 348
6 66 20 1 357 482
23 32 20 3 204 439
79 64 28 1 517 645
57 90 18 5 580 678
13 41 10 2 402 685
73 30 6 1 536 774
25 25 10 7 266 546
7 37 9 2 388 495
20 68 11 1 540 673
52 87 18 3 450 748
14 27 12 6 206 272
55 24 18 5 494 654
66 21 18 2 604 702
68 48 30 6 214 349
64 87 14 7 352 649
57 80 6 6 328 461
39 51 23 6 208 401
77 10 28 4 343 444
4 49 27 7 315 413
8 45 21 7 398 584
48 12 21 7 343 451
25 16 15 2 325 475
3 55 17 5 225 330
82 0 7 6 550 699
11 72 17 2 412 529
88 53 16 3 230 452
14 12 23 7 556 677
36 91 14 4 462 703
24 12 12 3 498 798
5 50 14 3 261 520
42 82 21 3 551 634
57 92 8 6 555 639
31 24 27 1 283 427
52 86 25 3 573 790
6 4 25 7 478 678
66 13 10 6 234 403
75 37 27 7 344 621
62 96 7 7 462 611
72 2 19 7 531 783
10 59 29 2 396 480
22 13 8 4 305 579
20 32 18 6 305 447
28 98 9 7 529 610
8 9 12 7 356 451
88 62 21 1 233 306
9 30 16 5 393 640
3 7 16 5 338 440
94 24 27 7 216 488
28 2 13 4 497 766
33 3 5 5 317 467
31 19 13 3 619 714
19 31 16 1 569 666
87 15 14 7 451 741
45 86 6 1 438 594
56 66 15 4 607 702
100 15 28 2 655 741
60 26 26 1 252 335
31 70 25 3 475 598
6 81 18 6 392 559
57 2 28 2 529 669
17 52 15 3 363 618
98 15 28 2 228 341
70 21 11 3 532 660
66 12 29 7 618 741
80 48 17 5 625 750
59 64 23 1 476 610
60 22 24 7 460 592
84 90 30 6 532 687
90 18 11 3 563 656
24 83 18 6 602 782
15 13 10 3 477 752
90 20 17 6 527 674
81 8 13 6 410 495
99 36 20 2 211 363
24 91 20 7 256 367
46 51 20 2 265 521
44 96 9 4 642 769
65 98 21 1 467 606
26 2 30 5 323 457
66 94 22 3 588 760
