509
98 94 0 0 0 0
67 83 9 1 583 643
5 46 15 1 459 601
87 95 22 6 665 795
6 19 24 7 291 490
39 22 20 4 532 617
4 58 13 7 491 574
25 13 8 5 545 644
86 97 7 6 478 629
60 15 22 4 260 503
31 28 12 1 584 730
53 33 28 7 609 749
100 32 26 3 511 768
27 28 18 3 423 641
57 62 28 5 200 301
46 24 11 6 251 429
68 16 15 3 205 446
36 75 5 4 273 474
16 27 21 7 510 641
15 21 19 7 366 466
42 49 27 4 525 594
80 96 18 7 310 433
85 48 21 1 358 447
15 67 28 3 321 586
7 59 23 2 509 587
51 66 13 4 389 623
15 62 29 1 260 412
97 5 15 6 204 494
40 37 7 2 496 635
52 59 7 7 242 328
40 71 11 3 441 592
29 56 17 3 445 602
19 28 30 1 564 631
88 87 24 4 669 754
21 78 29 2 363 648
97 76 17 5 286 449
41 16 26 7 291 429
60 32 26 5 642 766
31 7 19 2 333 456
17 10 19 6 306 518
18 32 11 5 273 422
13 76 25 6 532 754
35 10 16 3 432 616
46 77 22 1 510 589
37 58 10 1 465 568
75 58 9 2 292 490
81 73 11 5 582 660
8 77 23 7 564 752
73 49 14 4 337 530
8 62 24 6 648 757
98 95 12 7 218 306
25 55 6 7 208 408
58 11 13 4 445 567
66 64 5 5 201 473
33 88 8 7 523 741
67 29 11 1 279 366
17 98 19 7 387 597
56 8 12 5 534 694
44 41 6 1 452 728
71 90 7 3 350 528
72 85 19 5 528 637
96 51 27 2 456 524
36 37 15 7 289 496
43 25 7 5 500 693
54 92 10 4 658 723
83 4 7 1 340 471
8 84 18 1 341 558
100 45 12 2 498 694
25 26 17 1 358 656
42 77 29 6 544 695
68 40 26 4 279 383
57 82 19 6 326 541
38 41 21 5 484 742
68 10 23 3 366 604
95 3 5 4 650 732
92 1 14 2 548 790
53 93 6 6 356 647
77 13 28 4 393 511
33 68 17 3 560 689
84 75 15 6 450 611
76 51 19 1 390 617
43 12 12 1 590 690
18 77 25 2 397 655
8 18 28 7 429 614
47 79 10 3 322 609
81 63 20 1 273 412
19 18 27 7 394 545
72 53 25 4 437 528
2 85 12 3 396 492
74 16 16 5 687 773
89 76 20 3 361 587
73 96 22 4 617 767
27 97 22 7 571 636
65 87 14 7 638 699
59 40 17 3 421 597
67 51 25 2 472 652
54 6 21 2 502 787
18 33 22 3 451 723
7 33 20 1 443 576
76 24 23 7 450 586
94 2 28 5 386 464
33 16 13 1 493 637
4 18 28 7 394 502
16 43 7 3 233 495
52 28 8 5 449 633
47 78 12 6 363 638
17 1 15 2 506 680
6 1 19 2 434 675
86 7 28 4 496 776
15 57 18 3 627 783
46 52 24 7 730 790
94 16 10 2 379 576
13 44 6 3 455 707
18 90 23 7 361 649
7 98 22 2 327 472
9 43 22 3 307 524
100 46 21 3 404 554
53 47 17 3 427 514
7 3 11 5 260 367
77 29 28 1 536 631
71 70 17 3 241 405
54 63 12 2 462 747
88 20 8 1 436 618
16 11 28 5 402 493
65 98 19 6 694 777
94 50 11 7 297 390
62 0 8 3 458 650
82 45 29 3 288 466
76 17 8 5 562 771
20 51 19 6 444 708
29 11 21 7 391 549
95 37 20 4 310 562
25 77 26 1 227 466
13 18 7 6 620 758
93 17 18 6 249 420
27 40 25 4 478 680
55 37 30 6 221 302
72 56 24 3 219 290
92 14 18 7 509 749
22 58 7 5 296 579
22 24 27 7 509 622
93 77 18 3 328 616
89 11 10 3 414 691
96 24 9 2 495 782
87 54 5 3 202 321
3 43 11 1 479 565
45 68 29 3 590 733
33 5 21 7 421 506
21 11 18 5 251 367
71 91 28 5 354 577
43 88 12 7 418 585
37 61 15 3 308 415
68 21 7 1 496 737
12 80 30 4 377 523
64 84 6 6 375 484
28 69 17 1 509 726
36 57 12 4 377 509
69 59 24 5 322 399
80 51 28 4 340 639
48 49 30 3 491 632
80 0 5 2 615 710
91 94 20 6 628 798
10 12 30 1 448 747
43 95 13 1 495 723
20 6 17 3 532 739
43 14 8 2 371 493
20 49 22 7 482 766
93 1 28 3 237 481
35 61 9 7 501 695
99 58 7 7 403 593
20 74 30 6 599 716
12 38 22 4 206 364
81 33 14 4 230 488
11 80 11 1 392 575
49 19 18 3 436 729
8 40 12 2 380 533
19 85 22 1 326 398
49 83 22 3 653 797
82 10 21 5 408 602
51 31 13 1 355 493
83 65 24 3 432 532
14 78 26 6 434 571
52 86 10 3 273 455
83 16 16 4 608 686
93 24 10 3 499 564
12 22 9 7 506 624
25 60 23 7 336 542
0 24 9 1 441 622
10 87 24 1 215 482
22 12 18 7 419 515
97 59 12 6 529 754
30 87 9 4 509 662
90 78 20 2 325 485
46 35 12 6 426 682
61 10 10 5 248 516
9 65 22 5 242 537
1 17 28 7 476 629
63 11 19 1 504 629
71 73 9 1 368 588
99 43 13 4 482 717
48 3 9 2 381 465
81 35 15 4 423 666
63 75 18 6 484 722
35 36 7 6 265 548
41 80 15 1 397 611
63 77 25 3 241 318
94 5 7 4 351 447
26 32 9 6 367 603
28 83 5 3 438 551
46 41 25 1 573 726
63 15 19 1 493 756
37 72 25 1 574 680
81 55 6 7 476 685
18 53 22 6 574 648
76 82 30 5 297 512
79 29 28 6 357 463
75 82 25 4 280 461
37 69 15 5 234 434
74 21 14 5 571 725
42 56 10 4 399 521
81 94 20 2 335 620
77 35 8 2 536 764
32 16 15 7 248 523
54 86 5 6 490 618
29 61 26 3 491 701
73 79 11 5 310 427
63 73 25 5 499 650
93 69 20 1 432 551
42 82 12 1 454 516
72 81 7 2 477 557
57 7 22 7 271 338
97 33 7 7 200 493
76 76 30 6 462 676
92 12 21 4 377 479
100 44 17 3 456 668
26 35 18 6 312 600
8 57 24 3 693 778
46 2 30 5 596 754
61 68 15 3 447 547
12 24 27 6 355 585
31 33 6 4 516 718
37 46 17 6 276 454
38 23 25 2 248 498
53 81 5 4 310 566
87 75 23 2 334 440
21 0 28 4 258 330
81 88 20 1 514 765
92 76 19 3 245 413
55 45 19 4 508 577
71 32 13 3 414 539
74 41 21 1 370 439
68 4 30 7 342 445
13 53 6 5 212 333
38 30 23 7 544 780
95 85 30 7 639 707
73 56 16 3 263 433
42 29 21 1 347 427
37 23 13 6 301 380
36 62 11 6 557 723
85 13 15 5 249 441
45 46 25 4 242 502
91 2 10 4 526 741
9 55 16 3 601 690
82 3 8 2 443 685
59 46 16 5 502 785
5 41 26 3 669 747
96 69 11 1 395 558
48 57 6 7 309 581
80 25 26 4 255 384
76 58 24 6 431 721
83 95 9 2 244 399
73 20 14 4 487 614
38 20 19 7 255 505
22 6 6 3 248 516
89 36 8 4 235 322
86 90 18 1 478 767
50 92 28 3 301 566
38 43 10 1 321 509
12 82 13 1 409 565
87 88 7 3 431 727
44 28 10 1 414 669
86 21 17 7 243 463
73 22 9 5 419 635
65 69 12 6 237 470
28 10 28 7 390 663
67 27 30 2 292 406
89 6 29 3 329 427
3 19 25 7 336 421
61 79 26 6 455 752
25 79 18 2 322 565
82 33 6 1 260 385
81 61 29 4 399 507
19 79 26 5 443 576
2 100 17 5 416 597
86 10 13 4 343 513
57 2 22 7 332 485
15 18 27 3 407 582
96 46 29 5 319 469
82 23 22 4 588 740
86 84 9 7 512 772
87 23 30 6 225 404
1 97 13 3 239 379
38 0 6 7 204 387
9 51 13 2 380 497
33 41 21 7 306 529
33 31 23 5 627 762
34 29 6 2 464 628
44 87 15 7 515 761
16 23 22 3 630 726
2 56 25 2 340 578
27 4 17 7 415 584
6 47 28 1 396 514
53 38 16 5 213 327
64 24 29 1 484 782
69 46 23 7 562 701
50 64 30 6 243 442
33 79 19 4 589 706
48 73 22 4 491 684
19 43 12 4 268 340
2 80 17 3 333 559
7 43 28 6 603 715
86 27 29 4 392 539
96 84 18 6 386 507
81 12 5 1 403 603
72 13 7 2 385 459
6 26 13 7 388 617
95 79 12 2 555 735
79 77 24 2 348 445
75 96 8 1 402 487
94 54 18 5 348 621
67 38 25 1 483 640
55 83 24 1 568 681
66 31 15 7 659 790
79 33 11 2 260 549
88 51 6 6 201 485
21 85 8 1 509 632
48 6 19 1 616 761
36 38 29 4 575 749
13 6 20 1 494 626
86 72 28 6 470 633
72 61 28 1 611 696
23 40 30 7 314 505
78 96 10 5 222 501
26 20 8 2 343 524
51 58 26 7 268 379
93 15 15 6 471 607
50 77 22 3 588 728
76 60 25 6 236 452
71 0 14 4 563 749
40 51 22 5 479 543
49 39 8 6 267 383
85 95 10 3 712 774
100 81 19 6 260 404
61 94 9 4 409 523
24 81 23 2 277 368
96 94 9 7 413 565
20 70 28 1 294 476
99 94 9 1 528 731
76 63 5 7 316 519
36 73 5 3 292 406
6 39 15 4 314 518
29 54 24 6 255 349
31 49 6 7 277 395
45 27 14 2 414 544
75 3 25 2 571 653
81 79 11 7 212 459
12 14 7 3 214 484
35 82 14 6 314 568
16 42 16 2 524 594
28 3 25 1 422 513
80 70 29 6 640 779
14 41 23 6 518 738
89 91 11 5 486 673
37 74 26 7 566 783
7 80 19 5 461 756
52 0 8 3 474 629
36 45 23 6 449 722
24 22 23 3 323 435
8 26 30 7 593 667
98 70 17 4 358 515
44 69 28 6 448 725
78 85 7 6 397 586
24 47 17 5 513 769
39 92 19 1 603 757
14 87 25 5 251 476
4 60 18 2 358 429
18 95 28 4 520 728
4 36 20 1 441 530
59 85 9 7 474 561
6 52 7 1 503 672
36 19 23 4 462 592
98 79 15 6 528 598
89 66 27 2 519 625
5 4 26 7 374 625
46 13 5 6 545 784
95 47 23 5 438 561
70 89 10 3 526 696
86 4 23 7 372 491
21 22 18 1 300 509
84 63 30 1 277 513
53 17 22 1 234 339
61 74 9 5 254 420
77 52 27 3 326 571
35 34 27 3 472 728
19 77 23 7 348 440
26 87 27 3 357 541
53 19 27 7 330 541
18 88 12 4 434 527
69 16 16 6 344 544
78 81 9 4 206 423
61 64 21 7 616 785
35 43 22 6 287 488
95 90 7 5 389 614
12 57 10 4 243 419
18 31 22 5 249 331
32 18 15 3 424 668
56 90 5 5 222 462
72 43 25 4 575 663
2 89 14 3 418 487
79 35 18 5 514 627
65 82 12 2 479 696
2 75 17 1 640 774
47 11 23 1 483 677
32 73 15 7 695 768
100 41 7 7 465 664
90 88 30 5 484 721
93 52 21 6 508 635
22 92 6 5 523 591
20 17 10 7 426 568
99 2 30 4 430 500
48 4 30 5 202 346
74 26 20 1 288 388
44 24 22 1 455 567
14 91 13 1 216 334
14 11 21 5 387 678
9 24 29 1 614 733
10 46 15 6 501 628
97 41 13 7 426 701
75 42 26 7 447 533
20 61 27 6 287 478
1 32 14 6 473 650
68 56 18 7 358 500
2 84 12 7 294 366
34 93 25 2 219 418
62 36 10 5 301 565
12 15 16 2 521 685
92 64 21 4 386 671
66 67 26 3 311 460
26 19 28 5 389 508
48 90 20 3 492 698
7 64 7 6 468 750
54 37 15 4 263 325
44 56 12 7 508 577
87 80 20 3 295 427
34 4 20 4 276 381
76 73 27 4 227 454
48 66 24 2 228 488
85 1 21 4 425 508
45 75 30 6 403 536
97 30 11 1 293 442
41 57 18 6 233 493
98 49 21 7 209 501
54 84 26 6 592 757
7 72 18 6 451 699
2 0 16 2 434 712
28 37 27 7 398 609
25 65 16 7 553 669
2 81 14 6 381 608
3 18 18 4 498 667
31 59 30 6 395 635
78 89 22 7 566 775
45 34 23 2 711 787
28 82 21 5 258 476
12 37 6 6 241 319
8 42 29 5 526 736
47 2 7 7 417 708
28 45 10 4 200 475
68 80 20 1 268 340
0 35 18 7 402 584
96 87 14 6 220 406
55 84 9 5 215 370
75 29 19 1 421 540
78 34 26 4 624 746
56 35 28 7 354 625
98 7 13 6 474 681
83 38 17 4 555 744
77 100 13 6 278 540
32 87 18 6 348 562
68 68 10 5 294 441
18 72 30 7 431 688
56 81 9 4 611 771
55 85 10 6 393 453
21 51 22 4 404 533
82 14 15 1 614 718
71 29 16 1 289 480
25 66 24 3 218 498
17 3 22 3 470 736
91 79 27 7 209 425
83 54 18 7 475 556
69 71 29 5 494 560
80 16 22 2 410 613
27 37 8 7 432 560
10 91 21 3 645 712
19 10 9 7 458 625
100 94 19 3 377 514
25 36 9 4 225 298
82 13 16 7 308 376
3 68 15 2 218 424
87 72 29 5 641 770
