1995
46 2 0 0 0 0
49 100 23 5 207 483
58 32 16 2 524 665
9 7 26 1 500 712
40 54 22 5 252 440
34 31 20 1 437 507
13 53 30 6 693 759
2 80 16 1 458 666
82 90 20 3 306 492
10 95 19 7 264 360
39 70 9 4 579 719
98 49 5 5 402 685
33 58 13 4 252 358
81 49 26 7 619 742
13 3 26 3 265 560
86 34 5 4 472 647
64 95 28 4 439 521
98 15 17 2 608 780
40 44 24 5 317 403
49 73 8 5 315 545
95 65 25 7 261 472
54 72 28 2 489 777
1 42 6 7 293 392
92 27 23 7 537 770
19 74 19 7 279 442
6 48 7 6 303 414
57 15 17 5 390 511
37 18 29 4 483 563
62 54 28 5 466 677
43 66 6 2 617 693
8 57 8 2 486 639
61 29 17 1 482 682
73 39 8 1 201 464
46 42 6 7 350 512
96 21 11 5 235 410
39 100 23 5 353 455
26 47 13 1 229 389
72 28 23 1 215 515
13 69 27 7 269 538
43 84 28 6 689 792
75 47 29 1 601 755
96 50 28 2 343 427
83 95 24 5 214 414
12 47 28 3 688 784
99 58 19 4 533 619
75 64 10 1 548 655
93 44 19 7 404 580
33 27 15 7 499 731
90 76 29 7 400 700
12 11 6 1 291 560
42 88 29 4 427 672
84 98 6 2 435 591
14 45 14 7 437 656
100 5 17 4 436 582
78 16 8 6 618 693
5 51 6 6 276 341
17 11 27 5 661 763
70 60 8 1 305 527
23 67 27 2 315 380
29 46 11 7 362 626
98 32 30 4 555 628
20 92 15 6 277 431
98 43 17 4 348 535
34 1 12 7 454 624
68 72 29 4 625 793
73 93 13 2 542 795
41 70 27 7 376 521
35 76 8 1 390 674
54 55 16 5 210 301
100 53 11 1 460 693
23 17 27 3 402 615
21 3 22 7 588 674
75 44 12 7 494 607
5 22 10 3 501 566
81 23 29 1 324 564
88 27 7 7 341 471
12 8 10 4 398 463
45 93 26 3 537 695
86 22 26 7 342 476
32 7 29 4 484 757
48 16 23 2 395 498
2 31 11 2 274 503
73 90 19 3 319 549
100 8 8 2 418 616
4 56 22 5 522 773
0 87 19 1 243 431
33 14 16 6 242 389
59 78 23 6 560 752
2 89 21 1 256 358
46 72 12 3 580 691
10 72 9 5 450 678
17 24 25 7 399 584
40 79 18 5 360 461
79 84 10 7 533 605
79 18 6 4 302 568
50 75 19 7 499 594
95 29 9 2 555 720
12 95 10 4 465 692
99 35 21 3 498 755
65 28 8 6 509 691
74 7 26 6 557 756
96 31 18 6 466 602
90 88 26 6 222 486
83 4 28 2 437 537
61 39 12 4 233 402
99 90 9 3 292 582
62 42 6 7 331 529
91 14 5 5 461 629
84 33 28 7 460 636
88 16 29 2 343 483
87 33 19 7 395 615
77 0 18 4 644 793
80 54 23 1 470 738
59 65 14 1 459 611
21 16 12 7 687 765
12 26 26 3 619 761
83 10 30 4 579 744
78 22 26 6 370 611
12 69 9 4 421 651
93 73 17 3 326 487
19 62 25 4 566 711
92 66 7 4 445 682
47 53 30 7 487 606
50 83 23 2 371 435
46 7 26 5 625 770
70 22 6 7 696 786
76 47 19 6 321 462
50 36 30 1 526 727
7 30 19 3 687 765
5 92 23 5 399 654
1 91 8 7 561 639
46 91 6 3 406 469
19 19 10 1 519 634
22 2 29 3 425 696
9 84 8 5 219 477
65 52 23 3 220 482
52 72 28 2 529 796
36 17 8 4 467 670
52 60 6 6 291 563
17 94 16 4 653 716
17 51 20 2 243 448
20 12 22 6 554 722
10 35 26 5 349 539
11 85 11 3 430 653
81 46 28 4 554 625
17 64 15 3 497 660
0 49 26 2 418 700
93 75 7 1 334 546
35 64 26 6 414 596
72 93 18 2 291 354
97 52 22 5 303 449
15 29 28 2 551 717
94 7 19 7 509 581
34 15 6 2 503 783
87 63 24 3 571 718
23 96 23 3 346 611
28 9 8 6 685 788
75 21 29 3 220 433
78 78 7 1 610 710
32 84 26 2 495 588
73 61 7 1 584 779
92 76 6 5 342 458
29 28 9 4 455 648
42 51 19 1 221 487
14 7 14 7 204 332
80 34 14 1 712 774
45 8 26 2 227 366
2 33 29 2 602 762
87 60 30 1 229 439
12 61 12 1 668 761
75 4 18 7 418 540
58 20 29 4 214 477
15 99 11 7 320 420
84 3 7 7 584 673
21 100 17 6 276 408
86 10 24 5 497 724
35 68 28 3 445 546
44 10 30 4 363 649
15 10 12 2 256 493
26 26 26 5 357 491
14 87 26 6 599 735
8 23 29 7 694 788
1 29 20 1 583 673
23 25 9 5 561 638
76 45 12 7 249 492
26 30 7 4 356 436
20 23 20 1 375 604
99 84 7 2 373 630
62 28 12 5 553 655
52 47 23 2 342 582
33 64 7 5 326 472
8 72 11 6 331 603
100 38 13 6 510 654
47 14 12 7 660 796
16 5 8 1 324 569
70 76 6 4 436 651
60 68 10 2 273 357
94 28 22 4 353 504
23 48 17 7 360 457
20 65 13 7 303 484
98 77 29 1 224 475
70 19 18 1 443 578
33 0 18 5 281 473
91 59 30 4 419 651
6 12 11 2 576 748
31 19 20 5 287 407
75 69 25 2 337 409
7 29 14 5 655 748
65 46 12 6 456 624
57 45 8 6 338 538
29 32 5 1 529 763
79 86 19 2 373 512
3 74 29 3 233 519
85 90 29 4 352 477
22 83 15 2 388 680
56 1 29 6 581 692
43 91 27 6 598 691
2 26 19 3 287 404
47 32 27 7 205 483
16 83 5 6 494 566
14 66 24 6 370 551
6 80 25 4 376 452
33 95 11 7 418 488
12 89 24 6 249 539
8 58 12 1 480 735
10 62 17 4 678 779
24 36 8 1 486 573
30 73 11 5 323 554
71 91 16 7 375 609
14 23 30 7 423 572
33 92 24 1 668 777
40 85 30 3 524 757
98 11 8 7 212 335
66 6 28 4 395 629
63 90 13 7 256 349
99 30 27 6 311 477
72 62 17 1 415 503
31 20 17 5 244 470
37 59 10 1 265 450
45 70 23 4 678 791
27 67 16 1 455 679
10 60 28 6 230 444
29 79 15 3 373 661
49 32 16 1 323 489
15 20 14 7 327 432
65 56 21 6 374 437
32 95 24 3 389 679
30 90 29 7 470 670
12 94 28 6 529 659
39 72 13 6 486 682
81 37 17 6 697 796
55 94 27 1 372 566
66 21 16 2 324 446
3 38 22 4 323 593
28 34 26 6 266 444
32 72 28 7 536 684
85 96 12 7 324 604
40 23 13 4 240 379
90 20 5 1 283 435
73 49 7 4 644 723
89 23 17 3 322 571
78 46 5 7 408 530
63 42 16 6 657 791
4 44 24 1 289 562
19 6 27 3 498 702
41 11 8 4 609 742
69 11 10 5 588 656
13 67 27 4 237 314
98 68 15 2 446 675
77 21 26 6 220 363
82 19 17 1 503 740
22 45 28 1 335 433
67 84 13 6 369 467
23 63 9 3 486 547
78 66 13 3 456 571
82 24 8 7 213 373
91 12 16 4 227 406
42 6 28 1 393 514
96 27 22 1 420 620
80 53 8 1 615 775
86 47 30 3 450 543
85 41 8 6 504 652
1 41 21 1 477 635
54 35 9 3 640 770
43 99 8 3 447 689
66 25 18 4 612 694
76 51 15 5 498 562
16 33 28 4 455 657
45 85 11 2 308 522
56 13 7 4 233 419
40 42 28 2 517 683
7 67 7 2 380 453
36 67 17 5 468 756
55 69 11 6 329 602
30 65 27 6 342 598
84 31 26 4 564 788
13 88 29 7 468 617
27 89 24 7 312 518
30 5 21 6 238 377
48 91 24 5 292 578
47 20 7 7 222 400
34 14 25 1 692 789
53 45 26 4 242 513
92 83 26 5 614 728
89 61 6 1 709 772
88 43 11 5 251 312
26 17 9 3 461 745
35 0 25 1 636 784
15 55 7 3 349 573
65 40 11 6 630 774
91 57 20 4 650 786
97 39 28 5 536 695
22 11 28 2 396 662
91 49 23 6 334 441
64 80 12 5 401 675
38 91 11 3 496 743
80 83 20 1 439 677
69 74 17 3 246 478
45 75 20 2 387 585
19 83 24 3 532 774
61 20 9 5 564 690
77 19 29 6 414 541
67 4 22 3 430 636
52 24 9 7 388 685
68 68 12 5 683 786
1 23 30 2 599 704
18 36 26 2 428 498
21 33 24 1 273 485
82 49 8 6 446 508
84 75 14 1 345 411
98 53 22 2 344 418
20 74 26 5 272 549
36 98 6 6 297 451
5 31 24 7 493 652
64 63 13 7 396 627
20 52 25 2 404 679
93 56 19 2 404 585
97 53 10 3 524 682
30 9 29 6 495 763
10 84 7 4 227 372
38 34 15 6 643 777
26 56 30 2 397 520
17 30 14 5 315 540
58 78 7 4 200 440
31 26 6 4 350 650
52 82 24 1 419 718
100 96 19 7 603 771
75 75 7 4 205 361
55 79 16 7 363 452
21 38 28 6 320 446
73 55 15 7 419 578
83 81 18 2 435 550
68 79 29 6 326 595
97 90 21 6 579 702
4 79 23 5 369 641
69 85 13 6 453 740
63 88 19 5 436 682
71 43 18 6 568 696
91 17 30 3 469 744
87 18 29 1 281 362
91 76 27 6 269 455
34 87 10 7 590 682
47 60 18 6 247 338
14 95 16 6 710 788
23 9 21 4 544 673
25 53 28 4 200 269
3 9 15 3 355 559
89 69 24 3 545 639
98 47 13 4 314 530
12 0 7 6 271 562
61 9 7 7 652 754
71 11 27 4 596 710
3 26 20 6 309 447
3 24 11 3 229 417
25 54 11 7 420 577
51 61 20 7 306 470
36 85 14 2 536 618
88 7 24 4 358 418
69 27 12 2 395 644
73 45 5 5 423 604
80 3 30 4 564 654
29 98 9 4 282 509
25 18 9 5 568 635
92 17 10 2 471 551
9 85 11 4 315 599
77 26 21 6 358 499
96 24 12 4 437 613
25 77 5 5 409 626
8 39 19 1 633 783
95 77 19 4 223 332
42 61 8 2 293 588
38 41 5 4 243 448
0 57 22 1 681 755
66 29 22 7 281 369
36 56 6 2 565 661
67 85 16 2 584 760
23 75 28 5 711 798
98 85 9 1 213 464
25 40 27 2 463 703
20 49 11 2 220 309
35 20 24 2 207 386
77 100 19 3 508 598
39 19 29 1 439 536
18 1 7 3 300 568
25 2 22 3 293 501
30 56 9 5 428 692
51 54 5 1 538 791
12 90 13 6 581 666
68 6 25 5 439 519
89 38 30 5 605 748
1 92 9 4 445 644
94 89 5 1 600 767
74 81 27 3 535 700
66 43 21 5 322 575
97 93 11 7 226 307
81 74 30 7 289 517
35 34 24 1 505 695
69 91 21 3 524 671
8 67 30 2 441 708
66 95 6 1 444 680
72 35 27 5 562 717
19 60 16 1 520 726
40 59 9 6 416 652
82 1 29 4 264 378
29 60 24 5 514 579
27 11 13 5 584 660
63 31 12 3 444 617
10 88 28 3 487 592
27 16 8 7 350 619
36 41 19 6 317 490
8 61 13 4 403 656
13 32 17 5 522 630
14 36 25 2 264 531
16 68 29 2 452 532
72 20 16 3 466 737
71 73 17 1 364 598
62 60 10 7 729 800
49 44 7 7 558 653
85 54 18 3 440 678
72 98 28 6 283 516
56 67 23 5 288 585
30 27 15 3 685 748
80 76 30 2 287 432
73 51 11 6 288 582
30 68 18 1 283 350
43 61 13 4 472 667
78 36 13 2 393 476
36 60 12 7 268 522
39 81 15 6 278 461
65 94 13 5 264 484
29 10 18 3 294 370
76 53 23 7 568 719
76 10 30 2 585 693
52 32 24 7 350 573
97 79 30 2 365 648
5 9 5 6 661 732
13 95 9 4 366 627
5 63 29 7 357 568
0 60 19 4 447 719
37 70 13 5 466 736
14 13 10 3 242 491
72 18 26 5 248 380
77 3 11 2 516 797
55 84 7 6 218 298
39 3 16 4 328 464
64 70 24 1 569 741
28 11 18 4 495 729
79 29 14 1 306 490
41 90 12 3 355 639
48 63 24 4 491 551
60 80 21 4 501 568
6 70 26 2 479 727
52 16 23 3 239 349
100 59 29 5 245 339
85 72 14 4 598 749
11 66 8 2 319 614
65 21 14 3 336 627
53 85 5 2 626 725
72 55 17 3 292 396
60 42 14 5 290 374
64 19 20 7 506 731
85 89 5 5 227 419
24 6 27 6 612 698
89 85 26 3 410 501
73 8 8 4 387 524
88 30 5 6 307 410
96 67 13 2 549 759
57 14 5 1 722 788
58 10 16 3 254 482
16 65 15 1 276 360
55 55 14 1 422 497
80 78 16 7 304 374
13 12 16 2 648 726
64 38 22 1 453 722
47 98 17 6 508 749
54 23 18 1 359 577
11 2 12 1 520 675
99 6 5 3 636 765
67 16 22 3 226 514
44 3 8 3 550 674
88 4 22 3 517 605
35 3 20 5 340 540
66 99 21 4 580 735
8 14 8 4 309 572
22 84 25 7 216 346
63 93 13 7 446 511
68 41 20 5 538 757
89 44 7 5 246 339
95 79 9 2 361 445
13 0 14 5 238 302
39 90 13 4 479 638
52 61 16 2 204 358
85 68 16 1 544 789
39 78 9 5 722 798
3 70 27 2 629 699
7 21 7 7 542 702
73 81 22 7 607 794
10 41 29 4 320 425
64 92 18 6 251 395
8 86 17 2 372 610
57 36 26 2 201 448
35 74 26 6 507 785
35 23 21 5 532 654
65 9 18 6 619 792
67 53 24 5 551 695
9 11 19 5 232 486
50 94 20 1 513 627
75 83 30 2 234 495
31 86 19 4 647 778
53 47 24 6 420 629
29 92 9 2 346 476
76 99 20 1 484 648
40 50 9 6 355 635
63 41 17 7 368 528
17 98 15 3 594 776
45 74 19 7 708 775
95 37 17 6 332 540
49 87 25 5 262 457
70 13 14 4 307 566
87 70 23 7 474 547
27 23 17 6 585 666
92 88 13 7 200 463
27 87 7 5 450 510
15 80 13 4 548 711
81 67 6 5 322 620
44 45 10 7 490 573
6 78 14 1 289 373
6 53 5 6 210 285
50 77 29 1 256 346
75 23 16 3 326 540
11 82 8 1 473 681
62 26 13 5 561 686
78 23 11 4 504 717
62 31 12 4 539 737
6 37 28 5 338 607
51 86 8 4 419 700
55 8 28 1 401 585
14 98 27 7 232 481
28 20 16 7 515 626
75 71 6 1 455 597
88 100 16 6 505 635
65 7 10 7 482 557
63 60 11 2 437 585
26 43 14 1 255 511
16 44 18 4 592 667
47 57 23 4 350 526
92 45 22 5 268 488
96 48 22 7 394 651
51 87 27 1 240 407
1 35 16 3 216 484
38 88 6 4 611 797
89 42 11 3 267 546
36 27 17 5 465 667
25 73 24 2 308 514
73 69 27 6 511 698
56 35 10 4 273 567
74 27 13 7 512 744
89 17 6 2 589 653
33 82 5 4 655 758
47 21 7 1 224 384
18 51 30 1 495 697
9 75 16 7 385 679
94 37 6 2 663 755
41 74 13 6 478 674
43 54 20 2 302 495
9 58 25 4 455 674
66 75 16 7 399 599
53 97 11 5 383 649
68 38 26 2 443 619
44 96 24 3 559 720
84 85 13 7 552 673
5 81 12 3 409 528
32 48 24 3 731 794
11 54 21 6 544 606
3 65 22 3 555 635
54 49 30 4 360 447
27 86 10 2 382 620
84 44 18 3 253 542
96 45 8 5 210 504
55 30 29 3 237 497
80 41 9 7 385 658
71 45 28 3 205 367
68 19 11 3 299 503
85 74 8 3 676 796
70 69 5 5 488 670
50 17 13 1 290 371
23 33 17 7 331 433
55 14 20 2 544 724
3 41 29 6 569 739
29 74 27 2 260 435
83 89 7 3 473 561
72 2 29 5 249 414
53 36 9 6 655 723
96 53 30 6 217 420
63 52 9 4 427 653
45 16 30 4 532 741
66 85 28 1 246 329
39 48 13 1 478 657
73 87 18 1 525 748
61 8 25 6 474 771
6 64 7 5 293 555
34 6 14 3 460 621
2 2 12 7 301 535
25 36 29 2 631 788
46 57 8 4 383 544
61 64 19 3 674 759
12 9 9 2 525 711
57 11 12 3 364 492
48 2 30 3 616 739
16 10 29 4 367 612
5 67 18 3 544 650
42 67 23 6 354 609
88 45 23 7 676 770
51 81 12 5 375 555
81 1 8 3 556 670
16 37 21 4 553 710
76 67 26 5 568 738
49 48 25 7 219 336
78 51 14 7 323 389
83 12 13 5 392 681
36 50 12 1 223 461
1 28 29 6 289 427
36 97 25 2 525 699
48 94 24 6 376 663
64 20 19 4 333 472
49 1 21 3 621 760
52 18 23 5 509 590
23 99 19 6 484 723
70 39 17 2 270 480
0 45 19 3 645 710
43 33 16 4 261 424
19 40 12 2 423 721
85 57 6 2 400 497
6 50 19 5 647 735
66 38 30 3 359 482
88 60 10 4 291 549
11 58 17 5 453 728
8 29 8 5 354 608
58 69 15 2 423 488
61 52 7 4 349 495
91 22 29 4 441 533
48 89 24 1 472 534
11 67 9 1 341 554
23 23 20 2 440 645
55 28 23 2 407 495
85 45 8 4 210 294
9 6 10 2 236 499
55 9 10 7 554 650
10 98 10 7 213 300
79 80 29 3 627 743
36 54 27 2 524 752
22 52 23 7 645 785
74 75 13 1 601 769
87 42 14 2 551 767
85 92 24 6 453 667
76 58 7 3 565 745
8 69 25 4 432 646
60 41 28 7 277 488
13 100 25 1 605 734
30 19 22 7 456 719
11 20 29 4 646 790
34 85 17 2 614 690
58 53 6 1 383 522
85 48 28 6 572 723
22 17 15 2 270 345
74 34 20 6 347 565
69 15 21 3 275 484
88 20 27 5 206 291
92 14 18 6 508 578
39 2 17 7 304 457
21 0 29 7 490 740
74 11 20 3 464 637
69 38 28 7 404 617
21 42 25 5 518 610
8 64 13 5 582 751
5 83 14 2 500 691
49 49 13 6 391 550
75 45 8 3 237 433
88 96 19 6 428 630
55 75 25 1 361 641
11 77 8 6 371 444
75 43 22 7 335 404
5 79 22 7 553 646
45 3 26 7 435 618
9 23 9 5 209 328
24 37 17 5 611 764
33 40 26 7 211 458
92 64 26 1 365 490
36 88 8 7 246 531
51 30 20 5 372 489
2 30 6 4 428 628
79 81 27 4 360 608
47 7 19 3 216 316
23 69 9 4 437 532
98 86 13 6 529 696
44 26 21 4 354 513
27 51 13 2 230 421
14 59 11 5 511 714
80 89 11 4 540 668
41 29 23 5 474 595
9 77 8 6 373 626
82 25 23 3 447 731
57 76 5 1 574 640
95 96 15 7 459 672
90 17 19 3 582 642
91 4 29 3 469 542
41 82 8 5 495 678
32 96 27 5 588 695
38 7 21 6 295 514
83 78 23 2 248 491
57 83 18 1 232 463
100 63 26 2 413 660
47 79 30 2 279 347
7 99 26 1 503 577
17 7 17 6 545 685
72 76 24 2 587 773
16 54 15 2 560 681
37 83 17 7 246 424
2 38 27 4 552 715
5 59 30 6 475 570
79 31 28 5 219 467
18 34 26 7 658 793
37 77 6 1 370 439
74 3 15 6 200 366
84 92 14 7 494 566
6 72 5 5 283 456
11 21 15 1 354 541
90 61 20 7 321 498
46 54 11 5 440 573
38 89 17 4 303 515
44 20 23 3 355 561
60 48 17 6 391 616
1 34 24 5 599 792
5 21 15 4 255 483
81 33 16 3 293 415
83 42 20 3 282 563
71 92 28 3 416 489
95 75 17 3 283 432
1 44 18 5 533 659
73 10 8 6 276 510
67 59 28 7 403 692
8 56 27 1 494 705
93 60 6 5 239 300
83 49 5 1 250 341
81 84 22 6 433 612
34 47 5 7 578 798
22 5 11 3 246 337
98 18 7 5 288 440
27 90 5 3 364 557
81 45 29 4 639 798
39 14 19 6 343 582
3 7 9 3 261 429
17 45 9 5 534 776
19 2 23 3 556 729
52 11 5 2 545 766
22 94 13 7 288 356
21 67 29 2 600 694
91 39 22 1 396 520
68 64 30 1 293 587
68 71 19 3 380 547
84 13 15 4 386 454
66 37 5 5 448 581
19 79 17 5 388 678
89 41 10 7 204 480
27 24 16 7 253 490
82 47 25 2 479 600
49 88 29 5 474 578
80 69 17 6 450 569
92 87 27 5 343 460
44 54 19 2 311 379
51 45 16 2 665 761
75 53 21 4 582 761
73 64 5 3 246 480
87 91 10 5 525 722
48 22 20 2 452 517
1 74 21 3 216 286
49 0 15 7 486 603
48 85 12 3 282 556
37 44 14 2 575 704
50 82 18 5 307 399
47 76 20 1 455 731
90 12 8 1 633 728
10 53 10 2 378 516
68 49 17 6 204 339
14 21 17 6 390 648
13 39 25 5 308 399
87 51 27 3 202 495
45 65 6 5 499 619
68 3 15 5 254 388
23 20 23 2 323 525
35 52 9 3 362 434
57 90 11 4 309 381
51 62 25 6 327 440
32 93 26 6 277 343
60 2 11 4 375 527
36 93 18 4 277 450
91 90 18 7 217 286
67 96 12 4 390 511
11 34 30 5 469 719
48 21 11 5 406 689
77 99 19 2 296 457
64 87 13 2 367 442
58 17 18 3 255 503
76 82 5 7 208 324
36 96 22 2 588 783
30 76 25 7 540 755
35 70 20 1 611 799
37 93 18 3 489 721
58 49 24 3 429 667
96 66 23 2 389 578
63 84 8 3 510 591
13 93 18 2 347 506
33 1 11 6 451 535
87 29 26 1 228 360
91 23 23 1 237 305
64 7 11 4 292 555
3 72 27 4 311 440
9 38 21 1 457 646
0 54 13 7 669 737
84 11 8 6 204 476
45 36 16 5 593 656
30 87 27 3 389 639
41 10 6 7 353 481
86 15 22 1 227 457
48 3 30 7 492 758
78 55 15 2 494 608
68 67 8 6 390 505
61 55 22 6 252 498
62 69 22 1 448 574
50 81 29 7 255 397
83 19 21 4 218 415
50 79 12 3 524 722
27 13 18 2 434 695
63 56 21 1 233 427
7 19 6 5 367 660
46 49 5 7 467 702
52 20 24 1 660 773
55 25 17 2 493 784
63 70 16 6 483 723
98 76 22 5 379 620
23 32 7 1 201 346
99 14 19 6 676 787
43 81 12 7 675 750
77 37 19 4 478 721
81 17 24 1 336 405
26 25 19 7 613 723
59 15 9 4 288 465
15 56 25 4 270 471
79 11 24 2 458 647
60 77 22 3 237 447
97 29 28 7 559 727
95 70 11 1 353 592
85 37 25 4 547 692
37 21 10 4 374 652
96 77 29 4 268 365
49 16 7 1 238 480
18 97 12 6 500 758
0 68 24 4 366 651
55 74 26 5 348 607
22 59 22 1 425 555
96 79 13 2 322 488
22 27 26 5 277 367
14 38 27 6 517 686
39 22 8 7 385 582
87 21 12 4 410 509
16 11 6 3 376 576
31 76 6 1 360 567
10 18 29 1 258 518
38 10 19 3 365 492
58 41 13 3 320 528
65 53 20 1 585 683
5 32 30 2 437 509
90 81 7 2 442 722
25 8 17 7 503 749
49 37 26 2 305 502
82 62 30 4 494 603
100 60 15 3 641 745
75 65 11 7 360 548
71 74 22 5 294 478
60 38 6 7 269 356
73 53 28 6 388 549
2 83 7 7 422 661
43 5 12 6 217 393
93 68 21 6 421 599
73 36 13 3 360 544
89 52 26 1 613 782
14 9 29 5 236 388
36 59 9 5 212 408
95 44 28 3 344 428
92 47 8 6 537 628
41 1 20 3 398 612
18 31 30 3 510 718
63 87 9 4 419 691
20 80 20 6 595 656
89 48 25 5 484 756
5 88 28 6 474 596
96 25 23 3 354 537
88 78 26 6 268 518
36 82 29 2 684 749
41 94 9 3 247 471
46 84 28 1 400 468
24 62 27 6 310 411
17 72 15 2 237 362
25 39 19 4 278 502
42 52 23 6 436 597
65 72 26 5 390 683
95 9 25 4 213 346
65 34 23 1 351 505
48 71 15 5 545 732
74 52 27 3 370 551
92 29 9 4 410 480
48 24 19 4 526 643
90 35 15 4 548 745
42 54 28 6 420 710
42 18 10 3 493 585
75 81 10 5 339 488
73 3 12 6 342 487
65 8 8 1 308 543
46 23 10 5 631 726
28 39 27 6 466 649
77 47 26 6 589 706
93 66 6 5 414 640
38 67 9 7 528 599
55 85 7 4 609 751
29 66 28 6 440 525
23 21 30 7 376 613
34 42 25 2 445 687
27 31 19 4 215 465
85 66 21 3 602 781
4 95 19 2 404 487
42 85 8 6 526 800
92 5 8 3 213 285
94 68 13 2 685 763
87 65 19 6 299 440
56 29 14 6 686 780
85 53 28 6 516 654
74 33 28 2 362 572
6 97 8 2 630 799
88 97 26 7 355 472
42 40 13 2 487 587
72 1 23 6 374 565
20 42 15 2 462 591
82 27 18 1 566 769
51 72 7 4 511 613
2 74 26 3 319 444
89 15 27 7 403 693
17 8 11 1 519 687
87 28 11 3 424 485
18 9 15 4 265 359
36 94 17 6 424 643
95 34 7 7 434 662
34 5 21 4 220 507
59 70 17 5 338 525
10 73 20 7 254 332
7 58 15 7 517 643
2 82 25 6 580 663
15 89 12 1 377 536
22 92 17 7 661 750
40 57 24 5 578 692
95 32 18 2 220 382
44 56 27 1 329 545
69 28 27 1 346 463
49 83 8 1 481 716
69 61 13 6 504 574
55 67 7 6 483 637
29 44 6 1 492 625
39 9 15 6 451 729
18 35 26 7 607 774
57 31 8 1 358 446
27 7 17 3 397 537
93 17 28 2 691 775
66 71 19 3 674 737
74 99 22 2 509 680
50 76 17 2 551 787
35 5 12 3 497 723
43 78 30 7 261 462
29 63 21 5 324 390
78 48 26 4 461 671
8 41 5 7 633 760
23 37 24 3 670 769
55 50 6 7 496 734
15 43 27 3 436 717
30 8 9 3 332 599
1 84 29 6 290 467
8 19 20 5 466 669
64 31 13 5 265 513
71 54 27 4 572 657
95 100 8 2 535 702
62 44 10 7 531 653
42 23 28 3 239 372
26 61 12 2 251 438
81 77 12 6 561 633
3 39 30 2 324 597
54 37 29 2 443 575
5 68 20 6 609 694
63 14 13 4 530 590
26 32 20 6 549 650
58 68 14 3 250 340
59 29 16 2 479 721
69 4 6 7 260 471
33 87 10 7 532 643
30 23 5 2 465 734
90 43 14 1 553 752
18 24 23 1 510 596
98 64 27 6 256 486
11 24 18 7 421 665
48 86 29 1 612 778
100 25 30 3 350 636
65 70 19 3 671 774
51 3 7 4 403 658
29 54 22 6 530 774
38 53 9 7 256 468
47 18 9 7 505 595
20 37 7 2 382 588
57 21 24 3 200 407
37 73 23 1 443 707
87 7 12 3 322 427
84 46 11 2 398 476
90 65 23 5 518 646
73 1 8 3 369 640
88 32 22 3 416 495
47 61 15 1 344 448
89 19 22 2 400 490
91 74 15 7 429 715
20 21 5 6 552 728
95 61 16 2 340 531
9 27 19 1 525 799
97 55 25 1 530 660
35 69 21 1 617 714
88 40 22 7 418 685
22 61 5 3 347 515
11 65 17 4 529 699
88 46 7 5 274 352
78 29 5 3 218 428
71 24 23 4 226 334
31 50 17 2 361 567
68 18 21 5 400 580
89 59 25 7 364 616
24 99 9 2 207 485
39 26 17 5 330 480
68 74 28 5 343 559
49 55 27 3 358 506
82 29 8 2 323 486
38 96 16 2 211 454
55 42 16 4 293 363
48 92 22 4 486 645
4 77 9 5 646 767
76 97 10 6 258 428
55 11 9 1 226 484
77 29 20 6 223 305
4 34 17 6 248 403
43 49 6 1 503 795
21 57 8 7 276 430
21 58 30 6 214 463
86 79 26 7 270 353
66 2 26 5 484 733
35 10 18 3 476 736
38 58 24 7 507 755
63 55 22 2 450 551
14 94 18 3 429 689
26 83 27 3 293 562
22 25 10 2 397 628
3 23 23 7 428 553
76 40 6 1 513 733
43 94 8 2 481 616
79 8 16 4 657 754
31 78 23 3 271 337
35 85 8 5 212 468
11 23 25 4 522 600
22 18 8 5 504 772
87 16 14 1 317 485
55 51 30 2 216 338
63 5 26 5 571 797
23 70 22 7 463 554
23 19 15 1 231 505
48 10 25 6 510 770
63 38 9 6 246 429
72 92 10 2 575 642
54 16 23 3 400 551
40 73 6 6 236 316
63 76 8 1 429 583
33 41 5 3 552 792
25 95 10 2 214 363
57 73 8 1 414 538
91 11 7 7 668 786
56 31 5 5 540 711
12 2 17 5 268 358
97 78 16 1 462 756
64 16 5 7 491 666
13 58 15 6 374 594
74 68 21 4 425 688
80 75 11 4 429 509
91 55 20 6 526 752
28 100 5 6 287 431
76 43 23 1 439 727
87 83 25 3 304 582
90 75 7 6 451 524
84 82 7 4 363 466
53 68 11 3 510 769
64 10 12 2 286 410
14 35 7 1 230 354
69 37 7 7 629 696
74 41 17 3 525 781
61 53 24 1 342 598
52 8 22 4 216 287
71 56 8 1 460 646
1 67 18 4 485 638
21 24 6 3 458 527
52 50 20 4 417 515
99 52 22 5 561 641
72 84 13 5 245 308
94 85 22 4 325 624
15 98 28 4 444 570
79 76 23 3 280 570
92 85 19 5 626 768
86 69 21 7 382 620
56 32 21 6 488 764
61 30 28 4 596 756
44 62 13 3 698 772
86 6 27 6 359 470
69 89 18 1 574 701
12 53 19 6 273 470
50 89 9 4 266 384
2 73 13 4 434 627
98 100 7 7 397 599
6 38 14 2 440 713
24 22 21 3 619 772
59 98 17 3 454 664
31 94 11 7 479 583
52 36 7 2 603 767
7 92 24 3 369 550
20 1 18 6 587 723
13 15 30 2 381 505
49 9 7 7 475 762
2 63 10 2 240 498
10 17 16 6 210 467
71 13 15 2 420 619
6 67 5 4 377 642
74 89 17 6 539 663
6 86 20 4 282 418
69 63 26 4 546 796
64 52 5 7 469 565
76 83 14 1 315 575
70 97 17 7 211 319
37 33 10 3 543 639
82 8 22 3 599 659
87 94 25 3 301 528
50 44 11 4 291 542
61 3 11 5 724 798
45 10 27 3 401 613
25 62 10 1 303 491
65 63 18 7 455 527
51 76 16 2 488 718
56 80 25 2 225 465
31 53 7 3 356 641
52 9 22 2 246 479
44 1 14 3 403 691
71 23 27 3 400 577
22 10 28 5 444 680
9 56 26 3 279 463
31 62 28 2 273 519
12 58 24 1 646 734
9 22 8 3 673 787
88 33 30 7 454 580
70 94 22 5 688 752
12 33 20 7 476 554
87 58 21 7 233 525
78 90 14 5 274 489
16 31 18 1 298 475
14 43 8 5 275 339
3 15 18 7 658 785
81 7 25 4 293 454
9 16 23 5 463 693
28 93 18 3 580 741
18 47 23 2 458 754
91 24 23 1 312 465
7 77 18 7 213 283
54 43 18 7 295 357
42 48 14 1 345 539
89 1 27 4 244 380
28 68 29 3 272 424
48 78 11 7 460 573
67 8 24 2 605 671
0 43 26 7 383 469
34 76 14 1 463 709
69 26 7 6 388 605
74 51 29 1 653 758
79 58 16 2 578 752
24 40 15 1 520 794
77 58 5 7 396 540
84 89 27 1 432 570
94 4 20 5 420 696
23 4 8 7 269 427
83 58 25 6 383 622
63 4 16 5 329 546
18 61 10 6 272 570
15 26 8 3 348 472
26 8 8 6 470 619
93 41 26 7 508 685
5 24 10 2 705 771
70 74 25 6 438 563
32 79 21 2 231 374
79 82 8 6 340 517
33 10 14 7 344 519
42 39 15 2 257 391
69 10 24 4 282 358
16 1 6 6 432 597
77 62 9 4 571 792
45 22 27 1 524 752
80 86 5 4 495 678
64 73 6 6 281 390
74 79 11 6 588 757
23 2 16 7 277 400
49 63 30 7 676 789
3 66 26 2 217 500
50 33 20 3 376 493
88 15 10 5 303 501
98 55 22 7 679 749
45 98 7 2 255 399
84 84 10 5 329 394
74 56 30 4 627 762
47 10 11 4 362 503
39 64 6 7 530 758
96 17 29 5 267 403
51 44 17 1 340 433
71 58 27 2 520 799
69 56 30 3 268 448
21 4 22 4 390 500
5 37 23 6 583 694
80 70 13 7 444 578
10 29 17 2 497 601
42 9 20 2 493 725
64 39 19 3 345 609
0 75 23 1 531 724
33 81 23 6 443 548
22 71 20 5 534 598
85 100 9 2 386 598
100 26 9 3 623 791
83 61 5 3 272 374
81 98 20 7 236 447
71 0 8 4 230 402
17 0 21 3 272 532
94 94 29 5 350 640
12 34 19 6 273 384
59 13 13 5 352 568
67 86 17 5 438 523
40 68 8 4 384 634
50 48 20 3 494 688
15 84 21 5 607 676
45 57 10 7 470 719
88 82 12 7 391 689
88 54 14 3 309 609
93 61 28 4 522 698
75 28 8 7 209 501
48 83 21 3 565 748
90 4 22 4 317 501
91 92 7 7 505 705
33 68 8 2 636 728
3 94 23 2 233 345
50 53 28 2 586 746
62 73 15 4 276 357
19 42 29 7 385 622
41 33 5 5 438 630
51 78 12 1 216 338
44 35 9 1 445 506
62 88 26 3 478 760
0 31 9 2 560 718
30 78 5 3 483 728
97 16 30 6 378 535
20 89 23 6 510 628
63 54 20 5 696 767
43 100 17 6 429 675
94 67 27 2 386 672
44 89 19 4 403 601
91 85 30 7 219 467
76 60 13 4 222 333
64 25 23 4 399 591
43 10 5 6 213 407
71 88 5 7 633 697
92 60 10 1 677 796
75 60 5 1 405 472
6 22 27 5 475 673
12 46 18 4 258 339
77 84 18 3 297 403
47 45 24 6 719 783
31 27 13 1 642 762
29 2 23 1 504 720
24 86 18 2 225 462
63 15 29 1 421 631
24 60 13 3 519 675
96 28 23 4 692 796
18 30 20 6 365 619
0 83 28 1 221 402
100 99 26 2 413 588
75 46 21 2 398 556
24 7 15 7 617 700
95 93 14 6 529 605
36 61 12 7 260 388
31 35 10 2 366 512
96 99 27 1 409 635
42 86 17 2 537 763
75 14 21 3 413 698
91 77 23 2 219 426
82 42 20 4 210 509
20 85 14 5 335 484
20 43 18 1 414 582
3 54 18 2 448 527
87 19 26 1 421 560
70 41 25 3 460 708
97 99 6 1 727 791
31 100 20 5 420 543
69 25 28 5 281 481
83 34 15 5 472 579
47 58 30 6 277 492
69 13 10 2 359 473
34 38 21 7 288 349
45 30 16 2 532 600
43 45 11 7 233 492
58 56 11 1 436 576
86 16 7 6 276 374
25 66 7 2 275 547
95 7 25 5 269 545
88 61 26 6 222 509
71 87 12 6 375 633
18 86 24 5 207 383
87 32 25 5 524 612
61 27 10 2 566 762
50 16 26 2 454 602
53 92 18 7 511 614
99 48 29 2 387 634
19 10 8 6 437 652
77 78 8 7 210 424
63 63 26 2 445 719
85 95 26 3 250 494
22 38 17 2 462 675
20 8 23 1 639 704
2 84 12 2 371 474
40 56 11 4 211 302
81 36 18 1 389 686
79 4 18 3 478 689
68 94 24 6 559 778
4 9 25 4 471 632
87 30 6 6 385 467
52 88 26 3 505 610
77 68 13 6 352 572
88 64 30 1 633 762
62 34 9 6 303 570
61 99 18 7 323 494
41 57 24 4 623 732
50 71 17 3 202 398
12 45 20 3 290 468
12 66 12 5 510 790
18 23 6 4 281 430
26 71 8 7 386 475
91 97 22 7 503 787
100 73 27 7 491 746
98 24 26 3 233 461
71 3 15 4 406 482
76 92 15 5 580 782
74 63 17 6 325 395
8 21 17 2 272 363
89 16 13 2 363 512
89 27 25 4 546 683
23 53 6 4 212 320
76 96 11 2 358 613
15 13 12 6 651 735
45 88 23 6 525 620
73 7 28 5 354 595
11 100 16 7 317 570
4 4 16 1 575 743
32 65 18 6 366 487
92 18 28 2 355 491
84 43 23 4 601 707
0 73 6 7 369 580
43 34 16 1 235 364
83 55 28 1 702 799
53 29 10 3 206 416
47 23 22 6 488 565
25 92 24 7 451 731
61 23 9 4 477 627
41 8 18 2 399 537
46 12 8 4 400 649
46 92 12 2 267 479
22 6 26 6 466 761
75 76 19 5 269 567
20 33 15 5 317 598
42 24 15 1 239 389
53 15 27 6 510 698
66 18 25 3 264 438
21 18 17 1 330 538
94 14 8 6 416 525
65 66 14 3 567 694
95 21 21 4 549 646
54 74 16 6 446 680
59 74 22 3 637 783
1 24 14 3 427 506
38 79 29 4 588 785
84 74 13 5 409 707
21 6 26 3 471 595
54 86 21 6 308 431
20 31 18 1 221 354
30 11 25 4 514 578
85 67 26 4 491 590
5 61 10 2 373 598
5 6 13 6 400 581
60 74 29 3 601 772
36 18 7 1 522 715
49 70 30 4 289 581
55 65 17 4 287 456
56 37 11 3 243 447
7 42 16 5 468 544
17 5 16 6 361 573
37 42 22 5 409 624
92 55 24 1 398 544
27 27 5 3 539 694
7 93 18 1 361 447
95 74 19 7 358 477
16 53 29 2 275 350
2 72 15 2 563 753
4 53 13 5 223 322
56 86 28 4 520 622
20 100 21 1 622 797
3 67 9 3 449 579
15 33 17 7 296 589
45 28 18 2 232 320
26 40 19 1 408 673
68 26 27 4 245 419
8 83 17 3 251 431
63 32 17 2 475 610
58 1 10 4 227 370
32 100 29 1 577 729
12 97 20 4 667 735
38 80 22 3 491 580
94 11 30 6 483 638
7 79 19 4 562 726
17 93 25 6 339 521
11 95 15 6 602 785
66 64 5 1 577 752
75 32 7 5 609 669
47 27 19 1 508 773
51 47 11 2 496 596
13 50 14 2 497 631
64 40 21 6 560 641
93 94 8 1 470 621
63 80 15 3 701 785
8 100 29 2 263 414
95 87 21 7 207 400
89 39 20 4 536 629
59 30 16 2 683 786
91 94 22 2 515 727
51 2 7 5 571 652
81 56 18 3 318 519
93 79 18 2 576 714
6 89 5 5 309 554
71 10 20 1 501 768
43 8 28 7 677 760
81 25 5 7 374 604
79 12 29 2 481 579
25 20 6 3 273 525
17 85 9 6 396 615
82 55 5 2 342 593
4 72 10 6 691 753
15 81 8 4 287 537
91 8 26 1 504 708
93 20 17 7 726 791
81 82 16 3 370 459
22 91 12 4 555 750
21 86 5 5 544 642
47 70 28 3 447 597
6 20 24 3 406 575
81 66 25 1 459 627
86 5 30 7 396 589
56 43 22 3 393 607
94 71 11 4 457 518
15 92 18 5 429 588
59 56 15 6 474 604
16 49 14 4 283 445
14 44 26 5 234 367
61 16 15 1 236 319
44 84 24 2 458 601
49 77 11 3 374 616
68 81 24 4 450 547
97 95 19 1 627 719
21 39 22 7 411 682
82 18 13 6 526 756
55 93 6 3 363 454
96 5 28 7 585 739
24 4 5 3 310 460
3 0 17 5 299 412
58 98 18 5 648 764
28 54 28 7 378 605
21 84 10 3 574 726
92 16 15 7 454 625
56 48 9 1 518 733
9 52 27 6 736 797
90 68 16 2 239 323
19 57 8 1 562 761
76 24 18 5 474 684
73 33 15 3 434 683
49 19 20 5 407 599
22 82 30 2 283 514
59 42 20 2 475 658
98 69 21 7 496 651
30 15 25 1 232 332
23 5 7 7 297 524
37 79 12 1 315 577
60 59 16 4 631 790
5 15 15 4 478 750
88 34 17 7 326 397
64 22 29 4 571 738
29 77 12 1 582 656
30 85 6 4 251 311
21 27 7 3 423 673
47 26 29 4 408 497
6 96 18 7 418 612
78 54 16 3 373 436
60 97 27 3 399 670
70 56 22 2 499 796
12 43 30 3 426 637
4 23 6 2 310 586
82 39 27 4 467 750
9 94 30 7 524 634
52 46 19 7 488 678
87 37 17 1 451 688
85 46 23 2 586 750
79 25 16 5 275 496
67 78 20 2 256 389
50 49 24 6 248 346
5 30 21 4 307 602
93 33 19 5 395 686
48 58 12 5 568 647
83 98 19 4 580 705
19 17 11 7 427 712
80 47 19 3 511 605
81 55 8 6 295 373
38 47 29 6 262 520
84 30 16 5 583 716
84 4 25 6 512 779
47 33 21 1 252 516
47 93 11 5 509 682
52 79 18 4 503 781
87 22 13 2 242 319
57 53 12 2 254 549
36 48 8 1 483 717
33 34 19 6 295 573
25 72 20 3 243 420
78 7 6 4 395 554
89 88 9 7 572 690
66 20 18 4 615 723
76 88 24 2 326 512
56 38 17 6 308 501
90 10 20 1 293 542
38 25 20 3 320 415
12 88 29 1 326 525
66 91 19 5 560 679
53 74 21 3 520 744
83 16 16 1 210 453
57 6 17 2 244 493
83 93 22 1 626 714
27 20 15 7 522 738
31 90 28 5 538 612
91 87 25 5 254 331
79 63 7 4 505 642
93 5 29 5 400 493
50 45 9 2 287 441
93 62 15 2 454 749
35 29 10 3 547 633
39 60 19 2 359 482
70 23 12 2 562 727
80 20 10 7 545 795
40 97 17 4 265 529
38 18 18 6 440 647
41 9 27 6 479 570
67 22 19 6 349 412
24 16 20 3 505 649
60 50 9 7 250 546
63 62 22 6 489 563
90 56 15 1 446 510
75 10 5 5 222 390
62 79 11 4 464 536
18 44 20 1 359 635
61 70 8 2 527 707
21 13 14 3 541 701
79 1 8 6 460 738
18 11 24 1 464 525
11 49 19 4 285 574
95 58 18 4 211 420
74 65 22 6 598 796
90 85 27 2 332 452
1 72 14 1 401 602
1 94 24 1 393 605
65 3 21 4 412 701
11 59 24 6 292 378
41 71 6 1 466 654
4 100 16 4 549 644
10 74 10 5 388 466
86 56 28 6 577 643
4 84 12 2 398 500
68 33 21 4 438 645
5 39 13 5 589 697
73 31 28 4 390 640
13 25 22 6 557 713
90 34 16 1 375 599
85 4 16 1 269 517
24 45 25 5 450 667
74 64 12 2 655 735
72 87 18 2 321 535
4 10 16 3 713 790
15 76 15 5 375 561
55 90 25 7 323 586
3 19 6 3 277 524
9 46 19 2 492 646
44 42 10 7 544 630
13 91 20 3 531 614
23 29 13 4 597 681
99 21 26 7 430 713
30 44 10 5 297 423
7 26 20 1 310 548
71 12 26 1 242 508
44 58 6 5 462 739
13 51 27 7 648 750
71 84 14 3 383 561
100 36 21 1 210 319
15 60 21 3 447 642
98 1 7 7 325 422
17 12 16 3 347 603
54 13 6 4 440 543
6 95 30 3 502 786
95 69 21 7 301 579
54 70 22 2 447 654
37 92 20 4 481 545
75 77 28 5 405 476
100 89 23 6 436 632
64 88 15 6 264 477
60 4 30 7 664 734
59 11 28 3 383 634
29 36 29 5 413 625
20 22 22 4 493 675
91 9 27 7 260 426
78 32 20 2 711 797
57 79 12 3 296 436
38 65 24 3 375 648
50 52 19 5 265 548
34 73 27 1 540 689
91 35 25 4 366 605
58 13 16 2 504 644
18 25 27 7 637 779
74 29 10 3 630 692
72 72 26 1 542 765
81 2 25 6 297 503
6 46 23 6 487 638
90 27 22 3 444 570
0 1 19 4 309 447
82 51 19 4 401 658
98 25 13 4 200 393
97 17 15 1 252 504
58 37 5 3 572 736
65 50 25 2 203 489
70 28 28 3 509 735
44 31 28 2 414 641
18 58 23 2 375 662
45 77 10 7 258 367
58 51 16 2 625 752
96 20 12 6 397 513
72 86 27 2 405 585
85 31 20 5 703 787
19 0 5 5 374 638
84 86 10 5 409 497
97 72 16 5 289 429
84 80 26 4 246 326
88 9 8 5 226 323
33 75 12 1 256 368
21 29 5 5 510 576
18 14 11 2 324 572
60 28 27 7 534 774
4 96 8 2 636 790
16 12 17 7 712 785
86 53 30 3 585 657
72 54 5 3 323 621
3 28 24 5 213 344
80 99 13 4 375 583
38 5 11 3 464 644
40 74 19 1 330 487
51 71 20 5 420 641
70 29 28 7 400 649
21 26 27 6 521 793
69 35 5 1 237 472
9 40 15 6 319 494
66 83 15 5 290 383
9 68 28 6 513 736
61 68 6 6 476 554
35 56 21 7 438 728
80 29 12 7 528 688
29 31 10 6 333 467
12 35 19 7 450 652
50 100 16 3 352 416
38 54 22 7 267 393
83 22 20 1 613 743
27 22 23 3 454 579
14 8 14 3 200 449
19 56 22 7 430 620
3 52 6 1 533 651
73 0 13 5 536 654
59 28 9 7 387 675
12 65 10 1 604 741
85 88 28 5 405 632
14 57 19 2 213 473
10 44 7 7 221 374
49 60 18 1 437 674
51 93 11 4 596 666
49 42 13 5 548 653
6 27 20 1 459 756
97 70 23 3 536 732
11 62 9 6 360 506
26 35 22 4 449 613
67 25 26 4 603 695
3 99 22 1 366 574
19 77 28 6 536 678
18 98 7 2 244 310
54 75 29 5 600 780
54 95 19 2 609 754
92 49 21 3 485 575
67 72 8 1 707 768
84 26 27 5 541 774
57 32 13 5 645 760
36 3 21 7 461 745
34 82 21 1 283 543
11 87 13 4 270 535
73 12 21 6 470 530
75 91 29 3 527 776
69 47 9 4 511 616
79 50 29 6 225 404
22 80 13 6 291 539
58 42 7 4 318 501
57 60 5 5 565 721
82 74 29 7 394 476
99 13 15 7 537 751
74 30 14 4 508 595
28 12 7 5 509 609
53 21 21 3 593 772
8 44 20 3 347 461
50 84 29 3 371 618
47 44 10 3 218 340
75 62 30 1 511 771
52 49 26 2 567 713
4 27 26 5 383 568
69 62 17 2 292 433
26 78 17 3 241 484
12 57 18 3 228 306
30 40 6 3 593 691
63 9 5 7 679 764
18 5 16 4 542 749
94 30 25 6 405 572
41 31 22 5 573 771
55 91 13 7 616 752
81 26 5 1 560 669
28 94 14 3 531 628
67 1 8 4 407 665
83 18 16 7 558 800
8 73 7 7 306 371
48 82 8 6 443 651
10 9 5 2 256 552
50 41 6 4 429 544
42 89 30 7 294 401
75 88 25 7 422 492
85 20 21 4 421 709
59 22 22 5 402 605
62 19 24 3 411 537
100 12 6 4 267 467
85 26 17 5 462 644
85 99 20 3 354 569
57 69 9 6 337 555
65 75 14 6 421 701
64 59 16 5 644 705
47 34 28 6 386 505
23 73 16 5 244 459
36 21 12 5 609 781
41 4 24 6 517 771
29 80 14 2 314 384
0 97 13 4 438 639
46 69 18 2 327 444
3 29 25 3 455 592
92 70 24 5 430 564
94 48 21 2 676 766
0 78 7 1 506 721
83 53 9 1 541 640
41 56 29 4 523 658
78 40 16 2 266 329
65 0 28 4 296 474
27 72 25 3 374 441
86 46 26 6 563 667
16 15 8 3 673 798
94 99 13 2 450 655
41 37 16 6 492 677
61 92 25 1 454 716
36 37 23 6 624 740
64 2 7 4 409 663
79 44 22 2 279 484
55 80 10 7 324 432
27 77 12 7 476 628
75 56 10 3 343 558
32 55 21 6 532 686
61 47 26 7 554 773
87 36 14 4 434 714
17 32 12 2 213 323
39 74 18 7 522 677
84 83 26 5 299 453
70 58 8 7 518 591
43 30 7 5 451 621
33 49 11 1 452 644
58 92 12 5 262 544
19 44 16 6 443 578
69 99 16 5 386 679
60 30 19 2 318 583
12 54 21 1 388 684
15 0 22 2 600 705
88 83 7 2 274 415
7 6 28 4 205 320
55 38 9 5 503 681
34 18 20 7 484 699
42 3 11 5 387 517
94 83 11 4 290 555
1 52 10 7 281 451
30 28 12 5 215 407
13 62 18 4 365 470
77 43 19 4 347 585
71 64 7 3 330 520
86 35 13 1 719 779
69 66 19 3 588 709
19 28 19 6 620 777
27 0 16 7 483 637
3 46 30 4 371 627
44 15 25 1 422 656
12 4 24 2 462 667
99 74 22 4 363 614
5 91 27 1 343 573
94 25 29 4 462 562
50 87 14 5 254 341
24 91 19 5 447 593
100 9 21 2 367 561
22 16 29 6 401 500
40 22 19 2 262 408
94 47 12 3 234 392
24 84 29 5 516 651
31 48 8 3 308 598
87 39 7 6 385 543
97 89 15 6 643 744
30 36 19 2 375 461
82 12 15 3 677 769
48 8 27 7 330 572
52 19 14 7 295 372
15 47 5 2 561 799
10 49 14 1 344 585
34 43 18 5 693 770
71 80 28 7 252 469
50 35 17 3 530 617
24 69 6 3 393 473
96 7 6 1 256 508
54 3 21 7 317 472
8 52 13 7 440 555
77 60 11 7 458 726
14 82 18 7 414 690
54 67 15 5 459 611
66 65 30 1 609 696
61 40 21 4 495 669
84 14 25 7 409 555
76 64 22 5 458 653
66 23 28 5 661 791
50 11 18 5 240 378
90 40 9 1 374 514
89 29 17 6 419 709
52 27 8 5 485 612
91 53 30 6 331 415
58 23 18 4 390 474
19 37 21 3 330 405
86 40 17 2 249 444
34 50 18 7 558 770
16 24 17 1 628 740
99 32 29 4 321 577
40 36 15 6 525 685
63 1 13 2 378 490
59 61 6 4 424 613
30 94 18 3 517 795
36 53 25 1 311 386
19 54 28 7 470 666
93 16 24 6 350 440
0 93 19 5 267 430
92 65 25 6 540 686
23 83 16 2 350 618
56 24 27 6 518 792
44 23 10 4 371 670
30 72 20 1 610 759
88 76 15 5 584 697
11 6 15 7 581 706
82 54 9 7 317 413
65 65 12 6 575 686
91 3 14 2 646 710
8 10 5 1 286 452
92 61 17 5 407 547
20 78 25 7 307 512
75 5 16 5 427 662
83 85 14 1 493 560
95 0 5 1 232 346
78 95 29 3 593 708
91 43 17 4 267 356
43 9 13 2 640 780
86 26 10 5 693 758
47 41 29 3 465 696
88 21 21 5 227 335
28 69 29 2 278 378
60 33 23 3 277 510
45 96 7 3 321 529
86 75 7 1 357 642
62 52 14 5 394 632
34 25 26 5 534 791
16 2 29 7 544 673
37 8 30 6 279 407
84 36 15 7 506 742
42 16 22 7 637 722
45 31 28 3 424 612
41 54 29 6 238 335
50 56 28 2 347 576
93 63 23 4 300 402
66 7 24 1 397 648
55 96 5 4 576 710
81 69 21 4 324 614
81 60 5 3 682 775
89 70 15 5 304 408
82 64 29 1 626 688
57 93 29 3 347 419
76 4 9 4 370 606
23 31 28 2 368 519
75 94 21 1 713 798
90 37 19 1 340 573
38 2 14 7 656 780
83 31 18 7 414 593
6 83 7 3 532 706
45 81 8 7 550 721
33 7 21 2 270 534
23 27 14 6 308 449
40 16 18 4 565 760
87 38 24 2 315 593
20 20 28 6 517 595
93 84 8 6 446 688
43 16 21 5 439 683
47 4 26 1 633 791
16 16 6 6 546 713
45 38 30 1 398 589
25 14 21 2 208 448
49 80 9 6 473 676
53 48 26 1 296 357
49 45 28 6 724 794
67 7 5 6 306 551
41 22 21 4 492 568
31 98 25 5 310 559
41 67 22 3 468 539
62 5 30 2 375 483
13 68 20 6 278 477
15 65 30 5 306 457
41 23 8 3 325 581
85 14 30 6 630 751
0 2 22 4 236 445
35 7 23 4 358 459
3 84 13 7 560 670
38 8 9 6 200 361
75 63 27 5 572 798
99 17 10 1 303 410
32 49 27 2 239 366
43 48 19 7 210 380
24 38 15 5 382 479
20 18 17 2 217 305
99 2 25 3 225 344
3 18 22 2 387 519
75 6 15 4 473 677
16 85 21 6 575 698
