1908
2 48 0 0 0 0
45 84 7 1 409 573
82 75 12 5 327 444
84 20 16 2 204 368
86 98 25 3 319 467
81 87 22 3 523 667
78 92 22 5 363 480
38 18 12 3 504 748
72 72 8 7 219 432
25 42 28 1 220 327
85 80 7 4 378 564
6 39 14 6 644 735
32 57 24 2 495 743
7 35 19 3 237 530
98 78 28 7 444 606
66 51 17 6 605 746
4 47 27 4 284 532
43 40 30 6 447 515
64 68 9 6 280 552
22 39 21 3 552 728
78 82 7 1 466 710
50 58 11 4 241 491
3 87 26 7 498 722
64 91 27 4 278 550
68 10 17 3 426 615
35 55 16 1 256 505
21 97 21 4 560 640
62 81 10 4 422 692
26 76 7 3 396 593
89 87 13 3 333 468
26 41 14 1 566 679
46 45 9 6 342 535
79 38 27 4 397 522
17 68 21 5 412 668
3 7 5 3 613 781
45 76 30 5 282 543
92 95 22 3 356 514
28 59 22 3 642 720
76 82 12 2 452 676
28 67 23 3 441 597
30 78 28 5 658 749
6 92 14 4 291 545
59 4 14 4 322 398
8 50 30 4 410 693
37 8 29 4 513 581
84 96 25 5 431 696
33 23 14 2 654 719
40 26 6 5 219 433
90 82 28 2 561 667
21 55 14 6 453 640
73 25 24 3 262 546
49 40 14 1 509 685
48 94 26 2 345 534
94 2 25 5 324 576
18 95 7 2 382 598
67 14 18 6 514 604
49 80 5 3 508 723
95 57 6 2 440 636
17 80 28 1 623 789
73 15 14 4 439 669
8 10 19 1 427 653
78 57 28 2 538 787
57 70 9 2 687 793
39 12 8 3 409 496
93 11 6 1 438 554
9 27 6 7 212 417
84 99 19 6 476 656
55 60 13 4 455 531
45 80 22 4 385 493
31 46 11 4 519 783
59 2 13 3 591 663
59 16 23 2 322 563
80 0 24 7 268 537
89 1 8 3 361 643
56 59 7 5 308 593
19 68 14 7 500 799
80 56 22 3 466 752
60 92 26 6 329 505
55 33 28 4 494 649
97 2 13 7 504 633
75 100 22 3 491 687
68 13 25 1 619 729
35 65 24 6 509 569
6 44 23 4 280 473
12 15 11 4 308 575
54 84 26 1 460 721
72 19 20 4 708 798
40 10 29 6 491 621
54 63 21 1 395 598
0 22 28 7 643 732
26 88 23 2 420 612
53 92 20 4 407 678
8 7 24 7 239 310
25 100 29 3 458 588
6 22 15 2 537 635
91 37 27 1 325 481
12 33 8 5 371 573
45 38 10 2 461 587
92 63 15 5 611 736
86 69 30 3 465 535
85 18 17 7 548 758
54 93 5 2 360 521
93 77 27 4 560 692
53 77 14 7 392 467
28 46 25 5 569 770
71 14 19 7 266 390
6 84 27 3 276 503
57 27 19 7 227 446
87 45 20 4 459 557
90 11 25 3 515 659
30 44 12 6 402 491
61 96 28 7 401 566
96 22 14 3 584 798
14 71 19 6 383 489
55 85 15 6 434 541
41 66 24 3 608 778
56 64 8 4 407 628
60 34 11 1 588 792
21 58 18 6 322 615
18 41 28 7 663 765
4 89 15 1 267 430
19 6 12 6 470 742
36 17 27 1 226 487
56 40 19 6 328 516
45 88 15 6 480 645
6 24 15 6 665 771
88 6 17 2 287 557
73 71 26 2 203 492
55 92 13 7 213 302
6 59 11 6 347 462
24 5 20 2 210 301
14 19 12 2 258 326
99 68 24 1 306 378
77 20 16 7 366 541
45 50 18 7 291 582
75 34 15 2 256 524
43 23 12 6 345 599
77 62 12 6 537 623
52 8 13 7 525 705
28 31 10 4 474 766
58 41 17 4 321 405
0 61 16 6 568 786
59 52 17 6 599 780
61 83 10 7 556 636
18 3 18 7 447 716
51 51 24 7 207 269
72 56 26 2 421 653
53 87 11 2 613 798
96 95 16 2 274 493
34 95 9 3 600 772
59 79 22 1 249 364
99 82 19 2 486 595
63 25 7 6 235 423
10 13 9 2 224 360
55 76 20 5 456 626
25 95 9 7 521 742
17 58 19 1 567 760
80 58 28 2 257 512
16 45 13 3 540 693
8 15 15 3 425 693
38 16 10 2 397 688
89 43 14 1 605 783
69 65 24 6 548 654
81 51 24 4 461 601
60 13 9 1 304 486
43 15 13 6 275 339
81 52 11 4 241 524
74 29 27 5 431 696
6 52 23 2 307 513
69 18 25 1 289 406
30 71 9 4 282 550
2 94 22 2 262 392
95 46 11 1 520 643
36 66 7 5 419 537
93 60 27 4 656 762
3 44 10 3 547 730
57 89 12 1 276 444
24 67 30 4 230 430
59 84 6 7 538 720
86 77 23 6 439 643
79 51 16 4 215 492
0 89 27 2 617 696
93 55 27 2 215 388
52 22 22 6 538 765
13 76 24 3 533 685
57 88 27 2 332 401
95 67 18 1 336 536
76 40 28 2 217 366
54 7 23 6 454 573
69 17 24 3 396 625
97 13 9 7 225 425
73 48 8 3 299 476
91 10 8 4 299 403
42 3 28 4 457 683
79 36 15 6 603 697
77 74 23 1 621 705
16 28 22 2 452 692
21 81 8 1 618 785
40 55 18 1 626 799
10 76 26 1 239 314
43 59 10 3 556 737
95 24 12 1 611 777
75 94 10 4 255 367
73 67 24 7 244 485
2 3 16 7 246 366
60 54 14 5 644 715
25 92 19 6 570 709
72 91 11 4 276 552
6 34 9 3 627 762
45 55 30 4 565 651
41 16 11 1 601 702
43 55 27 6 241 351
67 5 21 7 385 473
56 31 21 2 259 505
48 89 10 6 682 772
30 17 19 7 249 399
5 69 14 6 300 505
36 44 16 5 376 609
75 68 26 7 637 779
11 80 25 2 505 793
89 85 25 5 268 478
60 88 26 5 248 481
31 3 21 2 308 373
78 40 14 6 517 742
96 23 28 6 264 398
79 85 22 3 210 363
64 81 7 1 241 366
66 92 9 3 231 378
95 85 27 5 296 587
29 28 25 3 522 605
27 30 6 1 403 658
59 44 20 7 364 448
5 49 30 3 614 755
38 3 22 7 385 500
45 41 14 5 375 542
10 26 29 1 605 676
23 25 6 6 417 623
94 0 6 7 557 635
56 11 26 6 420 565
47 73 17 6 457 723
14 85 23 1 326 459
84 93 23 1 317 426
28 41 7 7 530 617
82 21 6 5 278 465
86 16 17 6 416 687
43 25 5 7 212 370
13 69 13 1 661 723
98 4 16 1 217 441
5 21 30 2 544 772
75 51 28 6 313 583
77 12 9 5 675 767
7 58 26 5 234 519
14 3 6 5 597 739
6 42 8 4 608 689
17 97 7 6 465 751
79 33 26 6 524 607
82 20 5 6 293 355
56 25 29 4 295 462
64 86 8 1 335 610
62 42 13 3 451 575
19 40 23 7 215 401
59 60 13 5 333 502
93 47 30 2 332 588
13 28 24 4 469 647
84 71 24 4 573 756
37 43 8 5 304 551
78 12 29 5 282 435
88 86 30 5 473 767
24 94 11 4 484 547
95 50 5 4 250 428
5 94 13 5 373 584
85 54 29 7 348 541
71 48 10 5 593 741
6 80 19 4 494 668
14 25 7 3 495 721
36 14 21 1 580 762
71 78 6 3 333 483
30 76 19 5 326 512
16 43 29 1 217 457
29 22 6 7 372 633
70 60 26 5 453 750
74 54 5 7 351 452
76 22 12 3 320 619
22 95 23 3 236 344
24 56 28 3 414 550
19 30 7 3 232 463
28 58 15 2 470 561
93 56 8 6 226 508
62 96 13 2 546 676
61 23 14 4 456 577
50 71 21 3 313 459
52 43 8 4 578 776
92 55 7 3 546 636
99 29 8 1 301 449
78 90 13 4 276 527
76 84 30 3 329 456
97 35 25 6 254 321
11 50 23 6 617 795
90 66 8 2 556 752
73 23 11 2 278 538
58 57 27 3 588 770
5 29 30 1 435 610
61 75 8 5 423 595
22 10 20 2 447 518
16 23 30 1 215 429
17 47 16 5 597 687
78 63 10 2 324 389
92 73 29 7 330 502
87 82 27 6 349 631
18 17 9 6 232 307
52 35 21 7 368 474
6 89 14 1 393 482
54 39 6 7 708 778
53 9 29 4 305 557
47 42 13 2 403 509
96 69 12 6 254 396
44 93 22 6 560 684
89 30 17 5 343 482
50 26 28 4 499 637
100 82 11 1 506 778
1 52 10 1 536 597
94 8 15 7 548 741
77 26 5 6 414 513
46 23 21 5 436 597
63 8 30 3 444 632
67 4 8 2 466 544
29 4 28 6 335 566
54 82 13 2 523 797
86 37 30 2 284 549
25 60 18 2 444 614
11 31 13 5 567 731
26 25 11 4 282 483
1 82 27 1 542 680
85 39 6 4 432 594
47 37 28 6 636 726
74 38 12 1 349 542
95 53 24 5 216 386
90 49 25 3 343 497
49 63 15 2 204 425
22 36 6 4 450 555
94 51 18 5 379 501
55 29 27 7 691 794
5 16 22 1 219 348
66 31 9 5 503 772
71 7 15 6 411 519
91 50 12 1 481 663
66 72 15 4 450 609
81 57 8 2 349 469
96 5 18 1 238 526
25 99 12 7 385 506
99 55 17 7 410 542
50 24 27 7 470 541
43 32 7 1 343 435
19 15 14 1 230 518
49 57 10 4 331 410
85 6 12 7 373 647
74 91 15 1 499 756
34 96 21 7 546 713
35 20 22 3 527 677
33 97 26 5 284 497
38 79 18 5 365 439
53 67 14 5 245 482
98 44 9 2 449 585
87 11 17 1 504 608
13 36 27 2 597 669
79 29 29 4 439 563
79 45 21 4 315 410
57 20 19 6 408 699
34 58 20 7 527 662
9 12 18 5 532 656
31 26 6 6 457 528
22 19 24 1 335 455
89 86 30 5 578 651
2 88 26 7 571 758
32 92 16 5 226 289
70 97 19 6 326 437
98 23 29 3 360 605
12 12 8 2 397 689
38 22 17 7 241 346
60 20 15 3 293 575
32 36 21 1 401 623
77 41 29 3 260 336
27 87 30 7 485 600
46 56 12 1 248 319
100 78 5 3 365 577
35 90 19 4 311 500
35 28 18 2 337 524
72 86 9 4 539 729
71 33 22 7 266 551
54 73 12 2 536 667
26 0 8 3 334 438
43 57 28 5 556 633
73 82 14 5 490 589
34 72 14 7 460 605
64 61 16 7 303 449
8 22 11 1 305 554
37 46 9 4 680 798
7 55 13 5 381 583
21 76 11 3 569 759
73 14 21 4 231 381
60 50 18 6 222 514
37 90 14 3 464 630
0 19 21 4 469 675
43 58 22 3 366 538
24 35 12 6 408 554
62 15 28 6 237 413
3 37 13 2 360 647
75 67 9 3 428 548
61 73 27 5 375 601
46 96 14 3 322 581
100 73 14 4 506 603
72 5 11 2 401 568
23 94 13 1 311 580
34 42 11 7 555 618
92 13 28 7 226 526
35 7 19 6 407 613
83 81 14 4 375 435
10 1 9 5 471 681
2 84 25 4 395 611
46 42 11 7 519 795
84 40 9 1 318 421
79 80 16 6 652 787
100 48 19 4 451 563
2 14 22 3 531 736
64 89 14 6 474 747
86 13 26 6 696 796
69 92 20 3 420 671
41 86 25 6 460 596
47 80 23 1 238 449
72 85 29 2 672 775
2 42 11 5 358 537
10 14 20 3 544 735
94 41 11 3 284 354
55 32 21 1 643 791
77 93 19 3 608 686
65 82 23 5 521 628
98 70 14 3 660 789
40 24 19 6 221 453
62 43 26 5 579 690
56 95 7 7 228 452
20 49 11 7 223 376
50 55 13 3 324 534
63 28 19 4 672 797
51 59 19 6 564 689
87 100 9 7 436 574
70 15 26 5 612 688
46 12 12 2 645 713
11 85 27 4 332 619
92 4 8 4 217 450
79 8 25 6 539 728
73 62 24 4 434 561
29 56 23 4 697 779
8 56 30 5 317 617
58 12 15 4 264 415
84 21 5 2 554 791
64 9 14 4 258 512
93 10 6 1 250 464
33 18 19 7 484 710
81 15 6 3 551 635
87 86 8 3 468 553
20 66 7 3 498 689
44 83 7 1 610 673
62 88 20 2 441 551
68 72 28 3 430 659
0 60 27 4 472 683
71 79 22 1 329 582
97 0 25 4 526 623
26 59 9 1 632 718
79 27 21 1 611 782
50 87 30 2 348 601
6 23 11 2 711 786
63 84 11 3 537 776
76 0 11 5 504 738
58 60 22 1 419 665
57 74 27 7 421 559
73 51 28 5 652 774
4 93 7 6 565 638
79 68 14 4 513 754
12 54 10 2 573 733
84 47 5 3 417 659
19 79 14 2 654 782
55 39 13 3 664 776
92 98 13 4 535 670
99 89 8 3 205 314
80 85 15 4 333 468
20 91 28 1 499 738
0 18 8 3 360 476
0 63 9 7 631 705
13 86 19 4 292 413
15 53 6 5 222 522
52 87 27 7 502 680
88 94 29 4 504 739
49 59 27 7 331 594
96 96 19 5 328 616
60 37 26 7 473 597
48 33 7 1 550 699
23 82 8 7 364 461
60 83 29 4 506 577
35 6 26 7 436 554
90 36 5 2 585 668
87 44 10 7 533 767
7 79 19 4 376 668
34 10 16 1 484 727
89 2 15 5 237 500
51 22 17 2 438 519
17 82 9 2 354 524
97 52 6 3 260 500
0 97 19 7 332 409
53 36 12 2 474 637
63 91 21 1 569 797
15 87 8 4 443 518
27 41 14 5 362 461
83 53 30 5 484 583
29 37 20 3 663 728
65 97 13 7 229 354
46 66 25 4 461 685
28 54 23 3 597 726
82 70 10 7 346 468
7 27 19 7 295 460
16 7 16 4 536 620
7 83 27 5 413 569
30 54 30 3 313 573
70 42 21 3 596 699
62 51 6 2 331 613
4 44 8 5 253 489
43 36 9 2 392 497
100 49 23 4 505 688
74 61 15 1 440 552
54 31 21 7 533 669
55 90 14 5 643 717
10 12 16 3 347 582
84 48 26 3 378 652
23 95 24 1 482 708
20 11 20 3 651 750
93 16 23 4 361 546
29 57 13 4 438 587
80 93 20 3 425 589
100 17 9 3 541 777
78 68 26 1 578 688
80 20 9 5 402 546
57 7 28 7 272 398
80 42 6 1 329 445
34 1 20 3 492 715
28 63 27 4 456 569
91 63 26 4 399 517
66 66 9 7 550 688
35 19 26 3 365 463
14 73 15 5 294 472
78 22 15 7 272 397
46 64 19 2 210 387
50 83 18 6 424 548
43 72 30 5 564 654
86 48 30 2 509 783
6 13 5 4 611 680
25 28 14 7 444 633
55 84 13 7 250 381
0 72 12 2 636 743
95 79 6 6 471 746
4 50 23 5 647 726
88 62 18 7 491 697
46 95 8 5 408 553
63 68 30 6 499 767
99 65 28 7 614 753
24 63 11 1 593 719
58 74 9 5 596 758
83 64 14 6 531 641
83 61 14 4 301 381
82 14 5 1 272 455
60 27 6 3 275 499
56 85 13 5 309 566
42 54 15 7 480 590
93 82 9 4 536 722
80 94 9 6 581 688
90 70 13 7 502 758
47 63 19 7 318 494
3 63 20 7 243 434
84 32 16 4 389 634
15 37 28 1 604 737
20 47 10 1 372 437
52 29 23 7 474 715
56 6 22 4 470 588
4 12 12 1 465 628
75 23 16 3 227 485
66 99 5 7 224 398
25 62 18 5 461 553
7 24 22 3 418 479
66 27 10 4 422 601
10 52 11 5 509 588
99 27 8 2 354 456
88 36 7 2 478 704
50 100 27 1 234 311
74 1 29 7 317 509
7 73 20 5 376 627
59 97 23 3 389 534
92 34 16 2 475 624
86 80 5 2 476 712
12 20 6 5 495 572
79 66 23 5 653 729
87 0 13 4 526 622
30 94 9 3 547 773
8 26 20 6 598 690
2 41 9 6 468 643
84 69 8 2 683 793
21 1 11 4 465 555
10 63 18 7 285 395
33 73 30 2 506 696
57 18 13 5 417 716
0 86 16 6 654 722
38 96 9 2 537 766
65 42 17 4 460 741
85 16 26 6 557 686
72 33 30 2 576 675
46 20 15 3 508 617
81 56 28 2 553 793
22 34 24 3 205 384
58 29 18 1 535 759
95 1 21 3 416 506
63 51 18 2 315 508
77 61 11 5 244 466
62 76 12 5 265 432
39 75 19 6 254 427
94 25 11 7 307 485
78 42 17 7 567 798
2 58 16 6 277 385
85 36 17 4 682 785
73 42 6 3 569 688
40 40 27 1 212 499
82 76 26 1 408 520
58 93 26 1 216 391
6 97 25 6 292 501
4 91 5 7 447 631
77 33 5 4 555 682
19 90 8 1 554 667
47 44 21 2 303 396
38 41 30 3 349 476
34 35 21 6 470 600
74 75 5 1 484 637
60 0 21 3 330 433
14 80 29 4 238 338
45 64 10 6 521 672
2 55 17 4 434 569
3 78 18 4 531 716
44 41 26 6 484 591
84 72 20 5 451 651
78 94 17 2 588 794
72 92 24 5 378 602
72 48 7 5 457 562
73 57 28 3 633 799
35 11 29 3 608 701
6 73 29 2 617 773
28 21 29 7 338 521
95 69 9 4 414 576
82 22 13 4 430 707
50 11 11 2 644 779
9 42 27 5 564 740
16 93 11 2 537 632
17 75 9 1 225 439
65 8 11 4 317 525
38 14 22 1 342 636
35 63 30 6 593 725
46 19 12 4 202 327
86 82 18 1 341 556
44 54 30 3 276 437
91 75 17 1 306 438
7 91 13 2 277 504
17 66 11 5 403 487
88 48 5 1 299 588
5 83 26 4 381 478
81 4 24 1 686 762
36 64 19 6 514 702
90 5 5 6 204 501
36 53 6 3 232 378
41 1 22 7 433 626
54 12 11 6 409 477
21 73 24 6 258 332
24 96 22 6 593 784
71 99 6 3 408 570
8 45 10 6 405 543
48 25 6 3 425 628
78 35 12 7 634 759
44 73 23 7 523 751
85 49 28 6 295 441
3 93 18 1 447 695
49 42 11 6 489 655
70 16 16 6 499 670
14 79 9 1 515 747
13 48 6 7 460 620
88 99 7 6 597 800
69 49 12 5 466 589
46 52 19 4 389 650
55 98 12 1 529 608
62 61 5 6 397 528
27 19 6 6 335 618
51 35 22 6 320 603
61 21 26 2 443 518
50 80 9 6 555 650
36 63 19 6 438 632
1 92 14 2 587 800
81 94 19 2 222 517
11 12 26 7 618 684
10 9 25 5 215 370
23 55 17 1 691 794
30 96 16 7 274 566
28 84 26 5 235 300
16 75 10 1 637 792
90 68 13 5 215 310
34 56 23 2 360 588
9 84 11 2 261 330
49 65 11 6 257 389
80 55 19 7 251 347
93 8 18 7 700 793
96 29 11 5 337 596
33 71 21 7 336 534
72 63 18 2 580 662
37 15 20 1 582 782
13 100 27 1 414 698
40 75 15 1 562 666
17 56 11 3 340 403
7 5 7 4 237 528
20 54 29 3 264 514
57 45 23 6 458 728
68 60 10 7 621 781
98 30 24 4 578 666
53 8 30 7 511 692
68 56 22 7 579 789
13 11 15 2 263 357
62 52 8 1 401 594
72 24 11 7 279 379
37 69 13 2 504 671
75 9 8 7 327 531
64 74 5 2 202 351
54 25 16 6 465 666
47 85 29 2 611 752
56 89 13 1 202 370
58 36 12 3 460 624
12 29 7 4 433 556
68 46 30 5 329 508
49 91 7 1 399 621
81 16 24 2 630 748
95 86 6 6 229 395
62 44 22 3 497 665
61 5 22 4 303 428
53 53 15 7 291 399
23 65 15 4 209 362
98 8 25 1 222 290
24 21 19 5 236 522
73 3 14 7 333 620
87 80 23 5 276 444
29 76 17 4 473 535
37 18 30 7 396 619
29 66 24 1 436 598
56 96 27 6 320 509
91 66 27 2 304 496
99 56 25 2 253 427
55 100 16 4 442 742
10 5 15 2 659 794
44 64 19 7 351 505
42 21 10 6 621 688
97 16 18 3 529 752
2 73 21 4 393 608
48 95 6 5 666 765
14 29 23 5 636 787
58 86 20 4 537 615
98 59 25 4 477 685
92 8 14 1 728 798
36 11 14 7 464 700
20 5 27 3 235 432
16 91 17 6 593 725
95 39 24 2 552 651
67 73 28 5 600 739
28 85 22 3 210 345
89 18 24 5 200 407
82 38 26 6 488 743
1 96 19 6 286 356
19 17 9 2 418 600
88 74 5 6 494 627
15 30 14 1 486 747
0 66 19 4 566 711
38 73 18 5 307 518
76 86 25 1 403 673
100 3 8 3 518 635
47 23 29 7 443 596
53 23 19 2 643 753
86 28 7 1 538 650
80 26 12 6 432 696
8 99 29 2 248 364
16 98 27 2 579 778
67 74 14 1 596 669
83 49 13 4 392 685
50 51 21 7 236 514
94 17 21 2 566 656
74 31 10 7 585 699
31 55 10 2 358 454
81 65 17 1 543 728
52 23 15 7 368 494
10 8 8 1 542 661
0 98 25 2 285 410
63 82 11 1 421 657
57 63 5 6 305 436
13 43 10 5 265 373
74 45 5 6 393 472
99 88 19 3 260 377
85 19 21 2 286 358
48 27 27 4 326 447
46 92 19 2 314 430
75 84 13 5 604 787
34 78 20 7 387 528
100 32 12 7 348 411
13 31 23 7 207 480
25 82 6 7 421 619
86 36 21 6 207 438
10 81 20 2 535 611
69 66 21 3 252 391
72 46 6 4 426 718
21 99 11 5 471 566
69 99 5 1 306 425
14 86 29 5 322 618
91 3 9 2 456 725
90 69 14 6 364 607
66 34 20 7 621 725
87 62 22 1 461 607
62 68 17 2 297 573
9 50 26 3 225 357
11 67 11 5 440 532
96 50 19 6 373 521
87 36 5 4 459 643
19 92 14 7 254 447
79 3 22 1 582 688
86 93 12 4 330 446
5 26 7 6 355 538
2 28 12 4 666 767
20 84 24 4 476 601
32 34 6 5 575 657
20 98 25 2 235 382
65 21 6 4 307 558
20 10 25 1 451 669
27 13 20 6 433 543
82 71 10 1 254 354
47 61 30 4 214 438
35 66 5 1 566 754
89 53 23 2 204 277
33 17 7 6 405 496
33 38 28 2 214 369
11 37 23 2 649 715
79 63 21 5 580 713
96 21 18 5 205 342
2 99 16 4 382 467
30 9 17 6 239 458
18 24 25 3 225 306
41 41 6 2 200 327
61 0 12 2 485 784
26 96 19 3 646 786
35 23 5 7 341 633
93 12 22 7 736 797
72 93 8 5 434 528
100 21 7 7 279 498
58 24 5 7 610 791
66 71 19 5 353 448
27 93 13 3 334 417
39 68 18 4 297 379
90 92 14 6 231 418
96 82 28 7 560 729
11 100 27 1 292 564
54 10 18 3 270 462
93 80 26 1 489 708
73 72 6 2 380 540
94 24 18 1 491 707
33 14 27 3 491 632
56 20 5 3 215 345
88 14 11 5 584 658
73 17 25 1 303 388
89 33 7 7 387 496
2 27 19 4 608 687
51 23 29 2 540 665
31 47 5 3 209 413
28 72 12 4 240 324
24 79 22 5 372 548
95 25 19 4 337 480
43 16 13 5 257 486
37 35 9 3 496 715
32 65 24 4 482 604
2 71 16 5 466 567
58 16 5 4 595 741
20 6 21 6 626 705
20 34 5 2 546 741
67 71 14 3 429 641
37 62 19 7 585 681
48 35 15 7 567 760
96 65 6 3 651 799
44 59 23 5 591 788
88 50 7 2 432 611
80 38 7 3 317 488
43 99 22 1 278 506
60 26 16 7 548 762
29 96 21 1 619 723
37 58 16 4 575 686
71 92 12 3 506 786
75 56 16 7 568 677
31 41 7 5 377 471
89 48 10 4 363 490
10 17 11 3 286 477
77 69 22 3 327 422
9 90 26 5 538 674
34 48 23 4 430 551
25 80 5 2 284 501
43 67 18 3 640 771
9 62 13 1 541 724
69 57 16 2 441 674
26 23 6 7 344 642
56 16 7 1 350 537
19 9 30 1 323 531
64 78 16 4 532 773
39 76 10 2 219 280
9 74 29 3 478 750
82 95 17 4 535 791
86 32 5 6 567 681
45 93 29 6 666 775
84 3 19 2 382 594
96 15 30 5 404 697
99 98 10 2 567 633
87 70 30 1 395 538
97 3 5 6 389 654
46 26 18 3 421 598
43 78 28 6 262 359
83 99 6 7 205 496
0 38 15 2 504 792
89 84 16 1 323 539
43 41 21 6 421 541
22 8 24 4 525 772
96 87 21 4 238 329
69 8 15 4 631 725
64 54 26 4 418 548
18 40 23 4 521 789
13 42 6 5 296 455
45 69 17 4 419 578
27 50 10 3 543 749
99 6 29 5 489 721
59 59 8 4 246 309
50 44 9 6 477 548
66 9 24 2 401 469
93 39 24 4 324 496
85 66 28 4 604 761
90 76 16 1 539 699
57 46 22 4 255 543
53 57 20 1 425 702
15 48 28 7 440 726
17 46 27 3 247 366
68 57 25 5 514 672
9 16 18 7 248 512
48 0 14 3 243 370
5 30 27 1 257 376
66 60 18 2 631 782
51 80 30 2 312 511
52 50 10 6 481 595
74 51 6 5 515 796
84 19 12 2 466 557
44 4 15 7 486 740
14 17 27 3 476 548
11 70 6 3 567 629
68 0 11 3 206 271
0 77 16 6 586 724
81 25 20 7 497 650
69 86 24 7 349 619
27 54 24 6 208 287
5 90 26 7 544 739
90 30 30 6 206 276
8 42 29 7 370 632
91 16 25 6 244 320
66 33 28 1 467 659
50 92 17 1 722 797
23 86 18 2 512 590
21 33 19 3 286 559
14 36 26 3 472 737
48 73 27 4 489 774
60 71 10 5 333 580
43 35 26 6 381 642
34 62 26 5 328 451
68 18 28 6 512 643
14 54 16 5 429 676
13 26 23 7 232 433
73 41 9 3 241 355
94 93 12 1 399 589
53 80 24 2 368 551
64 85 15 7 553 742
68 76 13 7 583 738
51 18 10 5 643 725
95 27 15 1 427 649
28 78 14 7 617 682
71 10 12 3 271 496
97 37 9 2 442 677
57 90 26 3 327 561
8 88 15 6 406 586
19 41 28 4 616 727
98 49 28 5 238 362
95 18 22 6 435 666
13 47 24 1 271 384
87 69 19 6 204 424
39 41 15 1 306 586
1 22 14 1 487 681
53 35 15 6 718 778
89 15 27 2 280 514
86 26 17 5 305 496
24 43 24 4 414 620
96 88 21 6 301 410
15 29 28 1 256 451
67 37 11 3 372 652
18 59 5 1 319 578
77 99 14 5 619 737
84 42 23 6 546 698
6 93 16 6 521 644
49 41 10 3 444 512
20 63 12 6 526 755
66 84 8 7 630 728
24 91 22 3 230 475
28 97 16 3 507 690
51 74 30 2 518 623
24 33 21 4 205 364
62 58 5 1 596 729
0 79 23 3 420 499
51 62 6 5 571 724
37 45 22 5 545 626
42 98 18 3 472 772
18 39 12 1 210 273
28 57 5 2 489 728
15 38 23 7 597 773
12 9 20 6 225 344
44 56 27 3 273 482
0 93 8 6 426 609
65 22 27 5 349 474
15 93 23 4 352 620
19 29 11 2 361 497
39 44 16 3 503 591
52 72 27 4 223 354
36 84 6 3 413 623
100 40 14 4 606 723
13 25 7 3 204 323
37 16 22 6 490 584
1 49 9 5 343 413
36 51 14 6 317 612
86 42 26 5 556 791
36 59 18 6 460 613
82 27 9 2 235 343
74 68 14 4 329 435
14 47 13 6 309 507
45 47 5 7 337 610
44 50 16 1 491 627
59 94 26 1 301 586
44 35 28 6 525 738
45 30 16 1 426 511
59 43 12 7 662 797
98 42 30 3 202 430
6 46 11 7 357 499
92 40 18 6 363 509
68 88 29 7 376 573
39 4 5 7 665 731
65 64 21 7 373 540
32 54 28 4 331 466
21 2 28 4 433 543
91 85 6 5 549 660
10 46 16 1 347 412
34 27 8 4 356 608
6 28 28 6 245 441
36 20 10 6 539 657
33 62 26 2 331 507
66 48 23 1 481 631
97 97 9 5 648 771
37 68 26 6 625 782
94 39 28 5 358 555
86 10 24 7 631 734
88 32 8 2 365 622
94 36 15 4 493 621
19 48 20 7 219 436
79 4 10 5 644 728
64 87 22 3 332 597
75 77 20 5 213 475
37 1 7 3 419 539
2 54 24 4 555 654
75 44 11 6 542 686
46 1 10 3 380 617
16 8 11 5 553 651
50 75 26 4 567 708
37 77 6 4 236 464
13 53 28 1 256 463
35 34 11 5 658 775
73 76 15 1 261 347
89 21 25 3 341 432
80 14 25 7 300 522
79 97 6 4 367 443
32 50 30 4 336 563
86 24 19 1 532 784
36 68 16 4 602 710
91 42 9 4 314 452
92 10 16 7 467 550
19 33 19 6 541 747
25 67 26 2 496 581
38 60 23 7 598 786
8 93 9 7 241 475
56 8 18 7 521 718
28 7 12 6 271 524
47 64 17 2 269 415
46 73 12 7 524 738
22 68 25 3 341 437
51 29 16 2 561 684
46 13 23 7 662 749
9 45 22 6 275 349
30 88 25 3 234 309
66 12 12 3 463 756
99 42 18 3 491 704
54 17 21 3 405 602
64 10 11 4 217 507
80 25 22 4 471 551
34 41 5 1 391 524
25 93 25 3 485 691
84 83 22 7 408 566
85 58 24 4 203 417
44 67 23 1 365 445
36 28 22 7 582 798
21 43 18 4 514 768
53 81 30 7 586 715
7 49 16 7 240 477
84 9 7 1 235 454
57 61 28 2 470 628
28 6 10 4 557 681
44 28 7 5 371 461
19 80 19 7 251 458
8 36 29 5 608 679
77 21 21 2 244 519
47 71 21 5 359 492
41 46 30 1 352 558
76 52 9 1 639 796
99 3 28 4 645 728
86 17 12 6 451 607
61 4 20 2 605 800
18 66 24 1 458 566
2 68 23 3 492 639
97 17 7 3 268 511
9 9 23 1 275 454
23 47 13 6 443 557
6 86 6 1 395 473
74 28 6 6 465 550
67 78 10 5 641 769
55 70 19 5 303 406
20 43 20 3 265 463
43 29 19 1 426 700
71 11 9 2 318 411
99 13 7 3 365 594
65 26 30 6 208 438
35 37 15 1 300 587
39 59 12 2 435 696
52 15 10 6 274 489
5 60 15 6 686 763
47 60 25 6 423 484
7 0 6 3 218 375
94 16 19 1 597 668
5 59 19 4 423 625
4 56 29 4 547 623
44 48 20 7 589 785
74 76 9 5 287 554
57 81 21 4 258 324
52 18 9 3 390 604
68 42 11 7 686 792
37 73 7 6 285 486
75 5 8 5 379 469
63 13 8 6 504 767
13 82 17 7 534 724
36 54 12 4 566 718
49 43 9 2 284 447
64 49 7 3 314 605
97 81 18 5 557 693
4 6 26 1 331 515
7 78 7 3 450 716
51 40 7 5 206 321
18 6 22 2 494 757
88 3 20 7 232 477
2 30 30 6 401 684
84 55 16 2 400 524
8 87 28 3 464 542
87 78 9 1 516 608
2 65 9 5 369 504
35 3 16 7 445 638
4 43 24 5 411 598
20 82 13 1 230 436
12 84 14 3 351 568
9 26 14 3 268 462
14 53 8 4 413 632
36 57 25 2 286 574
76 36 13 4 445 576
56 51 13 5 562 661
17 36 30 6 297 449
86 70 23 1 212 276
15 23 22 7 557 622
4 32 19 5 323 542
39 22 8 1 354 646
88 21 5 5 373 437
82 87 14 1 219 429
3 61 14 4 312 424
77 10 11 7 518 695
3 88 30 1 451 527
0 75 13 7 589 767
23 40 7 3 403 577
89 50 25 3 390 509
31 6 6 3 577 779
15 76 17 1 414 568
37 13 8 7 318 523
23 13 22 7 356 609
82 10 12 2 398 524
32 85 29 7 337 472
84 61 18 2 331 502
97 7 19 7 445 517
8 2 6 3 443 737
34 88 14 1 426 531
7 97 30 1 626 767
75 61 15 1 233 470
89 64 8 2 414 596
87 51 30 5 635 716
76 80 30 2 509 620
74 23 15 7 340 602
14 63 21 3 203 326
35 27 13 7 438 731
74 56 8 2 465 561
20 96 26 7 655 785
27 70 11 2 617 707
73 93 12 3 545 667
65 89 16 3 345 610
1 66 14 6 300 465
9 59 17 5 530 739
47 48 18 6 521 783
28 22 22 5 422 703
3 8 20 7 239 464
100 61 29 6 566 649
98 7 28 7 537 768
0 24 30 5 290 381
21 22 25 3 635 796
92 31 19 4 592 655
42 100 19 1 467 608
15 69 26 5 279 342
50 12 5 2 334 401
40 70 22 5 463 619
56 73 8 7 569 740
52 45 20 1 368 595
38 66 13 7 218 281
90 59 26 6 222 340
71 73 5 6 355 479
93 14 21 7 283 398
70 23 30 1 450 721
62 86 5 2 405 565
19 16 10 6 260 462
43 69 25 4 345 427
59 50 14 5 509 620
64 0 16 5 525 602
14 24 23 5 367 535
39 52 12 2 244 533
85 72 12 5 390 483
84 24 11 3 477 711
44 25 17 7 410 570
39 54 25 4 492 729
83 16 7 2 349 460
63 57 14 7 235 358
81 60 15 7 224 353
32 52 26 3 282 493
37 61 14 6 367 662
12 95 22 7 646 746
15 7 5 3 487 632
6 69 8 7 634 698
50 65 13 6 310 598
46 49 9 6 200 495
80 98 24 7 502 614
6 98 7 3 221 411
73 9 26 1 527 747
26 43 6 5 561 670
9 83 8 6 381 560
90 14 23 6 286 560
96 58 5 3 371 561
36 10 18 3 388 645
14 61 27 2 383 521
2 76 15 7 313 556
62 11 13 1 448 630
24 25 22 4 525 779
55 73 29 3 317 408
90 32 7 5 585 770
75 13 29 3 213 322
45 74 12 3 382 523
40 3 20 5 648 754
26 11 12 4 234 404
86 0 13 6 345 467
95 91 12 5 430 686
95 66 16 7 329 593
89 93 8 3 643 725
99 78 16 6 325 609
13 10 12 6 361 446
39 48 10 1 346 563
72 94 16 7 621 775
27 28 6 3 552 774
96 12 5 7 226 449
77 35 16 4 330 433
73 7 27 5 523 652
7 90 20 7 486 750
59 32 27 3 562 791
73 90 30 1 476 605
25 5 30 4 282 545
16 87 18 2 513 676
64 70 22 5 520 662
33 51 6 2 311 531
81 5 12 1 263 397
41 92 19 6 576 797
24 30 14 5 639 734
89 46 8 4 237 448
78 39 5 6 216 512
3 70 18 1 234 422
6 5 12 4 475 699
29 21 17 2 389 571
13 46 20 4 478 592
85 97 10 7 417 619
43 65 26 5 511 663
94 33 16 4 480 653
64 52 14 1 332 468
61 46 10 6 584 682
34 53 23 4 484 645
33 61 15 3 480 762
99 64 10 2 409 619
24 62 17 1 561 660
97 31 18 3 317 431
16 59 17 2 314 590
73 28 28 3 210 383
99 61 18 4 603 726
67 28 17 1 364 462
92 84 20 7 609 744
21 7 24 4 235 490
27 66 20 4 285 380
39 30 19 6 572 746
19 18 22 1 315 546
98 83 21 2 622 694
26 60 18 1 237 475
42 77 21 2 426 603
69 78 6 6 276 462
97 89 13 5 647 725
100 46 10 1 383 537
35 52 18 7 215 327
46 47 21 5 305 458
14 68 11 7 542 768
58 1 18 7 663 790
36 32 13 2 268 462
40 71 30 7 385 478
76 32 29 4 255 464
75 27 30 5 427 659
53 41 17 2 444 696
35 49 22 3 508 622
55 12 23 6 508 621
88 60 12 6 486 589
89 94 24 2 277 441
98 2 15 3 578 669
49 74 9 7 212 274
83 69 8 6 234 441
68 43 14 4 443 715
68 90 20 3 289 477
81 75 8 2 305 591
91 71 24 5 533 673
24 10 13 7 422 545
12 82 15 5 326 392
22 81 17 6 535 798
82 12 13 6 353 482
42 30 11 7 475 701
32 60 28 3 224 355
9 57 28 1 498 743
95 59 23 7 303 497
83 90 16 7 280 577
62 41 17 2 203 459
45 51 13 2 295 453
44 84 6 4 485 666
79 61 22 5 634 770
35 5 5 6 322 499
55 78 18 2 450 645
23 37 26 4 401 572
3 32 29 6 444 627
60 40 20 4 432 613
60 24 9 7 604 692
91 62 6 1 324 428
36 73 16 1 657 785
6 32 12 3 234 492
8 11 27 5 293 452
38 69 7 6 339 477
70 80 30 7 495 607
78 79 25 6 427 587
0 91 27 3 507 647
25 66 9 5 424 567
61 8 26 6 526 587
23 14 17 7 543 756
59 74 13 4 269 508
12 16 22 5 628 701
23 90 24 4 314 575
98 74 18 1 471 652
26 7 25 4 467 729
76 47 8 5 385 656
50 32 15 2 508 735
45 54 15 6 263 473
71 96 6 4 297 471
7 29 11 5 347 471
100 62 29 1 214 276
58 46 24 1 593 778
2 62 8 6 521 791
84 1 30 2 568 672
45 60 9 1 578 685
35 9 26 5 213 477
62 71 27 1 404 509
92 99 5 7 228 290
89 63 8 2 629 746
92 60 20 4 278 564
60 79 15 7 325 424
76 78 29 7 440 514
70 24 26 5 215 474
50 79 17 4 216 506
93 22 17 6 310 550
41 25 6 6 480 552
22 47 11 5 372 583
9 49 18 7 486 660
31 25 6 7 360 531
74 40 20 3 341 527
41 45 23 7 648 782
50 98 6 2 653 795
1 25 17 5 396 510
68 1 5 7 589 721
7 50 23 7 298 379
70 86 24 3 577 696
10 32 9 5 424 559
56 38 6 7 470 761
35 31 26 4 438 658
52 24 7 3 423 680
60 4 14 6 231 418
7 22 18 4 319 439
73 37 18 4 342 470
79 95 25 1 472 596
59 61 29 2 353 525
79 15 17 2 240 318
65 37 20 4 557 700
60 55 16 6 281 484
82 36 8 4 436 561
79 83 7 5 449 586
42 73 28 3 222 388
18 99 14 2 433 693
80 62 19 1 512 717
77 45 14 5 438 689
92 0 14 7 310 540
27 63 25 6 348 491
64 8 10 6 392 523
27 60 21 2 475 766
89 98 28 4 358 617
80 7 7 6 432 497
56 69 14 7 347 636
43 44 9 6 348 507
89 89 22 2 476 632
83 85 29 5 455 718
69 2 9 2 380 610
12 72 6 2 378 574
100 24 26 2 209 407
81 26 21 5 508 798
40 66 16 2 500 627
58 81 22 4 348 559
33 31 21 6 425 697
18 83 29 3 250 461
74 47 9 5 280 487
74 7 5 1 285 488
58 75 20 7 282 549
73 36 19 7 240 512
5 88 15 2 258 400
26 24 6 1 262 504
92 9 10 2 412 486
18 64 12 1 406 607
7 81 30 7 248 381
84 70 5 3 539 730
17 76 10 5 221 447
51 73 30 7 203 340
7 23 23 2 297 481
77 78 30 3 430 497
38 44 10 2 518 693
91 31 25 6 335 444
9 1 11 5 384 453
21 49 14 3 412 618
1 48 14 7 203 412
49 20 19 2 243 462
15 92 15 1 505 622
16 52 29 2 421 612
27 51 24 4 314 455
7 61 9 6 233 418
85 53 26 7 456 544
71 29 17 3 260 364
71 71 24 5 557 706
9 14 10 6 503 579
7 32 7 4 413 594
3 45 13 2 363 630
87 28 26 5 213 287
90 93 24 3 410 646
12 48 5 4 594 680
8 81 7 6 236 381
18 91 12 2 213 484
77 5 29 1 522 604
96 19 28 6 648 742
86 71 26 4 263 466
36 96 6 6 356 460
26 42 15 3 337 417
54 19 5 6 551 786
21 69 8 6 228 306
20 100 14 6 405 605
51 45 23 6 207 311
58 37 15 4 262 551
89 68 23 3 232 499
39 60 12 1 259 506
98 68 16 2 313 397
43 24 12 6 325 555
99 17 13 3 266 365
41 81 10 3 664 793
98 88 25 7 467 687
88 81 21 4 411 569
45 90 30 1 383 590
97 65 8 6 434 632
21 34 19 5 375 461
86 2 23 3 536 638
10 6 12 2 434 663
62 21 12 5 341 543
89 91 30 5 620 709
53 4 15 7 680 796
49 33 20 6 416 598
52 34 12 1 323 470
38 97 23 3 421 614
63 52 16 6 245 308
29 60 13 6 475 535
26 35 21 1 221 497
91 28 13 4 419 511
18 71 27 2 234 331
44 8 15 3 501 680
27 88 26 7 500 798
23 39 17 4 459 592
4 65 10 1 315 477
44 58 7 3 489 643
70 84 12 7 373 556
48 1 21 3 371 461
37 27 30 1 518 785
0 40 7 6 518 642
28 39 23 2 481 689
63 24 19 7 692 793
61 35 27 5 399 553
66 69 25 5 396 573
15 43 8 1 232 478
10 48 24 4 501 569
20 35 19 2 230 511
51 93 18 5 348 421
77 92 25 2 608 796
8 55 22 5 547 618
90 48 13 3 647 771
18 92 8 6 381 478
95 56 20 5 506 675
29 32 8 1 336 551
14 100 30 4 366 511
35 53 18 6 689 799
7 86 16 7 503 641
23 80 30 3 393 586
56 75 26 1 541 649
4 10 21 4 316 390
41 49 6 6 463 651
81 54 16 5 500 778
44 91 26 6 479 602
78 24 6 7 274 561
13 90 23 6 215 399
7 72 21 5 468 691
14 11 15 4 657 720
89 76 30 1 466 672
40 5 25 3 275 402
36 33 12 2 446 643
6 77 22 6 325 521
88 87 22 7 384 484
38 76 12 6 416 685
91 56 21 6 424 586
93 7 27 3 351 464
63 16 11 2 321 532
27 38 30 4 388 478
67 54 20 5 477 672
57 38 11 4 511 648
94 3 7 6 616 707
77 80 5 5 598 695
43 56 14 7 493 556
70 5 15 5 418 541
42 48 19 4 546 779
64 30 14 5 208 348
97 6 6 3 270 433
34 84 30 1 447 621
61 3 16 5 383 673
40 30 24 1 535 682
61 38 26 2 414 487
95 49 12 1 383 468
39 63 29 1 397 624
3 30 18 5 337 636
30 13 28 6 573 747
44 78 5 2 279 493
36 60 26 5 545 731
55 18 12 6 657 785
40 85 8 7 647 759
5 67 20 2 314 515
20 83 24 2 552 616
82 88 16 3 636 701
55 10 8 6 392 594
52 1 9 5 303 498
65 30 13 1 525 600
30 47 6 4 259 348
3 28 7 2 660 720
6 51 14 3 403 575
91 38 19 7 333 542
65 23 23 4 331 619
64 14 29 7 430 730
90 87 25 6 588 716
2 21 10 2 446 720
17 43 7 5 337 419
55 41 30 6 447 538
45 57 10 5 318 521
94 67 10 6 278 416
78 43 7 1 524 680
34 47 29 4 615 791
83 100 27 7 254 349
4 71 9 1 543 650
2 15 18 4 633 735
32 37 9 1 269 335
24 81 6 5 255 415
89 17 12 4 540 787
92 89 24 5 434 635
5 46 15 1 484 746
13 73 30 7 329 557
30 12 26 4 633 751
92 16 25 4 261 506
90 99 19 2 520 729
12 87 17 6 633 712
6 2 15 1 584 661
90 46 28 3 585 726
40 9 16 2 410 477
50 25 12 3 344 496
59 77 16 6 595 663
1 43 24 5 300 474
54 20 29 2 218 402
12 25 19 4 239 337
27 75 24 3 590 656
60 67 7 6 257 491
26 87 23 6 266 337
63 50 9 1 374 489
36 37 18 5 210 291
51 67 26 1 470 702
66 75 13 3 539 728
90 31 20 7 465 584
82 90 5 4 391 498
76 65 14 3 505 640
34 34 12 7 383 490
31 81 28 4 294 397
57 2 18 6 620 736
51 26 19 5 632 710
90 43 15 7 521 716
89 12 23 5 518 643
26 71 30 3 690 772
4 41 29 7 249 415
68 48 24 3 467 664
23 85 14 3 453 604
35 73 9 2 480 762
5 6 22 4 302 554
98 61 28 1 213 315
84 7 11 2 332 625
66 46 17 2 559 717
35 17 9 3 562 787
87 84 21 3 584 784
39 18 9 7 456 676
87 66 16 3 276 545
42 66 27 1 378 621
56 57 25 1 572 741
65 25 28 4 368 581
5 2 16 4 607 768
9 85 12 1 305 435
82 56 15 2 369 563
82 74 9 3 579 763
61 7 11 6 292 553
70 13 6 6 429 701
35 38 12 1 367 566
80 4 29 3 487 709
96 27 13 6 716 787
48 63 19 2 218 504
26 51 17 7 502 662
55 62 5 5 439 529
39 9 24 7 282 346
35 84 15 7 484 698
98 93 10 2 325 590
92 51 17 6 586 656
97 8 7 5 511 793
84 100 27 6 559 768
45 81 9 6 580 674
68 11 17 6 731 798
18 73 21 6 238 398
51 37 13 2 349 428
98 9 18 6 429 552
4 40 8 3 303 507
69 24 9 1 630 798
71 2 29 3 314 472
48 47 27 4 315 514
10 84 19 7 508 588
26 83 20 5 332 602
100 60 14 3 356 537
51 75 19 7 316 537
80 100 9 7 406 481
76 95 7 6 409 591
10 86 21 3 410 636
15 74 19 6 210 369
79 100 13 4 522 691
30 83 25 7 465 744
76 62 8 1 262 372
58 58 9 7 648 794
43 96 6 3 730 797
96 2 8 6 452 518
86 51 11 2 488 556
100 26 23 7 391 642
25 70 27 3 266 427
38 25 22 4 488 650
29 48 25 1 538 729
29 55 14 1 392 489
98 6 28 6 432 613
69 16 19 1 481 733
18 9 11 7 297 518
41 74 28 6 371 453
44 99 21 1 527 781
89 41 25 7 367 459
21 28 25 4 316 465
31 38 7 7 427 709
90 100 17 4 201 489
54 100 7 6 488 672
50 38 14 3 303 517
81 96 14 5 441 553
66 87 7 2 319 411
15 51 7 6 205 271
24 61 11 4 322 497
26 38 18 7 465 749
27 0 20 6 279 425
38 27 24 7 660 792
56 12 26 3 522 697
72 99 8 7 330 524
86 31 24 2 379 557
36 61 21 1 283 496
62 17 22 5 256 548
60 8 12 4 294 592
69 67 13 7 333 443
12 90 12 7 410 481
72 37 24 1 467 585
90 0 20 7 402 639
99 94 12 3 570 771
74 100 21 7 357 624
33 52 17 5 574 704
20 72 24 1 252 532
16 88 22 2 377 664
46 14 26 3 413 500
86 61 15 2 499 710
75 65 9 7 366 491
98 69 5 7 213 444
71 84 9 2 395 509
3 18 8 6 493 786
13 63 24 4 473 604
6 25 17 7 244 460
75 33 23 2 279 573
41 22 27 7 280 442
12 75 24 5 522 609
94 87 9 3 523 726
53 31 29 7 205 396
34 46 18 4 488 593
5 98 13 5 464 634
27 67 9 4 201 491
55 44 13 3 251 380
49 1 21 6 391 663
67 26 25 5 549 673
39 97 26 3 273 475
47 97 14 7 314 395
4 37 19 2 565 672
60 41 23 3 335 565
47 43 11 5 383 510
13 12 14 6 521 650
75 10 22 5 488 668
53 13 15 2 377 498
61 34 26 7 316 567
22 67 8 6 571 659
82 5 6 1 398 568
98 18 20 4 337 487
34 59 18 5 272 426
82 35 10 1 280 401
7 93 30 3 402 465
92 46 22 3 376 511
36 55 24 1 432 704
83 66 5 7 366 448
21 38 18 4 503 703
53 30 30 3 222 329
95 2 30 5 511 724
63 74 17 4 618 776
13 41 18 1 276 446
61 71 25 3 287 375
81 98 15 3 475 673
31 34 23 7 396 489
80 50 8 5 273 348
80 47 29 5 276 509
84 10 25 2 247 529
8 32 25 7 486 615
70 33 18 6 689 799
100 63 26 2 648 760
94 50 27 5 456 600
58 87 16 5 343 418
71 8 15 7 292 489
41 70 18 5 490 704
85 84 19 4 701 799
73 44 20 7 346 544
91 76 30 3 326 608
60 43 23 5 417 504
40 91 16 2 643 730
52 6 15 2 563 677
94 91 30 6 285 345
49 61 25 3 402 676
27 40 10 2 500 580
66 29 5 2 408 593
53 69 21 1 538 699
94 76 15 4 370 606
13 74 17 2 293 589
71 64 19 4 597 681
29 36 9 7 207 284
40 80 29 2 405 486
29 95 26 4 275 501
98 20 26 7 250 395
55 93 29 2 445 709
38 53 23 5 578 728
62 89 15 6 471 574
47 72 15 6 620 760
3 48 8 2 214 340
47 14 27 1 485 559
43 68 29 2 627 780
82 41 10 3 537 619
40 59 11 7 485 752
7 62 18 7 492 738
94 32 15 6 518 656
68 25 11 2 352 440
66 19 5 1 401 500
94 1 19 4 563 783
43 76 15 7 530 765
82 53 15 2 541 685
72 100 23 1 459 643
68 66 23 1 273 537
24 18 10 3 401 511
83 44 16 3 392 516
91 12 24 6 457 686
28 23 24 6 539 599
2 38 16 7 200 488
41 64 26 7 259 485
57 78 21 5 256 508
65 36 18 2 209 496
17 96 16 2 410 619
32 72 20 4 289 501
73 83 29 1 431 640
38 87 29 1 577 642
13 65 27 1 447 657
81 29 7 2 228 408
13 64 6 1 369 510
98 92 15 1 411 606
7 54 27 6 631 790
21 40 23 2 364 581
28 100 20 7 667 753
4 17 22 4 593 656
8 84 28 2 536 776
67 63 16 1 309 387
1 0 21 1 275 470
2 67 5 1 476 593
26 54 30 1 348 487
32 35 27 4 287 384
7 70 7 4 304 474
19 83 19 7 565 725
31 49 24 1 528 635
18 35 6 2 711 781
93 87 16 7 354 465
21 15 22 6 375 672
59 87 21 1 538 706
21 45 22 3 207 353
80 67 22 3 207 381
15 91 15 1 506 779
82 43 29 1 272 486
67 94 26 4 381 644
55 35 28 3 631 724
36 27 14 3 590 734
79 60 20 5 519 615
17 32 9 4 546 665
9 100 15 4 433 590
59 26 12 2 397 543
81 44 27 7 348 612
37 92 20 3 267 502
55 5 29 2 630 798
49 38 16 1 514 612
39 19 26 4 375 442
90 83 7 3 295 458
95 33 8 7 453 564
7 20 9 4 362 656
12 7 23 2 441 559
75 87 27 5 279 457
88 51 16 6 449 696
80 27 6 1 684 757
88 29 30 1 271 405
85 57 22 1 467 631
97 21 7 6 294 552
53 55 13 6 610 695
8 71 16 7 451 684
48 26 29 5 525 699
96 60 16 3 203 366
76 70 19 4 236 312
40 56 7 7 244 490
15 27 19 4 471 585
21 83 18 7 579 679
33 55 14 2 500 575
31 17 18 3 208 427
