1127
33 48 0 0 0 0
78 87 12 5 394 595
56 24 26 7 236 508
72 94 23 6 580 666
50 99 23 1 378 652
74 28 10 5 657 735
9 68 11 3 386 474
87 20 16 4 624 791
91 53 14 5 292 429
33 80 13 3 519 787
51 53 9 5 417 640
88 70 5 4 615 707
93 39 17 4 351 459
76 1 20 7 446 629
63 74 5 3 218 339
10 7 10 7 403 519
38 5 20 4 430 623
52 61 20 4 383 497
28 81 15 3 475 773
93 18 27 1 488 787
59 94 6 5 295 554
80 54 6 4 394 552
98 50 17 6 451 683
39 67 7 2 217 285
83 72 17 6 223 492
62 80 6 2 669 745
42 56 11 3 377 669
10 28 23 3 207 404
73 20 22 1 208 412
38 92 18 6 532 715
75 95 28 3 506 657
91 78 26 1 474 606
82 60 14 4 334 402
75 20 28 7 417 668
14 100 6 5 692 782
1 3 28 5 507 653
90 85 8 6 541 782
15 29 15 7 258 510
100 63 24 5 513 621
73 51 11 7 374 477
73 83 20 5 210 460
68 89 14 4 354 628
69 39 16 3 504 792
75 59 14 4 668 737
12 46 10 3 309 445
27 51 28 5 292 450
96 94 14 7 247 362
83 89 30 6 405 698
54 96 6 7 333 527
54 73 21 7 615 692
23 64 22 1 301 439
26 17 18 5 424 573
74 27 24 3 317 383
28 2 21 2 245 381
7 23 9 2 230 343
1 8 18 6 442 580
35 5 23 5 517 604
65 59 11 7 557 703
31 48 13 1 454 752
9 81 8 6 369 548
35 46 12 2 313 505
89 23 30 2 570 795
70 61 7 6 334 571
45 60 16 4 225 409
60 3 9 2 328 418
62 89 20 5 384 485
30 94 23 6 428 539
61 70 19 3 376 553
44 49 24 3 295 464
43 36 7 3 341 482
82 14 14 5 261 489
48 27 24 5 219 321
52 5 19 3 329 459
100 35 19 1 308 496
17 88 29 1 376 499
43 10 24 4 250 543
33 77 30 2 310 387
71 100 8 6 604 729
97 7 29 7 519 721
32 30 13 1 215 496
81 34 5 7 224 516
52 41 16 5 312 414
72 99 9 7 491 722
70 68 26 1 213 412
45 73 21 2 346 625
41 5 17 4 564 687
93 46 15 6 446 600
88 39 18 1 414 489
29 42 13 1 499 605
53 53 22 7 217 472
72 17 19 1 338 468
27 47 8 5 249 417
17 26 22 1 667 793
85 0 23 7 588 799
16 42 21 2 237 375
61 33 18 6 586 726
4 14 5 1 211 410
2 88 16 1 535 632
77 90 7 6 425 610
78 47 29 6 258 416
6 93 18 1 574 725
82 36 14 7 358 422
0 45 27 6 489 785
68 10 9 1 704 784
96 80 12 2 372 570
16 88 10 4 488 745
28 82 7 5 397 513
99 80 20 4 260 387
10 76 23 3 473 583
54 94 10 2 369 542
52 52 17 7 275 408
97 63 14 2 244 408
81 95 14 5 257 438
75 15 7 4 200 363
96 100 14 7 290 573
15 52 18 1 500 621
86 33 17 7 337 434
74 36 23 2 228 345
88 84 24 3 408 476
24 54 18 2 665 747
21 95 11 6 221 513
71 35 15 4 462 620
94 44 25 4 336 602
43 8 8 7 484 685
97 81 19 7 422 695
41 65 23 3 309 527
19 52 9 6 471 620
2 20 30 5 292 415
7 25 16 2 228 391
22 95 30 4 483 625
22 57 5 1 486 597
62 77 9 3 460 633
31 75 20 3 300 528
97 15 16 5 278 477
53 90 27 5 270 511
85 39 27 4 714 774
62 2 26 2 387 517
69 26 12 6 447 540
37 79 12 4 299 488
25 82 28 3 426 522
57 39 16 6 250 409
36 39 17 5 291 492
90 8 8 1 594 787
23 36 13 6 307 491
100 0 21 4 402 468
77 99 7 2 524 787
84 40 28 3 634 745
32 92 19 5 334 518
18 0 14 7 658 734
49 74 22 2 232 402
40 1 16 4 615 772
21 35 22 3 452 527
56 27 19 4 598 700
4 36 29 1 558 674
17 63 8 4 360 538
34 44 22 6 537 665
43 3 24 5 370 453
45 11 28 5 223 346
57 58 26 4 341 601
9 11 9 4 540 671
85 41 19 2 329 525
5 75 6 6 280 565
53 82 11 2 280 398
15 35 18 4 271 359
86 61 30 5 369 558
68 63 21 2 290 531
96 96 27 1 269 365
61 9 10 3 434 613
90 37 13 4 431 513
35 57 19 6 203 495
81 23 18 3 486 572
13 70 25 1 227 383
40 16 28 5 635 725
20 1 12 7 389 687
79 98 29 7 292 508
67 15 20 1 464 538
33 31 17 7 384 454
79 16 13 7 259 555
32 70 26 4 431 559
96 3 29 3 498 730
8 20 21 3 480 681
31 90 15 5 569 709
52 73 16 3 435 667
23 4 26 1 683 758
31 50 6 7 293 562
27 30 20 4 445 694
13 12 12 6 673 749
33 30 16 5 406 558
75 52 16 7 224 383
63 9 12 4 466 752
31 87 11 6 213 463
67 74 8 1 425 695
83 16 5 4 224 381
58 50 30 6 465 685
13 89 15 3 360 527
85 4 21 7 573 680
84 0 24 5 332 425
96 98 23 6 443 680
89 54 22 7 357 549
28 30 30 3 356 526
86 26 20 7 608 676
21 27 25 1 310 436
55 40 18 2 451 687
39 93 24 4 422 609
78 84 26 1 320 468
89 91 6 5 275 385
28 90 17 4 214 318
77 17 8 7 410 644
94 98 26 4 382 518
35 61 24 6 474 763
59 48 9 6 348 449
91 60 7 7 405 601
19 67 13 1 281 441
71 73 20 3 446 676
58 85 21 7 394 605
73 78 24 1 208 440
6 95 13 3 248 522
63 65 22 1 461 641
33 47 23 4 412 639
31 13 27 7 620 738
64 63 10 3 375 614
24 9 27 3 642 774
64 58 19 1 592 792
9 22 13 1 486 583
23 22 8 2 630 715
10 70 19 6 412 614
16 56 14 4 349 516
29 22 12 7 335 548
61 27 7 3 287 437
45 54 8 3 227 428
19 42 16 7 200 270
62 72 29 7 429 723
92 93 6 1 282 389
6 37 30 2 597 795
68 5 21 5 430 546
69 9 25 2 510 573
4 82 16 7 417 669
73 79 22 4 461 524
54 32 20 4 208 355
5 2 28 6 364 622
92 77 28 3 296 506
84 33 21 2 399 689
93 70 17 1 698 769
70 21 20 5 402 614
16 67 18 7 363 658
19 97 15 4 722 791
64 73 5 3 231 477
4 78 30 6 445 614
39 61 30 7 631 765
34 77 17 6 294 499
18 8 26 5 387 552
73 81 30 2 574 681
75 22 14 1 503 714
33 2 10 3 689 754
28 25 13 2 440 660
41 12 14 6 621 692
84 95 17 6 273 558
2 90 11 7 410 640
52 47 15 1 201 301
47 60 9 2 312 527
92 49 29 4 216 468
62 62 28 3 319 512
72 21 25 7 210 476
73 2 28 3 587 753
44 69 5 1 392 469
11 32 27 3 312 413
28 48 23 2 541 689
46 30 18 7 295 526
50 27 18 7 469 757
28 49 27 1 217 513
91 56 18 5 375 607
58 78 21 3 371 540
10 17 25 2 432 622
46 45 29 5 471 691
9 75 5 7 535 726
14 98 18 5 231 469
21 1 5 5 202 366
98 74 21 1 625 754
8 87 27 3 229 515
91 7 7 2 424 644
12 41 7 3 212 297
58 25 7 3 402 595
97 9 10 3 220 339
83 32 7 6 269 457
15 6 7 6 491 668
16 44 12 7 338 523
57 66 21 6 224 383
45 40 21 6 253 464
81 32 20 7 403 657
67 99 21 5 276 416
25 1 29 5 307 544
61 4 18 5 371 568
18 19 30 5 320 516
14 20 12 4 634 720
68 25 19 1 455 612
35 77 24 5 335 538
34 5 16 7 485 773
96 91 9 4 294 360
59 35 15 7 490 736
53 51 5 1 348 632
33 37 12 3 291 538
13 15 28 1 475 588
72 74 25 4 495 751
27 90 17 3 550 627
95 44 22 1 266 490
12 75 26 3 370 652
13 80 29 6 253 318
53 65 9 6 441 548
86 71 24 1 240 309
87 95 26 3 431 695
42 69 28 1 211 309
68 28 6 3 561 710
21 3 25 2 384 624
87 62 29 5 214 483
69 68 30 4 527 613
55 53 18 7 535 757
26 9 9 6 616 676
94 40 26 3 292 425
18 36 24 7 345 530
15 71 11 2 684 773
29 11 28 7 402 695
59 90 20 4 415 666
84 52 30 3 346 629
20 78 21 4 373 565
42 16 12 2 352 490
65 53 9 5 251 365
11 41 16 4 263 557
30 15 13 4 301 416
13 74 24 1 475 574
3 85 24 3 648 745
15 49 5 7 351 513
41 64 28 1 216 458
68 34 22 7 373 493
53 60 10 6 488 707
4 2 9 1 326 492
26 11 17 5 581 734
43 72 28 1 633 694
85 7 14 6 459 640
61 92 5 4 475 771
4 8 17 7 409 512
14 45 17 2 470 586
42 65 10 7 210 352
56 32 30 1 221 475
24 73 24 6 271 431
75 87 20 2 226 347
39 38 13 5 226 394
46 31 24 2 208 365
23 95 12 7 223 440
14 27 21 5 486 780
76 86 26 6 352 510
16 66 6 5 490 611
83 80 22 2 368 517
31 32 19 7 231 492
87 15 24 5 593 750
6 76 9 5 577 720
79 38 28 4 432 670
86 83 15 2 311 491
80 27 9 2 240 429
85 86 27 7 492 744
42 85 16 2 370 659
24 56 29 2 497 651
76 11 25 3 507 605
18 14 28 2 420 694
57 18 9 2 480 594
8 42 19 3 343 611
57 54 29 5 462 568
13 2 12 2 406 593
78 82 17 7 488 724
49 64 20 4 210 415
8 27 13 3 362 601
97 76 10 6 204 448
83 50 19 5 555 744
35 49 21 4 242 473
26 8 23 3 203 437
45 83 24 1 558 698
99 74 24 5 618 760
60 84 14 3 441 731
74 97 25 6 469 609
41 82 13 5 299 550
65 6 12 3 380 653
27 29 24 2 519 693
3 9 9 4 511 733
77 15 19 1 275 344
6 40 26 6 339 556
51 41 29 4 395 515
74 64 14 1 214 333
34 94 14 3 273 530
100 26 5 6 410 600
14 67 26 4 358 645
72 67 16 1 240 532
77 0 18 3 455 517
80 34 8 5 256 523
18 86 8 4 566 713
60 97 30 7 417 705
9 52 26 6 499 727
50 26 15 2 339 581
68 30 18 3 357 544
42 27 18 4 221 440
2 95 10 4 579 751
75 44 24 3 229 499
99 77 10 6 594 718
4 10 18 6 450 515
0 32 15 4 312 531
77 14 8 2 274 335
60 39 21 2 395 502
88 54 22 3 348 534
73 65 30 3 305 581
76 37 23 3 472 550
66 25 9 2 303 459
46 98 29 4 320 561
7 7 18 1 244 542
12 12 18 1 480 650
23 76 11 4 539 660
27 66 21 4 411 640
50 77 23 7 462 749
30 97 12 2 399 602
92 29 19 2 643 780
69 31 30 6 281 475
46 81 18 6 564 667
26 89 30 7 418 600
95 20 24 4 240 418
20 48 27 3 578 687
26 39 24 6 524 747
14 52 26 1 469 749
89 38 10 7 285 376
55 84 20 4 478 559
61 85 18 7 396 620
50 10 18 4 627 785
42 17 19 7 421 510
13 85 30 7 392 582
12 38 10 2 229 420
52 80 18 5 394 594
32 41 29 7 268 515
93 63 15 1 624 688
95 6 22 5 652 771
84 37 10 7 241 419
26 62 5 6 638 730
32 71 27 7 567 652
53 52 20 1 538 688
17 29 7 7 457 742
7 97 18 3 224 324
69 88 26 2 403 561
37 90 26 7 460 549
91 21 27 3 338 436
59 76 21 3 554 630
53 56 10 1 680 778
7 2 19 5 283 441
70 40 16 4 225 412
93 12 19 5 341 455
15 53 29 3 567 649
21 73 29 3 304 482
57 68 28 6 266 538
40 52 21 5 465 559
76 67 22 1 341 612
87 68 7 2 686 785
68 0 7 5 592 674
0 53 26 4 394 507
54 79 27 3 433 506
76 98 21 6 449 731
81 62 23 7 475 601
71 10 27 3 449 529
67 57 5 5 412 557
22 87 16 5 308 445
48 1 12 2 480 624
13 42 30 4 382 453
9 51 20 3 205 298
24 20 9 5 260 378
28 23 7 3 498 752
94 24 21 3 260 486
56 3 16 1 542 773
32 65 15 3 238 404
57 36 23 5 208 386
9 8 6 5 438 718
39 18 27 2 680 748
62 57 13 3 268 491
57 93 8 2 427 514
59 51 15 1 261 466
22 18 7 3 517 658
64 95 23 5 242 317
15 77 19 5 380 514
94 65 11 4 229 290
20 47 29 2 573 791
9 47 9 5 326 485
35 16 20 2 593 743
75 55 18 4 422 714
39 91 14 5 672 741
11 9 6 3 320 445
93 37 8 5 401 576
14 71 15 4 597 796
87 66 15 5 424 572
89 93 7 5 514 712
34 13 24 3 209 473
8 33 27 1 464 639
84 28 14 2 609 781
33 78 17 6 333 454
15 33 26 4 633 778
24 62 5 5 233 427
94 85 7 1 472 759
78 75 27 4 335 628
5 34 30 4 539 681
2 41 23 4 472 745
40 39 7 6 251 550
80 97 30 3 248 447
60 37 16 1 434 508
87 10 21 5 508 728
45 8 10 2 273 532
28 84 15 7 362 567
99 17 28 7 600 677
94 9 20 5 500 784
28 60 18 1 606 781
45 9 18 1 665 779
31 96 14 3 247 409
80 8 11 7 445 700
15 11 14 3 387 675
46 65 10 5 383 476
26 70 8 3 441 612
100 39 20 5 447 573
87 37 19 4 471 673
1 33 16 6 463 629
60 67 18 2 403 624
10 40 6 4 371 553
34 87 14 5 403 540
16 11 18 6 669 774
54 47 26 3 359 582
4 95 18 4 351 419
11 31 20 5 507 707
89 79 24 6 684 779
28 78 10 3 474 654
27 31 16 2 702 762
38 99 25 6 510 595
42 4 10 7 409 585
75 53 11 3 382 627
10 69 30 7 288 358
14 11 25 6 211 296
60 87 5 1 586 668
60 5 13 7 291 538
42 97 5 4 360 651
9 41 25 2 322 510
87 36 17 2 339 453
18 25 27 7 234 508
86 81 16 5 252 495
31 47 17 3 651 772
0 94 29 6 428 592
51 5 26 5 473 553
1 79 25 3 599 704
96 22 29 7 222 366
45 27 7 5 245 498
3 84 23 7 599 764
11 74 16 7 214 307
32 6 8 4 501 600
82 80 9 6 524 677
82 0 14 4 605 666
13 3 12 2 425 539
76 66 15 7 251 404
95 31 11 1 352 606
18 95 15 6 470 633
1 96 27 1 471 704
24 0 27 6 434 618
49 39 10 6 717 777
75 27 30 4 606 728
25 55 5 1 321 452
96 93 27 3 378 559
20 39 30 3 621 739
59 66 20 6 242 359
13 49 21 5 216 415
40 81 14 1 437 642
19 100 8 6 668 788
74 79 5 7 558 776
57 19 13 6 357 537
86 58 19 2 242 539
44 46 15 7 374 550
74 43 10 7 358 575
18 92 6 5 502 708
84 18 8 5 419 678
56 58 18 2 211 507
88 61 13 7 488 745
79 39 27 7 427 662
85 65 19 5 569 794
55 5 15 5 482 566
33 94 21 6 351 426
17 2 23 1 224 373
2 25 26 3 557 632
21 89 13 5 322 439
59 87 8 7 462 734
55 12 15 3 599 718
50 29 25 6 388 584
24 65 14 5 209 402
11 18 15 4 386 505
6 73 15 4 286 406
18 32 21 4 366 642
11 77 18 1 220 506
77 48 22 6 226 319
14 74 10 3 423 535
56 76 12 4 488 579
70 10 23 5 218 361
60 32 11 5 584 713
27 17 27 2 292 455
65 24 21 1 607 759
26 37 25 3 317 573
36 78 12 5 339 450
18 34 12 2 339 583
31 6 26 2 305 444
22 89 29 6 428 706
39 16 26 5 422 490
83 38 16 7 475 622
98 69 9 1 318 452
5 12 24 3 657 785
26 38 15 4 572 701
51 74 27 1 217 470
91 14 19 7 553 629
41 73 11 4 406 492
29 25 17 5 319 507
37 48 23 2 280 366
69 53 28 2 488 638
92 66 16 3 327 618
99 78 15 5 271 492
53 47 21 3 367 647
16 62 13 1 449 655
77 49 6 2 611 781
33 69 26 2 423 563
60 10 24 1 301 435
97 85 27 4 519 791
93 36 29 1 224 480
9 34 29 2 481 666
99 27 13 3 495 740
14 79 12 2 272 533
73 45 10 5 381 621
2 53 12 1 264 405
32 44 24 2 231 527
5 56 18 1 444 582
63 38 21 3 345 600
16 50 18 1 321 549
95 22 12 2 404 566
53 68 15 6 573 693
31 93 30 2 502 625
79 64 13 1 545 799
78 60 30 4 583 771
2 92 18 2 457 598
60 56 18 2 228 316
68 58 21 4 310 409
59 14 9 7 298 358
1 46 18 5 496 635
93 58 13 5 293 486
27 2 18 6 401 482
74 22 27 5 441 653
90 46 28 5 309 387
67 34 15 6 510 609
47 86 8 5 383 553
46 83 25 7 353 438
40 74 27 4 410 622
77 62 5 1 301 487
66 90 19 3 426 584
51 87 10 3 349 647
71 42 11 1 521 649
38 82 24 2 504 749
100 45 17 5 502 680
83 87 24 5 502 769
20 64 16 4 561 760
1 98 14 5 411 655
63 25 6 6 324 499
23 31 19 6 527 777
30 35 20 1 215 310
16 65 22 3 559 796
52 85 29 7 211 289
49 78 24 3 274 519
2 85 9 2 457 703
7 52 29 3 485 556
61 10 12 2 219 435
42 39 14 3 647 794
82 49 16 2 539 652
32 10 19 5 382 453
79 17 21 6 357 566
1 15 14 6 323 451
20 76 13 4 224 381
93 73 24 5 333 625
3 5 17 6 389 570
6 32 6 6 349 416
10 22 12 2 436 694
71 80 12 2 377 626
86 10 11 4 378 578
40 65 25 5 350 647
56 48 20 3 457 636
45 68 15 3 500 675
31 58 12 4 384 549
86 56 25 2 442 606
68 88 10 5 442 616
70 33 24 1 404 682
52 65 16 1 431 629
63 3 18 6 289 466
67 100 13 4 328 595
46 50 8 7 335 434
95 64 21 3 261 402
99 10 17 5 630 711
48 30 5 1 338 436
25 25 19 4 436 607
69 99 30 6 656 754
83 96 16 7 578 736
39 97 6 1 463 713
49 92 18 4 257 481
83 28 9 5 646 782
21 45 24 5 517 718
14 14 25 7 467 722
85 60 10 1 531 760
3 89 19 7 409 497
45 28 8 6 589 656
59 77 16 7 312 432
89 36 9 4 322 458
47 38 20 2 637 726
79 4 9 4 601 780
12 49 6 2 561 797
47 59 10 1 263 473
77 54 21 7 409 670
57 49 7 3 543 671
75 100 21 1 569 688
12 27 6 3 473 748
97 67 21 2 262 464
60 2 7 4 231 453
20 73 18 7 238 395
100 10 27 2 309 408
58 6 22 1 347 556
27 26 9 7 539 650
15 76 13 3 488 767
22 9 28 4 455 542
69 75 23 3 258 539
66 3 30 6 463 665
24 88 29 2 307 461
44 92 22 2 263 378
93 6 16 4 243 370
37 63 8 1 544 670
37 51 14 7 532 639
14 94 10 5 558 727
77 95 28 2 617 721
95 35 25 3 348 510
44 77 8 4 414 544
3 22 29 4 636 789
65 95 22 6 597 760
32 60 20 6 422 625
70 37 7 4 563 796
46 37 21 6 507 594
97 1 15 4 435 658
27 74 29 3 543 745
54 51 15 2 267 420
46 56 8 5 240 539
10 8 18 3 280 577
54 24 5 5 541 774
29 97 25 3 507 720
0 34 25 6 238 364
93 100 14 1 467 587
73 90 17 6 575 799
33 23 28 4 531 633
51 48 25 6 280 361
44 0 19 3 521 697
91 100 25 5 360 644
96 64 27 6 268 463
85 58 21 3 583 777
27 18 8 6 289 437
37 0 26 4 246 511
29 77 28 7 475 690
58 80 30 5 287 504
55 98 13 4 350 493
78 89 14 6 380 676
24 84 12 7 271 489
74 9 7 7 562 727
17 62 26 2 315 409
72 63 10 7 642 715
1 91 25 1 308 453
22 85 8 6 393 616
94 0 23 6 480 565
0 74 25 1 399 636
31 49 13 2 243 464
16 49 8 7 463 695
2 63 15 4 303 478
19 79 6 4 518 650
73 87 26 6 466 619
14 21 11 3 503 749
80 82 7 6 371 510
25 56 29 2 707 773
12 21 15 1 688 759
47 95 20 3 275 419
90 32 22 5 373 500
9 37 9 4 524 589
71 46 5 1 422 508
45 46 19 6 222 342
91 88 25 6 605 715
96 9 15 6 605 800
72 69 18 7 520 739
12 50 8 5 472 691
71 37 16 3 530 715
100 27 9 4 378 576
33 56 22 2 478 747
3 87 5 5 232 391
28 31 24 5 347 433
25 28 7 5 484 576
13 57 25 5 555 754
37 83 9 2 441 635
77 55 9 7 661 778
77 37 7 5 223 311
30 24 22 7 351 439
95 12 5 3 237 511
91 11 20 7 201 481
15 88 12 4 652 756
12 74 17 3 508 735
79 78 21 1 202 398
73 48 30 4 611 769
81 8 27 3 397 670
54 42 21 6 443 636
63 8 27 1 508 616
55 90 11 7 295 553
28 79 9 5 508 788
33 34 18 4 304 582
48 93 26 2 478 631
89 69 23 2 394 634
16 96 26 7 330 399
30 48 6 2 629 775
58 40 9 4 265 440
42 53 18 6 209 286
0 72 13 2 371 610
45 72 23 5 580 727
44 64 19 6 328 499
42 64 29 6 392 521
56 43 8 3 538 787
68 14 6 6 210 380
6 57 5 6 528 661
77 67 14 2 381 611
7 13 5 3 478 733
48 12 11 5 223 392
12 35 23 3 314 557
21 12 24 7 275 444
20 62 28 2 286 431
6 11 12 5 628 712
63 87 25 6 539 617
15 63 21 2 352 441
32 83 28 6 339 621
67 13 5 6 242 448
55 44 28 5 241 398
72 9 12 3 232 397
74 73 18 3 311 491
84 8 14 7 361 505
6 31 27 1 237 489
88 87 26 7 202 350
93 31 6 2 270 540
3 2 6 3 303 423
85 42 7 6 369 642
48 65 5 1 447 573
61 17 14 5 334 443
54 37 22 4 568 780
15 23 14 4 321 404
27 14 12 1 528 616
65 49 10 6 378 628
86 13 14 5 528 795
89 98 27 2 504 645
24 18 19 1 370 454
47 80 23 3 484 743
10 24 10 7 299 524
77 22 13 3 447 568
4 24 28 3 438 547
22 2 20 2 546 757
99 73 27 3 327 503
41 63 14 1 235 426
73 57 22 6 243 361
14 62 6 6 669 756
68 27 26 7 557 721
8 45 6 1 299 380
62 60 8 3 487 699
12 88 17 1 408 549
26 88 24 6 411 609
24 60 16 2 360 441
26 83 25 6 234 301
73 85 22 3 642 794
62 65 13 3 578 730
76 31 24 2 491 603
23 19 11 1 425 498
71 22 12 5 427 723
87 55 16 5 203 326
9 87 16 3 690 765
86 45 22 7 271 446
38 74 17 1 276 360
60 89 27 7 373 547
38 47 7 7 230 299
79 10 22 2 491 656
96 41 9 5 587 673
91 63 19 1 578 710
61 36 7 4 236 465
62 16 28 5 255 406
16 69 5 2 369 662
61 69 21 6 559 645
75 72 24 3 591 743
89 84 8 7 464 537
46 1 23 6 422 515
79 30 12 7 501 690
1 75 13 5 339 528
35 35 7 1 325 446
52 69 18 6 245 432
60 12 23 1 300 381
63 34 27 2 560 704
31 70 27 5 453 720
75 46 5 1 234 456
14 28 6 6 536 655
30 2 8 3 290 546
40 5 13 5 598 748
89 75 23 1 358 460
77 91 30 4 430 624
71 7 25 3 406 485
31 83 26 2 266 492
73 6 22 6 364 663
1 92 16 4 460 646
61 5 18 6 596 677
89 20 20 1 413 615
69 71 10 4 363 538
0 15 16 4 385 514
80 28 22 6 536 745
85 74 11 4 351 530
94 77 24 6 349 421
52 98 19 5 239 307
35 12 6 6 503 717
57 24 15 4 622 788
18 13 26 3 484 592
35 26 27 4 381 467
29 5 15 2 486 672
4 33 5 2 504 680
81 78 27 4 436 619
83 82 10 4 509 639
36 49 8 5 431 563
96 12 12 1 582 652
3 11 23 7 204 339
77 64 23 4 483 705
42 14 26 6 445 632
73 32 5 2 568 702
21 87 5 3 277 548
45 45 9 1 332 562
18 63 15 4 326 457
50 37 21 7 258 493
30 32 7 2 377 570
98 16 25 6 396 601
31 24 12 5 467 547
47 19 21 4 298 400
4 37 18 4 427 582
40 26 24 2 373 509
92 81 6 7 504 671
19 63 19 3 560 667
66 30 10 5 220 398
11 68 24 4 712 800
31 0 18 5 465 707
5 70 20 2 463 726
66 43 23 5 597 771
23 73 18 5 475 707
25 80 12 3 262 561
82 94 8 1 471 559
34 8 29 3 211 491
89 39 18 1 503 686
87 76 7 2 563 684
0 58 9 7 560 698
47 48 5 5 453 737
38 90 24 7 490 727
83 65 30 6 235 352
6 51 11 2 632 775
45 64 18 4 215 361
17 10 12 1 300 491
7 81 10 2 298 387
4 43 16 3 246 336
39 59 24 6 605 721
39 44 21 5 478 584
93 99 27 5 202 294
38 61 16 4 230 479
10 23 12 4 451 595
91 54 29 1 614 678
84 81 13 5 406 518
80 75 7 1 598 729
89 48 6 2 418 663
8 3 18 6 556 759
7 44 23 6 563 624
22 76 29 2 262 544
50 8 5 3 408 660
69 6 29 5 486 626
38 26 24 7 213 426
52 4 27 6 548 700
20 68 23 6 207 329
61 75 10 4 618 754
72 12 25 1 602 732
24 11 22 6 463 567
31 100 14 7 299 528
28 38 9 1 392 543
21 34 29 4 377 670
66 1 21 3 544 797
24 43 21 6 346 507
8 76 26 5 387 514
74 83 15 1 575 725
49 26 7 4 506 688
25 40 16 7 445 630
80 16 23 1 266 378
15 68 30 5 537 659
69 62 6 4 472 605
54 44 19 3 287 542
24 90 29 1 205 477
51 59 28 3 281 465
25 60 15 4 534 617
100 15 11 7 608 779
75 5 23 7 727 799
97 32 6 6 290 513
30 10 27 3 224 454
28 85 24 2 220 300
36 45 10 6 448 704
78 31 27 3 570 771
36 28 7 3 298 466
99 14 29 7 483 559
69 44 12 5 436 645
52 83 7 4 527 593
70 9 11 4 444 610
72 78 25 7 318 446
76 20 29 5 386 473
98 13 20 5 557 679
15 13 16 3 638 777
34 82 28 5 511 735
88 69 18 4 320 536
63 91 17 5 486 656
97 12 29 7 508 777
98 36 28 5 239 406
93 84 6 2 563 746
91 29 29 7 418 646
90 47 26 3 581 783
52 30 5 6 462 665
47 94 30 3 599 791
100 33 29 2 483 627
36 80 17 7 574 744
82 99 12 7 484 603
72 4 7 2 538 770
20 75 8 2 227 462
28 5 23 3 497 730
68 99 6 6 430 651
10 41 30 6 205 353
11 7 30 1 597 729
24 79 30 6 329 467
7 24 13 5 381 543
55 51 25 6 490 725
69 96 17 2 565 797
29 92 20 5 408 494
11 37 15 6 444 682
87 42 5 2 311 376
63 70 6 2 245 492
32 42 21 7 544 756
61 3 21 6 251 512
38 44 12 7 461 593
76 39 27 7 659 790
63 53 25 7 400 544
9 53 11 5 451 530
29 81 10 2 331 599
4 3 24 7 280 420
59 55 30 1 482 748
43 51 29 3 621 692
16 87 15 7 250 362
100 51 27 3 671 762
48 14 23 1 302 459
15 79 29 5 479 681
65 92 29 1 381 504
1 97 6 4 553 672
0 36 7 4 439 559
81 87 12 3 244 521
16 79 30 3 617 689
73 75 13 3 603 749
71 32 30 3 236 298
80 25 14 3 631 780
90 14 18 5 466 734
26 58 10 2 219 356
58 24 13 6 558 642
43 15 18 1 525 625
68 36 13 5 212 417
43 21 8 2 514 659
53 3 7 7 494 567
45 97 13 2 598 717
17 56 10 5 331 585
44 90 10 2 587 718
85 8 10 6 319 462
31 61 26 4 348 504
98 75 24 6 468 664
76 79 18 7 369 660
4 21 22 1 697 776
8 91 22 2 408 696
92 31 22 5 204 441
67 79 11 6 231 490
68 54 19 1 436 497
50 45 6 1 402 495
84 51 26 4 340 439
18 72 16 5 376 477
57 84 30 7 450 713
74 19 13 5 382 679
39 13 11 6 512 772
37 12 18 3 642 783
26 19 23 5 329 412
67 52 23 5 476 708
46 76 16 3 206 389
23 34 20 2 397 570
11 67 21 7 666 746
0 65 20 2 228 388
95 76 16 1 466 567
92 32 13 2 662 750
45 2 12 1 351 539
32 58 23 1 521 656
12 70 13 1 476 627
45 65 21 6 386 625
2 58 8 6 318 521
87 9 20 7 348 585
22 54 9 2 204 327
24 80 9 5 693 791
86 3 23 5 479 747
57 10 18 2 501 648
38 36 26 6 257 453
89 96 14 4 431 725
38 63 24 1 489 635
29 36 29 5 407 693
23 69 14 6 536 686
66 29 23 5 416 528
61 26 22 2 668 774
56 14 9 3 526 589
42 73 29 2 456 564
44 39 22 5 254 540
19 75 28 5 655 733
34 84 30 6 401 641
43 55 27 3 444 634
90 59 7 3 589 703
18 45 14 3 427 695
51 35 19 3 327 388
13 46 29 3 601 719
27 67 20 7 268 499
14 69 18 4 377 583
76 84 16 3 528 589
35 91 13 2 311 373
39 68 13 5 318 612
