1045
97 17 0 0 0 0
63 43 9 6 310 531
40 31 9 7 497 727
28 42 30 2 212 359
42 18 25 6 656 787
55 67 21 4 468 737
3 46 28 4 459 625
37 90 20 2 652 798
4 22 12 7 632 799
32 40 27 2 568 714
89 24 25 5 477 561
85 68 17 7 217 426
51 22 6 7 279 552
71 5 10 7 229 391
61 84 5 6 685 784
19 51 7 5 253 388
13 64 9 3 390 668
60 79 25 3 703 798
100 1 23 2 315 400
33 16 5 4 292 523
40 28 23 6 372 541
32 67 7 5 668 790
63 75 5 1 491 662
77 45 26 1 332 564
20 20 10 7 375 512
20 52 13 4 519 599
44 83 15 7 625 751
97 60 8 4 303 448
89 69 13 1 305 443
48 1 28 6 576 672
63 44 8 1 551 779
5 0 13 4 594 754
36 20 28 6 271 459
98 96 10 3 587 758
97 97 15 2 298 398
28 85 18 6 580 650
42 43 15 3 544 696
51 21 8 5 346 430
51 83 10 6 546 792
47 52 14 1 293 531
97 9 6 2 255 407
55 82 18 6 207 439
63 34 20 1 457 731
66 63 7 7 440 673
32 14 20 7 339 601
29 6 24 4 289 511
42 89 28 4 553 800
2 18 7 7 378 629
81 54 15 5 676 738
15 52 26 1 452 712
69 71 15 3 340 633
94 45 16 7 484 686
65 84 11 2 503 732
69 86 15 7 423 555
22 23 16 6 493 764
25 78 23 7 323 490
5 96 25 4 428 633
87 57 11 3 388 588
66 91 10 2 534 787
49 58 24 1 499 641
51 67 5 1 509 599
42 9 23 1 247 378
6 74 24 4 384 638
73 99 28 3 626 736
5 50 17 5 710 794
44 43 27 6 386 552
34 82 13 3 612 782
96 87 25 4 429 680
35 3 7 6 448 603
74 8 17 6 463 583
28 91 6 4 323 438
27 69 30 1 275 564
75 58 6 2 269 466
87 16 24 3 478 573
93 9 22 2 486 786
42 42 16 3 224 419
70 55 26 3 364 536
61 15 20 1 278 394
98 92 18 2 267 343
95 60 13 6 379 537
85 17 14 5 546 787
90 5 21 3 384 554
8 46 23 5 283 378
71 79 24 6 447 747
16 37 5 5 505 770
30 81 10 7 460 634
41 24 7 2 318 435
4 41 23 6 278 551
51 57 8 4 234 474
68 67 15 4 392 501
19 4 20 1 212 277
99 100 11 3 574 739
2 13 13 6 375 587
55 63 22 3 610 714
85 44 13 1 506 616
72 69 25 5 583 760
57 62 25 5 327 488
90 72 22 3 322 570
22 74 7 3 371 528
10 92 14 4 415 614
5 25 29 1 550 610
75 16 25 2 205 368
69 66 29 7 370 493
39 94 6 1 613 713
36 28 23 6 333 482
87 43 30 1 244 371
89 66 15 6 419 620
55 34 23 6 381 442
43 27 12 6 359 475
83 38 6 1 637 740
38 26 30 7 513 684
94 89 14 4 514 748
87 4 12 4 312 516
96 10 7 7 515 709
94 50 5 3 439 589
2 38 16 6 441 662
64 13 10 3 327 491
11 94 20 2 653 720
36 57 17 1 297 421
53 6 15 4 456 675
57 55 10 2 525 625
92 97 16 3 434 544
42 17 21 1 435 563
66 43 26 4 251 367
81 64 26 1 624 748
15 0 12 3 363 499
84 9 29 2 474 599
78 19 13 4 423 685
61 10 29 6 330 609
83 80 10 2 242 436
2 63 25 7 280 560
81 83 19 7 469 686
56 41 27 7 543 649
60 17 7 5 376 627
35 16 28 3 264 534
63 10 8 3 300 564
97 16 6 7 321 609
55 49 15 1 440 532
57 39 30 5 211 347
82 42 21 5 228 453
52 56 6 1 394 471
48 52 21 7 309 378
56 67 5 2 601 774
96 75 10 5 472 569
69 24 8 5 406 670
72 99 29 3 255 411
25 74 17 3 645 733
50 78 29 7 265 542
75 95 10 7 696 768
43 68 26 6 470 601
31 4 29 5 334 423
77 76 28 5 367 585
62 58 16 7 458 679
39 11 8 1 334 441
27 39 15 1 361 489
53 36 23 1 605 747
47 59 24 5 218 359
78 29 15 1 362 472
71 43 27 6 351 474
84 5 26 5 506 751
15 20 5 1 498 761
15 34 9 4 599 728
77 33 15 1 445 626
14 47 10 4 272 519
54 88 23 4 413 636
18 10 28 3 438 647
36 52 18 4 502 716
90 68 21 2 397 503
64 17 6 5 202 338
73 38 7 7 371 609
63 42 27 4 240 300
56 92 26 1 685 764
34 55 30 4 304 544
28 65 27 7 328 533
61 69 8 3 235 416
13 75 24 4 275 533
35 43 11 5 452 643
39 59 14 7 367 454
93 97 18 1 571 685
18 57 15 4 696 775
70 1 11 4 256 457
75 80 9 4 380 603
66 81 19 4 238 509
62 50 28 4 607 785
19 50 5 2 314 483
20 25 29 3 393 576
16 51 26 4 397 607
66 30 5 2 506 697
12 65 30 6 527 753
65 34 22 7 212 392
37 88 16 6 559 646
35 74 7 3 205 348
89 42 10 6 211 358
83 74 8 1 228 513
67 80 18 7 363 531
93 25 27 6 218 455
52 8 5 4 369 446
6 41 14 3 520 659
62 44 17 6 268 361
66 82 23 4 368 613
96 98 24 7 441 563
19 83 24 7 514 767
23 57 28 7 499 616
12 86 5 1 312 479
27 72 28 2 658 780
6 69 7 2 500 786
86 87 10 4 286 510
30 44 5 2 450 682
3 13 8 2 231 427
81 25 6 2 342 483
74 62 27 1 442 674
59 38 19 7 527 628
24 34 24 1 451 556
62 40 22 1 212 457
75 6 30 5 456 598
87 90 18 3 290 440
15 48 22 5 224 333
76 88 30 1 336 589
70 28 25 3 503 588
28 4 17 2 277 362
87 30 16 2 276 419
78 45 12 1 225 461
3 32 29 1 232 372
43 24 26 2 203 363
80 18 13 3 714 784
53 27 5 4 279 398
64 10 15 6 381 568
92 58 29 5 439 684
65 53 28 1 269 383
13 85 27 1 417 687
15 6 11 4 281 498
80 71 28 3 538 778
83 83 23 2 594 765
5 80 5 7 372 665
47 46 25 1 581 716
8 92 11 2 502 749
44 97 18 3 262 390
11 99 22 7 298 485
13 62 19 6 526 639
25 8 23 1 378 531
78 18 5 1 292 547
38 37 16 3 252 489
24 14 13 4 457 751
35 38 24 4 321 532
9 95 8 3 321 497
82 80 21 3 395 578
11 49 16 2 334 404
31 37 11 1 307 562
37 99 8 1 520 684
67 38 23 5 501 736
83 40 17 2 279 511
19 35 19 3 206 334
85 14 11 2 424 533
53 97 5 7 282 464
60 11 16 5 593 666
91 16 27 5 331 410
78 30 13 4 462 569
40 11 12 1 256 452
50 33 17 1 290 360
57 31 22 5 308 372
3 47 15 1 538 799
3 76 16 7 309 502
8 91 21 7 222 512
14 63 7 1 223 403
80 56 7 7 559 660
49 2 29 3 292 410
42 1 9 5 302 368
95 14 23 4 292 471
6 51 22 3 243 305
39 95 8 7 388 542
58 3 30 3 586 754
98 19 29 5 253 470
34 23 8 4 527 669
96 4 5 4 395 601
33 25 6 3 305 532
56 22 28 7 499 702
1 40 9 1 694 788
86 76 21 3 229 511
95 82 12 3 348 424
57 26 15 5 261 491
32 57 16 6 456 610
44 63 24 7 658 726
97 34 10 4 621 739
25 93 23 3 320 380
47 19 10 2 302 537
60 95 5 3 516 779
20 43 21 3 393 691
16 58 30 6 264 461
67 69 13 5 353 464
5 100 24 6 474 611
31 66 14 3 353 437
38 84 19 3 243 336
0 35 26 4 598 704
42 63 10 6 694 772
51 89 15 6 314 513
51 88 29 2 297 357
47 13 16 7 373 626
81 48 13 6 440 647
37 30 30 7 491 777
8 2 11 4 481 640
66 7 10 3 296 573
83 44 16 7 465 647
95 34 20 5 529 756
72 80 22 4 274 481
13 16 22 7 294 554
89 52 28 5 205 365
53 52 7 4 471 646
12 27 24 7 422 711
34 10 15 6 627 733
45 18 29 7 352 431
40 94 16 6 523 759
35 45 11 1 552 677
98 66 10 5 263 465
61 6 15 7 322 397
20 10 13 6 309 449
29 84 20 5 505 601
34 72 20 7 281 541
92 62 28 4 591 698
30 74 30 5 423 608
72 72 16 5 634 794
38 21 18 3 221 447
80 26 6 6 608 705
10 25 8 2 243 505
67 28 22 2 628 789
63 40 14 6 285 433
82 2 7 5 533 799
10 42 26 5 325 526
92 81 20 6 709 790
16 15 27 2 669 759
69 87 14 3 387 500
17 2 10 1 546 637
2 99 19 4 230 334
9 35 26 1 589 756
54 81 12 2 292 358
87 84 10 1 634 800
38 27 20 2 407 621
71 55 5 2 504 669
13 50 17 6 495 619
99 27 11 3 240 354
85 39 22 5 298 465
0 83 11 3 610 722
73 3 16 7 236 359
78 1 16 3 496 630
30 20 10 6 356 637
89 51 22 2 465 612
72 58 8 3 479 645
65 73 15 4 496 772
64 55 28 2 277 544
81 34 20 2 426 706
83 84 15 2 363 553
61 97 24 4 333 509
99 0 30 4 458 534
28 34 27 1 294 410
50 76 19 7 312 541
75 83 25 7 373 555
62 83 5 7 309 507
51 40 21 6 493 775
55 81 30 3 560 626
9 17 29 7 293 515
5 53 28 2 277 577
6 18 17 2 207 364
99 55 15 2 455 611
96 31 18 5 473 658
15 29 19 7 536 756
29 91 14 7 379 581
16 83 16 4 295 463
50 0 14 3 332 533
18 87 5 3 437 578
76 22 7 5 296 381
100 8 19 5 367 460
64 14 30 3 589 689
23 66 18 4 355 450
44 4 5 3 477 777
72 19 17 5 285 399
13 46 24 6 680 781
77 73 29 4 526 777
6 32 23 5 305 595
20 4 21 1 354 651
9 46 11 3 571 782
95 44 6 2 642 702
37 42 13 7 413 644
45 97 26 7 418 510
24 51 16 6 285 501
58 77 9 3 580 746
38 74 28 1 403 514
2 57 23 6 602 748
99 12 18 2 478 680
49 74 7 3 555 741
70 54 17 3 499 697
22 11 11 6 554 661
20 96 15 7 432 642
71 94 15 5 387 613
28 95 6 3 452 689
82 87 22 2 330 559
7 59 10 1 653 789
62 94 20 3 489 656
21 6 5 2 513 596
88 49 5 5 650 726
90 38 17 1 359 642
85 40 5 5 232 531
27 64 30 5 561 722
87 63 22 7 268 403
27 86 16 6 369 651
11 90 29 1 418 481
52 67 23 7 571 702
18 50 24 6 649 752
94 0 19 4 226 431
49 78 29 3 302 586
18 32 12 5 218 402
34 9 25 3 484 584
4 9 6 7 537 643
11 67 18 1 255 350
73 91 6 7 545 745
91 28 5 3 681 763
88 22 11 3 303 579
32 25 24 2 268 441
70 32 28 5 538 775
5 57 9 6 231 304
97 6 8 1 482 588
41 65 23 6 323 587
87 70 27 3 329 611
20 84 6 5 436 722
63 46 6 7 268 551
61 38 16 5 340 596
54 93 16 2 446 591
80 47 23 5 384 626
57 97 13 3 210 383
63 81 26 6 206 506
83 4 8 2 289 589
92 46 12 5 407 690
13 79 25 3 353 557
11 26 15 7 245 534
68 92 18 7 447 632
100 70 16 2 389 516
47 45 12 2 347 485
2 3 14 4 471 532
94 56 30 4 251 547
99 59 24 3 282 391
74 91 15 4 245 519
92 65 23 4 509 734
51 6 12 3 307 416
54 94 6 7 268 499
33 92 16 6 319 419
88 68 20 1 615 788
23 76 29 3 428 564
83 17 10 1 327 603
2 79 27 4 280 538
51 95 10 4 400 631
61 99 10 6 603 772
26 17 21 2 434 694
93 81 23 5 598 770
69 37 12 7 435 581
73 55 9 3 443 571
91 44 29 3 237 526
42 76 19 1 220 330
63 31 21 7 424 666
47 15 21 7 407 566
69 47 24 1 373 632
35 23 22 6 365 565
28 62 15 7 614 769
100 97 6 4 581 702
26 24 22 7 272 481
18 85 18 3 500 674
65 4 7 3 544 728
77 78 5 3 352 543
73 59 9 2 533 725
2 50 25 7 365 607
1 25 18 3 234 495
8 83 25 7 291 563
87 27 17 5 267 375
60 28 20 3 293 383
3 26 23 1 279 418
73 40 13 6 295 505
49 4 24 1 434 705
80 91 25 6 598 668
38 62 5 6 448 596
37 94 23 2 352 480
41 7 10 5 278 341
99 46 11 6 459 563
75 15 25 1 561 696
77 1 11 5 417 523
78 25 17 2 564 754
39 71 10 4 390 658
92 49 10 7 301 574
75 37 7 5 467 574
96 100 23 5 437 713
42 66 22 3 338 525
78 96 20 2 502 710
53 3 10 7 306 503
85 41 9 7 310 478
56 70 20 2 399 652
32 1 23 5 429 530
88 26 24 5 250 439
39 75 23 1 363 546
18 17 11 5 350 536
84 91 12 2 686 784
29 44 29 3 436 588
64 92 18 7 688 772
5 16 6 4 245 509
11 44 16 7 333 485
26 76 28 5 232 516
90 24 20 5 588 774
38 3 24 6 332 458
79 30 30 5 559 671
99 29 20 5 432 665
73 5 26 2 289 441
49 68 8 7 321 551
11 85 29 5 389 603
87 55 19 6 401 544
16 92 14 2 275 392
50 87 28 2 574 635
68 28 30 7 466 568
83 19 30 1 216 453
46 75 9 1 609 721
63 73 6 1 685 785
50 57 15 4 283 405
18 79 24 5 667 756
82 11 5 2 234 508
77 4 10 2 454 521
81 80 26 6 293 535
26 6 19 2 494 669
53 94 7 7 312 576
5 39 26 6 569 739
36 39 18 6 483 712
51 4 29 7 385 560
90 47 28 5 629 735
62 1 10 2 292 384
10 29 19 7 310 430
93 37 23 3 246 452
52 76 27 1 455 611
30 82 24 6 388 504
1 9 15 5 303 601
30 51 7 2 446 612
89 38 7 6 240 388
73 58 24 7 652 777
90 36 18 3 399 522
6 57 6 7 693 760
51 25 29 7 310 543
82 33 14 2 387 632
95 26 25 1 393 539
71 29 22 2 460 522
6 8 22 2 325 460
66 86 7 3 474 560
94 65 27 4 630 783
71 0 9 5 540 657
24 76 26 2 570 641
51 46 14 4 390 554
54 7 22 1 379 450
79 72 26 7 525 703
93 11 15 5 570 704
29 17 11 3 393 634
73 19 21 6 425 539
54 43 19 4 387 516
51 63 12 2 208 435
15 77 29 5 636 713
18 98 22 2 422 663
34 62 26 4 539 656
86 52 28 1 416 498
80 83 12 1 270 538
26 67 10 7 207 492
20 92 29 5 398 546
48 28 9 6 284 525
72 7 30 4 583 736
2 15 19 1 445 505
3 96 23 5 471 535
22 91 17 7 484 611
23 99 18 2 207 439
60 71 11 5 207 371
83 77 29 7 611 787
84 39 8 1 451 723
55 94 9 6 361 452
17 93 17 6 496 774
65 3 10 7 425 520
36 18 7 2 359 424
0 22 15 4 474 695
9 94 6 4 497 774
57 61 28 5 370 507
39 55 25 3 402 474
21 39 21 6 243 470
38 63 30 1 339 497
85 31 20 7 222 430
93 24 19 5 583 654
50 53 26 1 255 532
84 76 15 5 482 647
43 2 15 3 228 430
16 62 13 2 375 550
53 25 28 6 470 723
16 70 25 3 273 570
7 6 10 6 341 471
68 84 18 4 619 762
89 77 27 6 271 567
25 19 17 3 561 642
90 15 29 2 232 368
47 29 5 1 614 781
15 62 9 2 437 612
51 53 18 2 468 700
87 42 11 6 479 590
83 32 18 5 651 794
68 41 17 3 232 440
28 60 19 5 641 713
30 14 30 3 309 549
17 35 10 1 478 686
56 88 12 2 332 505
10 0 6 2 363 460
96 3 14 5 543 651
31 65 20 4 648 744
38 13 25 4 450 707
43 30 23 6 346 438
85 36 6 5 463 726
43 94 9 2 200 349
19 21 6 2 248 435
20 67 29 5 519 701
21 21 15 1 524 751
56 38 16 6 228 402
60 34 22 3 356 591
90 73 21 2 418 516
14 29 11 2 527 629
29 42 6 6 295 493
23 7 9 6 307 603
35 75 25 1 563 700
28 69 20 7 488 592
32 43 20 1 233 378
95 2 6 7 282 462
82 74 6 1 476 664
16 53 17 4 521 683
70 25 27 1 466 556
60 14 5 5 710 781
9 30 5 4 421 604
9 33 19 2 436 528
69 58 19 4 397 669
53 55 27 2 420 537
53 54 23 4 570 756
98 14 30 2 450 589
71 6 26 5 349 555
67 6 13 2 474 638
44 22 13 4 579 776
43 98 27 7 707 794
37 15 21 3 489 691
21 77 28 6 412 700
68 36 8 7 594 729
45 91 18 1 325 518
84 31 30 1 483 550
88 59 25 6 282 489
49 10 29 1 629 797
96 23 28 4 439 596
53 81 18 5 539 669
13 81 24 7 324 388
55 48 25 5 411 672
3 6 14 6 557 635
13 86 16 4 626 746
95 69 10 1 639 729
10 70 19 6 480 591
15 79 11 7 487 707
59 84 22 1 692 783
97 65 9 6 400 654
53 73 30 2 546 674
71 10 13 5 229 354
38 99 23 3 528 689
96 51 24 6 387 457
37 58 14 7 339 556
99 89 23 1 512 618
78 73 25 5 500 777
27 40 10 3 373 575
77 66 21 7 591 717
5 9 29 1 547 783
71 17 9 7 327 437
94 81 21 2 652 793
7 8 7 2 452 674
37 92 13 2 272 477
74 21 20 1 372 457
46 24 24 4 697 776
70 93 23 3 253 343
81 71 13 4 615 728
21 19 19 3 609 733
45 82 11 1 506 642
46 79 28 3 317 528
33 33 23 3 395 685
66 49 16 1 482 622
97 96 20 4 412 644
11 87 14 7 425 647
100 88 27 2 258 448
58 21 24 4 392 477
77 21 28 4 389 562
19 49 13 7 649 792
100 52 7 6 586 664
54 65 14 3 438 634
38 7 13 4 401 643
19 12 11 3 333 574
70 88 13 5 219 452
84 77 14 5 405 581
46 76 17 2 219 486
77 8 28 7 220 388
54 90 28 5 423 607
73 87 13 3 277 427
60 92 20 7 550 739
49 51 13 2 420 708
41 4 11 3 554 748
56 91 11 5 402 567
30 50 15 7 250 455
79 70 20 2 701 800
99 6 9 7 607 783
75 38 13 2 219 425
46 52 11 3 666 752
26 32 11 3 542 611
14 41 18 3 322 594
33 1 25 2 330 484
33 76 27 4 322 567
36 36 29 6 502 718
64 84 10 5 389 647
40 41 26 2 604 799
70 26 21 7 600 705
11 11 29 3 261 506
23 44 29 4 358 637
81 10 15 4 512 709
74 49 16 4 386 548
89 63 29 5 262 428
78 46 15 1 223 436
60 30 13 5 214 321
38 80 26 1 498 598
2 96 9 1 473 614
84 40 11 3 445 611
59 24 23 6 439 623
22 7 8 6 561 677
76 91 18 1 294 505
40 66 26 1 572 671
2 61 9 2 416 676
23 18 8 6 349 419
91 82 17 5 692 782
98 38 24 2 450 650
13 84 25 6 439 567
21 37 20 2 469 625
46 10 6 2 260 410
16 99 22 4 609 690
59 81 29 2 233 360
36 71 25 3 388 588
12 41 10 7 517 580
95 72 24 4 535 653
84 98 9 2 401 529
65 1 15 2 522 660
63 55 11 5 503 610
43 66 24 5 675 739
34 71 27 4 224 407
46 88 17 7 324 544
38 36 21 7 449 651
22 20 17 7 246 335
21 28 25 2 315 434
51 69 7 7 491 598
7 41 30 7 471 682
60 43 22 6 382 639
68 22 15 6 260 547
5 63 23 2 358 649
14 87 27 4 427 525
50 38 11 4 241 488
45 92 19 3 373 640
71 14 11 6 464 709
21 3 27 4 552 786
71 3 15 6 502 774
73 46 25 6 311 484
100 83 11 1 441 636
47 28 13 2 248 477
61 23 18 5 378 645
62 19 15 5 415 673
7 98 5 2 482 599
44 61 23 1 234 417
61 37 17 6 399 477
89 19 26 3 700 793
12 44 23 3 420 498
43 10 13 2 233 454
7 77 25 5 247 351
53 9 18 3 219 478
17 10 23 2 298 478
15 74 11 4 281 396
64 30 9 5 464 628
63 22 26 1 297 511
28 94 30 2 587 759
47 1 18 6 570 735
81 36 15 1 377 599
17 78 22 3 491 639
74 35 6 5 361 533
45 5 9 2 463 592
61 46 7 5 524 718
86 90 17 6 574 793
68 6 16 1 254 459
70 14 27 7 497 625
73 23 7 3 582 708
60 4 14 5 627 744
47 80 27 2 582 790
7 15 5 6 480 659
52 35 11 1 545 746
98 98 23 3 223 384
52 73 12 5 268 447
68 9 19 2 582 679
45 87 22 5 555 771
62 30 30 3 306 601
48 59 16 2 344 448
7 74 12 6 332 474
37 26 21 2 441 533
99 2 21 4 256 342
40 48 15 4 370 650
33 55 15 4 506 769
34 44 25 5 494 626
5 89 13 3 220 411
44 6 12 6 379 444
36 92 15 4 364 602
80 54 25 2 324 526
12 81 20 7 237 338
30 76 26 6 400 661
55 90 30 6 201 488
90 21 26 3 271 516
70 30 23 5 462 573
96 70 27 2 224 339
70 16 30 1 373 591
76 54 29 1 545 775
94 60 11 4 392 684
57 41 9 2 694 763
88 77 8 3 565 648
71 78 5 4 555 777
72 68 20 6 378 551
90 33 20 2 477 749
82 49 22 1 302 435
26 28 10 7 215 353
3 10 21 7 220 430
64 44 20 5 612 720
66 60 28 3 223 479
95 66 10 6 508 671
79 27 30 4 371 561
72 17 18 5 432 498
82 43 8 3 535 695
0 27 5 1 560 681
20 34 29 2 575 760
21 8 17 4 584 728
69 17 9 5 630 749
44 53 29 1 442 623
8 98 30 5 225 315
58 40 20 2 659 782
71 27 17 3 445 676
71 83 14 7 377 459
51 5 26 4 431 622
77 92 26 4 369 516
31 52 11 1 520 745
56 93 10 2 416 514
89 79 11 3 277 357
40 84 8 4 634 732
24 75 6 5 482 548
39 36 14 5 457 540
40 68 29 5 208 365
96 69 5 7 542 695
59 87 7 2 597 763
9 34 7 6 363 432
89 74 18 2 312 456
40 77 7 6 627 727
24 21 8 3 220 298
46 89 16 5 503 628
45 29 13 7 528 720
43 64 11 4 373 651
13 27 23 4 579 661
27 67 8 7 608 744
84 84 22 3 218 309
23 98 20 6 283 381
44 80 25 1 253 340
44 40 11 4 323 430
54 61 17 6 326 586
68 75 21 4 608 779
51 58 14 1 275 500
18 8 18 6 283 577
51 75 18 5 483 651
44 82 18 7 460 610
34 49 15 1 355 584
100 96 21 7 428 704
96 72 12 1 459 711
30 59 8 1 285 490
69 16 17 6 433 581
46 61 24 5 238 478
99 38 19 2 454 576
78 24 23 1 451 628
82 18 26 3 465 727
94 41 12 4 212 399
75 21 27 6 561 672
59 44 20 4 445 642
40 20 22 3 245 384
84 56 9 4 372 548
94 21 15 7 510 577
44 68 28 6 326 470
49 47 5 4 362 445
2 55 22 5 377 676
8 17 10 4 532 613
72 37 27 7 215 480
60 24 6 4 213 296
91 30 6 3 556 701
48 79 17 7 496 772
5 52 16 7 658 724
50 47 9 3 316 490
64 5 13 3 281 464
21 11 18 6 376 486
73 17 9 4 315 469
59 29 24 6 392 620
43 82 30 6 451 517
59 42 9 5 546 705
15 14 18 3 468 559
10 95 15 3 580 718
57 49 20 2 212 325
12 28 10 6 725 799
79 88 17 6 471 639
72 93 17 2 339 558
96 84 8 5 404 551
34 94 14 7 650 723
2 88 15 1 435 605
87 71 8 1 413 501
56 14 24 4 558 687
8 61 18 2 340 538
31 91 20 1 447 571
64 21 23 5 535 678
100 24 29 1 212 309
31 89 11 3 252 508
18 1 20 1 240 350
41 5 12 1 216 480
26 85 24 2 271 445
17 61 12 1 723 786
25 44 6 6 568 757
14 59 29 2 219 332
99 44 5 6 405 698
96 86 28 5 690 799
76 92 21 7 297 578
55 29 25 3 388 511
66 42 7 4 641 719
25 96 22 1 459 630
95 96 26 6 426 589
68 73 30 2 567 690
63 9 27 6 611 701
3 2 26 3 386 497
23 6 15 6 427 683
84 19 26 7 415 711
75 99 20 7 510 607
27 55 28 5 419 486
80 79 9 6 499 689
42 41 20 7 222 462
49 16 26 1 425 603
44 58 14 1 365 483
73 49 18 3 400 691
59 80 19 7 485 621
71 33 18 5 456 755
84 29 16 2 478 719
16 56 9 1 523 790
24 43 14 1 446 590
6 35 24 6 228 472
96 13 11 4 407 505
21 51 18 3 597 774
2 21 6 5 463 700
76 47 14 3 533 692
8 96 16 7 204 283
60 82 17 1 385 635
20 18 23 5 606 786
10 55 15 3 483 710
40 73 23 4 673 777
13 31 6 2 283 467
73 53 17 3 440 649
38 29 18 4 451 679
80 90 5 2 343 611
27 27 8 5 539 756
84 13 27 7 293 374
78 39 26 7 263 521
25 34 15 2 532 685
83 31 21 4 573 797
71 93 28 1 413 683
5 88 13 6 477 670
66 54 9 1 254 444
92 72 21 3 333 414
51 55 16 1 477 698
82 19 16 4 312 520
1 48 12 3 559 620
27 19 23 3 515 684
82 38 23 1 412 512
80 29 22 1 623 791
86 62 10 1 325 453
32 78 25 6 628 736
63 63 10 6 285 528
88 84 18 3 493 711
49 33 20 3 502 683
79 7 10 7 237 496
83 65 17 4 339 494
49 61 21 4 433 520
43 42 5 2 517 607
66 83 6 2 281 402
9 65 12 5 375 608
47 18 27 2 380 581
100 46 13 2 575 718
47 43 21 6 286 434
75 45 6 3 684 764
73 16 15 5 252 530
0 79 15 5 334 540
25 48 19 4 289 428
88 94 8 6 454 658
0 90 29 4 253 376
5 32 23 2 524 734
24 26 24 6 484 548
0 88 9 7 641 716
26 81 7 5 378 484
91 77 11 2 330 520
2 19 26 5 462 620
38 72 21 7 366 512
98 2 21 3 364 643
15 58 18 2 608 699
94 24 11 2 605 770
98 55 5 2 514 586
4 68 16 7 479 591
70 49 14 1 466 644
32 99 26 1 628 755
96 0 18 7 546 764
42 19 27 3 221 368
72 94 30 3 394 481
28 92 8 5 386 606
36 62 28 3 313 547
74 89 18 1 620 723
0 13 27 1 394 533
4 52 21 1 508 580
25 100 19 2 529 729
30 66 17 7 271 339
8 80 10 5 497 646
85 76 13 7 445 557
80 23 6 3 405 651
99 14 28 4 250 436
68 0 13 5 228 312
32 27 29 4 599 731
10 49 22 7 425 488
60 27 28 5 595 761
10 50 29 1 290 518
22 63 14 4 570 673
81 74 17 6 205 408
56 54 16 6 299 490
23 87 5 5 688 789
79 54 25 3 330 605
22 80 18 1 289 467
87 75 17 3 602 777
44 76 5 1 292 536
91 21 8 1 517 676
91 38 29 1 476 760
14 83 24 1 212 352
17 31 28 7 543 687
69 46 23 6 592 658
74 28 12 2 213 328
98 80 27 5 671 776
36 69 17 2 229 352
67 37 14 4 422 585
77 57 15 2 382 647
81 92 23 5 499 677
