1018
20 1 0 0 0 0
4 12 11 7 430 717
80 86 19 7 255 447
11 40 17 7 638 785
12 43 10 2 341 488
58 97 24 1 309 539
69 3 16 2 520 747
82 81 10 6 542 710
92 67 18 6 537 672
72 94 6 5 395 493
73 28 26 2 206 395
76 77 18 2 241 492
75 90 6 6 322 609
39 71 7 4 403 666
12 19 19 1 311 504
77 99 28 6 422 705
62 73 30 5 514 770
41 58 25 7 488 621
46 85 10 1 714 783
85 36 16 6 360 492
2 40 22 4 347 499
6 84 21 1 307 535
41 8 11 1 631 794
92 97 11 5 238 413
63 99 24 5 562 777
31 55 6 3 519 790
67 88 22 6 709 799
54 76 9 4 487 765
66 73 11 4 257 399
39 46 8 7 308 503
3 47 28 1 513 594
34 5 10 6 502 586
0 42 11 4 604 759
36 67 28 4 423 692
31 79 24 4 472 658
46 54 27 4 482 552
84 57 25 5 424 655
46 44 7 2 555 646
55 12 27 7 643 763
70 51 24 7 389 520
59 78 26 2 577 646
71 21 13 4 433 506
83 95 5 1 306 524
12 15 24 6 491 667
7 45 15 2 328 448
79 58 9 4 241 481
72 36 18 1 475 659
13 94 23 3 515 777
31 50 17 2 498 781
57 34 25 4 470 578
76 15 9 7 540 634
22 54 24 4 285 377
79 62 13 4 254 553
40 25 7 3 308 585
21 75 18 6 406 649
65 8 21 6 500 738
62 79 29 5 226 471
27 13 10 3 262 504
81 48 28 4 542 696
21 95 28 2 316 525
61 29 20 6 346 554
86 47 5 2 553 664
30 82 5 6 371 663
35 49 23 5 504 571
33 31 20 5 237 378
67 35 6 4 316 503
29 36 18 6 466 630
28 17 25 1 403 470
47 79 10 4 671 744
30 43 11 7 493 664
13 87 27 7 415 591
76 42 26 5 498 734
95 80 24 6 521 800
15 20 24 7 454 724
37 95 24 1 597 775
57 47 5 6 558 777
54 57 16 5 465 629
81 86 9 1 502 676
68 19 24 2 641 800
21 16 7 3 357 511
35 1 6 1 451 599
70 52 22 5 660 763
7 60 28 4 517 697
45 62 21 2 539 640
91 5 17 5 659 753
15 9 11 6 365 495
50 25 16 5 374 575
68 29 8 1 510 648
9 1 23 7 207 494
48 76 26 1 493 597
14 76 11 4 577 725
46 12 8 7 345 602
57 35 14 5 404 595
4 84 20 1 301 568
54 29 26 7 647 785
98 91 17 2 388 646
3 61 26 1 477 665
39 19 9 4 574 690
87 98 24 7 220 441
86 62 11 3 381 567
36 15 20 3 293 458
96 77 5 7 340 441
11 92 15 6 336 577
45 30 17 4 352 468
9 19 17 4 660 743
100 62 17 6 426 721
3 65 20 5 407 620
11 94 25 5 595 715
77 36 29 6 556 656
22 62 29 1 247 309
4 50 21 5 363 450
100 0 26 6 231 473
25 11 23 5 572 643
48 36 16 5 639 776
67 76 24 1 329 510
2 23 21 4 460 753
67 75 9 6 590 775
81 42 9 1 353 419
70 100 28 3 284 427
82 8 9 5 205 291
71 91 20 2 514 687
2 55 22 7 458 704
73 7 19 1 613 747
93 24 29 5 359 539
90 91 7 2 517 736
19 67 30 5 572 690
76 90 25 6 491 629
1 75 12 7 307 378
71 71 18 6 317 477
94 61 6 6 481 629
93 76 9 2 436 587
13 85 6 3 405 583
50 86 22 1 257 367
72 68 6 4 220 446
53 88 27 7 297 380
72 31 29 7 426 666
12 46 16 2 675 793
76 24 26 7 523 762
9 23 27 5 494 721
84 43 15 5 379 597
32 42 19 6 564 782
69 84 24 1 416 545
37 73 16 4 503 604
92 17 24 4 272 384
53 12 15 4 330 585
99 45 28 5 633 770
22 91 5 7 380 655
48 23 10 7 597 716
48 74 5 4 508 720
64 10 14 3 245 449
1 90 8 4 293 510
32 50 6 4 675 795
92 73 20 5 481 576
0 25 25 4 282 575
55 90 27 5 441 621
52 16 17 1 281 532
82 69 24 5 646 752
80 10 14 6 447 654
99 12 17 4 366 521
14 89 7 6 542 765
39 48 23 5 558 701
49 19 29 6 493 732
56 37 9 4 310 473
9 65 11 6 586 722
15 63 22 1 662 729
0 26 11 6 547 715
94 7 26 5 415 627
90 10 15 7 506 674
14 43 23 5 549 754
1 88 23 1 419 657
78 89 22 7 439 538
7 33 23 1 396 581
68 43 26 2 505 669
46 100 16 6 649 785
10 16 28 3 415 632
15 80 8 6 500 596
60 44 24 2 460 698
63 76 27 2 612 727
77 32 29 2 627 755
64 42 7 7 305 529
10 3 8 4 583 653
55 9 18 1 463 678
87 36 10 5 254 407
64 13 28 6 537 601
83 60 16 4 455 711
82 51 15 1 236 395
38 42 30 4 571 793
100 51 10 2 477 676
3 28 23 6 319 568
53 77 25 3 249 384
90 35 28 2 343 624
23 5 20 3 499 708
96 42 17 7 218 481
39 42 15 5 489 667
52 53 29 5 329 623
43 26 10 1 262 483
70 15 24 4 622 756
95 7 29 2 298 445
65 88 13 6 589 798
65 10 27 2 521 627
66 11 5 5 469 735
3 97 30 6 252 517
37 32 30 3 256 437
71 76 15 4 590 725
14 30 28 4 219 438
47 42 10 4 466 724
9 66 14 2 369 579
52 64 17 3 628 731
9 26 22 1 557 665
14 98 12 5 250 484
47 44 29 3 333 472
91 45 19 5 451 720
73 44 7 5 574 706
5 80 9 1 303 371
59 48 26 4 273 562
89 87 5 7 637 763
57 54 6 1 586 649
92 60 26 7 386 598
50 66 25 2 317 598
100 40 17 4 677 761
72 85 22 6 292 507
57 58 17 2 428 695
14 48 28 7 611 720
95 10 30 4 306 561
31 0 13 3 360 504
20 6 6 7 601 787
66 47 9 1 373 577
19 63 29 7 396 462
9 40 28 6 458 613
15 84 19 6 308 608
37 85 12 4 268 355
0 30 7 7 286 452
23 14 25 5 495 687
44 13 13 2 218 510
26 18 18 5 670 765
41 37 10 3 657 780
79 24 23 6 560 761
22 83 28 5 437 603
38 17 14 3 573 695
97 62 27 7 317 470
65 0 24 2 368 489
100 67 9 5 240 404
50 46 30 2 543 693
61 3 8 5 719 790
60 100 17 5 486 747
59 53 29 1 584 775
74 4 22 6 335 596
4 53 28 1 566 724
81 1 19 6 502 643
32 40 18 3 539 729
47 21 18 2 244 366
91 44 10 3 671 735
18 17 8 7 282 564
98 16 6 6 512 653
50 18 25 3 252 537
23 58 24 6 538 647
98 13 16 3 297 580
85 62 14 3 213 301
5 77 13 5 498 596
28 79 16 2 232 469
17 14 5 5 331 447
95 85 17 4 291 484
59 81 13 2 321 597
62 99 21 4 538 600
12 92 5 2 605 715
20 35 27 6 204 275
58 74 7 5 299 512
72 28 12 6 360 612
97 42 10 1 341 599
2 81 21 6 230 458
64 26 14 6 279 485
3 20 22 1 268 504
26 4 24 1 349 434
10 78 21 6 487 648
85 11 14 1 424 711
26 19 14 6 551 611
40 91 18 4 582 731
99 16 24 2 510 669
35 79 14 3 383 597
100 25 24 7 240 417
75 29 25 6 314 450
47 63 23 1 442 687
9 69 13 5 461 565
30 67 7 5 393 490
82 32 16 5 301 376
36 48 21 7 295 359
66 37 30 3 311 375
37 56 25 4 339 536
27 84 12 7 467 539
59 41 10 6 217 326
5 20 14 3 409 530
4 54 20 6 349 613
86 41 14 6 445 732
0 78 16 5 201 261
24 83 16 1 536 675
61 5 15 5 658 722
88 0 29 3 454 583
77 92 23 4 450 656
62 61 7 5 423 586
73 16 29 4 468 550
1 5 21 5 567 696
20 57 12 1 523 786
73 17 14 4 232 500
93 8 11 5 496 775
54 34 6 7 342 565
45 35 24 5 250 443
4 90 14 3 472 573
50 9 15 3 241 306
24 15 7 7 216 435
51 76 19 6 565 635
44 58 28 1 456 568
71 12 6 5 395 668
66 45 5 7 410 602
0 71 23 5 377 552
69 56 16 1 713 777
24 9 12 4 321 567
25 26 11 7 344 419
86 65 13 4 205 313
66 32 14 3 515 597
16 19 28 6 573 687
53 43 22 1 266 550
50 55 11 2 331 500
36 55 24 4 720 793
3 75 7 5 665 726
88 35 26 3 398 586
93 56 18 7 554 772
70 20 5 7 605 736
53 68 20 6 530 616
66 44 14 1 522 646
62 95 24 1 307 380
64 53 11 1 231 427
4 31 28 7 502 671
31 67 30 7 228 488
12 58 25 2 350 535
31 43 12 4 468 637
42 96 28 3 313 486
54 69 23 4 259 337
32 70 23 1 334 516
9 63 11 3 472 656
13 81 26 7 568 765
41 82 18 6 694 777
45 10 17 1 216 396
50 5 30 1 481 621
91 2 17 6 510 754
46 65 6 4 231 376
0 92 27 3 453 563
11 70 29 2 520 771
63 73 18 1 445 539
91 57 28 6 529 713
96 1 14 5 322 506
63 34 13 3 430 500
14 83 5 7 311 384
22 40 8 2 255 417
16 74 10 2 444 622
93 26 16 2 408 553
23 67 10 6 359 521
80 0 28 2 248 491
90 33 21 2 208 408
55 77 14 2 384 484
74 82 17 4 469 663
75 88 30 6 418 565
39 75 29 1 454 588
7 77 29 5 318 504
99 38 17 3 559 658
77 9 26 3 337 405
2 47 29 3 673 784
21 76 21 2 259 523
43 51 9 7 348 584
15 26 26 2 344 490
48 25 8 3 312 427
63 43 21 5 392 562
45 48 12 5 385 569
19 60 22 2 704 767
3 51 13 4 571 733
99 29 17 6 347 492
56 58 24 2 605 793
59 64 17 6 627 753
13 66 22 6 633 783
77 8 5 6 413 478
6 21 7 6 274 378
39 91 5 7 246 481
77 27 13 5 543 605
92 81 25 1 349 510
99 19 23 4 388 630
99 34 17 5 412 699
6 25 14 3 376 548
11 42 29 2 578 675
23 9 12 4 292 374
1 3 27 5 449 720
96 17 30 4 515 580
56 83 18 2 320 524
52 72 14 1 449 632
29 52 6 6 298 476
49 93 30 1 278 515
7 8 23 2 558 710
49 15 15 3 295 399
37 86 27 7 580 749
14 5 20 4 606 681
34 35 11 7 682 783
51 74 14 4 660 764
70 16 23 2 292 542
79 79 16 5 401 491
53 20 6 7 390 671
93 89 27 4 335 595
20 31 17 5 598 758
11 53 10 3 536 792
38 38 20 4 206 499
30 41 30 2 202 384
70 33 29 2 318 385
24 86 19 3 589 712
74 93 9 3 642 719
75 89 14 5 262 511
57 74 13 4 399 484
46 24 20 2 532 718
1 29 23 4 379 545
48 90 29 7 528 696
25 46 22 5 546 695
81 58 9 5 628 735
92 31 13 7 388 484
19 33 15 2 577 704
45 18 24 4 641 737
37 42 26 3 387 639
17 4 24 6 406 642
74 28 16 5 461 563
31 74 10 2 220 295
24 7 26 7 376 483
29 92 8 4 639 705
29 94 8 3 266 446
67 73 24 1 415 662
44 21 11 1 328 517
65 78 7 7 521 656
88 78 13 4 535 602
43 17 14 5 539 649
74 89 17 2 362 508
37 36 6 3 528 736
34 92 25 2 222 346
74 52 10 6 555 692
69 51 14 3 280 485
96 22 11 4 537 717
15 31 17 1 650 724
28 99 27 6 284 559
44 12 26 5 225 326
35 60 5 4 391 502
22 3 24 3 299 573
0 0 25 3 285 556
94 63 30 5 523 615
38 68 23 1 256 450
49 40 10 3 229 513
10 33 24 5 593 726
87 69 28 5 479 714
55 81 30 3 445 648
30 18 7 3 377 482
39 25 29 6 456 721
79 84 25 1 319 601
24 23 7 4 205 401
46 90 19 3 451 744
18 87 29 5 583 725
31 94 12 5 638 750
38 27 18 5 368 441
28 44 13 1 380 605
65 5 5 5 640 722
53 85 28 5 516 706
72 63 30 5 235 453
32 12 26 3 206 465
24 12 9 6 203 428
76 72 7 6 569 781
54 73 21 3 369 548
24 24 29 5 255 509
17 66 30 3 463 672
50 56 28 4 219 289
96 43 11 3 218 441
83 19 26 3 675 742
100 65 27 2 222 520
66 22 19 2 403 578
80 56 10 7 380 597
30 23 5 1 381 675
4 92 20 1 551 627
27 70 26 1 207 375
32 18 25 5 605 720
13 0 13 6 502 790
17 15 7 2 329 442
29 15 24 6 275 537
98 69 29 4 294 592
34 7 23 4 522 644
36 26 21 1 546 717
72 16 11 7 502 682
92 52 16 3 205 423
84 74 6 5 421 579
89 30 17 4 719 800
0 66 8 5 445 740
54 30 5 5 543 729
15 83 25 3 285 549
15 75 15 3 531 631
83 15 28 2 361 434
17 36 28 5 384 533
19 51 18 7 280 423
81 4 14 6 224 468
61 4 23 6 521 717
2 5 14 2 331 577
65 60 26 2 320 430
73 72 15 3 443 603
38 40 12 6 619 739
21 74 29 5 223 327
0 100 18 7 675 744
56 79 8 1 272 475
43 31 8 4 206 334
29 97 7 5 313 469
21 83 19 5 559 747
25 89 5 6 683 781
85 55 20 2 200 421
74 22 30 4 666 756
65 93 7 2 206 453
25 53 18 4 546 632
28 10 7 3 420 515
33 34 7 7 250 497
77 55 26 1 342 536
66 12 27 1 506 768
6 98 27 6 596 728
6 51 29 4 413 649
91 50 28 4 384 660
20 77 26 1 552 694
26 91 14 7 335 500
6 12 23 4 544 653
56 48 12 3 491 626
3 30 26 5 474 746
76 17 7 4 530 742
83 38 6 5 591 778
21 78 22 1 271 425
19 28 17 6 290 448
37 74 11 5 251 549
75 39 19 1 390 654
33 30 22 4 334 437
67 0 10 4 561 663
97 5 28 5 367 448
54 24 16 5 351 519
64 52 20 3 407 478
27 94 18 6 375 533
91 34 29 2 241 530
96 12 6 6 360 481
25 85 17 5 556 658
78 5 23 2 299 414
100 83 24 4 596 756
6 17 22 2 452 719
98 46 8 1 367 607
30 69 19 1 209 317
31 9 21 3 329 475
24 72 8 2 298 593
1 49 17 3 529 697
93 3 18 4 480 704
80 98 19 7 390 504
59 59 30 1 466 581
25 47 29 4 441 683
68 1 22 3 406 558
77 23 15 4 476 678
40 83 5 6 330 502
75 50 19 2 492 765
75 96 15 5 546 651
56 10 27 1 692 797
48 84 24 2 492 719
50 1 24 3 605 668
31 93 30 4 549 686
15 5 15 4 499 685
92 26 14 3 571 659
43 11 17 2 399 538
15 2 30 3 261 385
38 99 6 5 386 650
49 95 17 7 325 398
86 15 29 7 470 740
90 47 10 6 223 415
73 74 24 6 699 787
74 55 6 3 471 750
96 70 17 1 307 421
35 96 18 4 228 378
77 65 7 4 291 415
77 77 21 5 528 610
28 45 13 7 641 787
22 87 6 2 262 510
73 75 6 1 356 543
25 86 29 5 251 433
43 97 10 4 434 649
41 20 22 3 517 674
56 22 20 6 295 378
3 92 17 1 405 520
24 35 27 4 612 800
50 65 9 6 651 796
41 50 19 1 549 680
50 22 25 1 460 607
51 6 28 6 448 543
74 77 5 4 509 701
89 94 7 1 314 469
57 100 10 5 325 395
51 88 23 6 402 602
75 34 15 6 269 338
100 9 14 5 422 611
15 36 29 4 594 794
52 71 24 6 234 397
80 100 23 4 459 625
97 50 28 2 302 421
6 77 27 6 453 685
14 8 30 4 216 402
91 12 24 3 683 790
17 52 24 2 309 545
44 87 10 6 508 618
19 71 16 7 312 539
10 96 24 1 283 343
97 56 26 6 545 724
73 33 15 2 538 749
68 40 16 1 329 409
22 4 10 5 624 697
8 15 22 7 375 477
30 15 27 1 446 588
9 57 21 7 312 588
12 29 26 7 500 675
84 76 19 3 542 732
12 56 7 5 200 392
30 85 21 3 368 592
37 71 12 6 504 747
77 7 12 5 546 747
77 64 19 6 389 545
64 12 8 2 275 449
81 29 25 3 481 548
27 42 14 3 522 794
70 1 17 2 222 297
100 71 6 1 582 717
45 50 13 7 379 443
66 4 5 4 486 736
22 69 15 4 289 353
57 48 15 2 498 639
80 21 24 6 599 675
48 5 25 6 310 421
20 92 9 7 615 678
82 96 17 1 381 620
5 52 24 7 256 323
21 89 12 5 364 494
12 32 24 1 329 469
69 88 20 1 455 521
42 78 28 5 445 742
14 82 22 5 261 485
49 62 24 3 610 713
26 77 14 6 260 461
20 20 6 5 336 553
89 41 16 6 440 610
0 50 29 2 279 357
6 20 16 1 366 494
49 63 29 7 350 556
0 87 10 3 308 538
47 98 16 6 637 719
40 58 9 3 478 657
2 50 18 2 339 432
73 21 11 5 201 456
24 99 13 7 411 592
78 51 29 7 615 799
58 94 5 3 579 791
59 89 20 7 225 333
18 81 15 2 387 596
72 32 9 3 314 483
11 14 11 4 695 786
53 46 27 3 380 441
20 70 25 1 402 577
63 36 23 6 533 701
65 42 15 4 481 687
25 59 7 7 395 599
10 91 6 2 440 554
50 7 24 6 605 794
75 77 8 5 304 539
35 19 13 7 225 306
77 34 21 7 395 466
3 23 20 3 367 530
66 18 16 2 363 576
62 43 18 7 471 595
24 54 11 1 455 712
6 94 25 6 301 480
49 2 13 2 276 420
7 96 18 6 454 707
0 37 8 3 470 737
61 39 8 2 429 706
23 36 19 6 479 601
94 18 28 4 344 579
51 84 17 3 670 745
98 33 13 3 348 623
98 27 22 6 604 680
1 85 16 2 483 746
14 69 20 4 212 433
1 23 9 7 525 785
61 19 23 5 671 755
0 65 28 2 586 721
83 43 27 6 464 720
76 93 5 7 463 648
36 3 13 7 595 779
38 35 26 3 490 722
39 67 26 2 421 495
10 8 20 2 461 710
62 44 14 6 516 658
1 42 13 1 455 731
9 15 25 1 635 786
67 9 5 4 356 490
32 89 12 5 259 535
5 57 6 7 328 416
13 64 13 7 480 721
47 10 23 5 455 609
27 67 12 2 416 520
54 56 11 2 201 437
27 63 21 6 251 425
62 75 22 1 715 789
27 56 29 3 223 337
59 50 16 3 429 568
10 74 19 2 427 554
76 60 19 1 253 336
100 86 24 1 296 551
18 3 29 6 316 523
19 98 7 5 506 751
15 59 16 3 497 687
43 53 9 2 283 576
28 27 28 6 382 557
90 95 24 3 461 682
94 27 7 6 487 684
68 92 30 1 638 778
58 23 30 5 399 656
86 96 7 2 315 578
43 96 22 2 402 480
36 10 27 2 237 492
19 45 25 6 237 439
11 87 29 7 213 504
70 56 20 4 316 523
76 48 24 4 361 649
48 46 20 6 258 324
88 9 18 4 313 495
3 57 29 5 401 596
88 76 17 3 318 601
91 1 10 1 651 774
72 38 24 2 545 759
78 9 24 5 228 399
64 29 12 3 332 498
91 30 13 2 214 300
92 36 24 7 489 642
74 23 8 1 487 638
59 40 5 7 565 640
20 43 23 5 515 681
37 6 28 5 343 425
77 75 20 3 615 677
46 25 17 1 508 680
81 93 10 7 618 786
5 10 27 5 385 580
79 63 7 2 332 484
97 58 5 6 277 554
97 71 12 6 207 295
99 48 21 5 326 573
44 71 21 7 678 764
1 22 24 7 689 764
47 74 13 6 485 576
20 27 19 6 381 508
35 64 9 7 619 745
47 78 28 3 546 634
72 78 22 1 317 378
3 82 29 5 421 482
34 93 26 6 553 775
37 15 20 6 508 797
68 74 15 2 644 710
87 86 25 4 473 737
57 4 5 1 340 461
23 73 19 7 207 395
2 74 6 3 365 476
8 88 6 1 472 626
19 99 9 6 453 700
13 74 27 7 469 597
72 80 15 6 231 367
52 47 10 3 483 708
70 68 19 2 448 536
13 7 19 2 413 663
93 90 6 2 433 560
5 48 17 5 600 660
27 47 13 7 383 492
11 90 18 2 258 368
67 47 18 3 573 643
93 99 13 6 533 628
86 78 16 1 379 487
0 57 23 1 489 779
32 74 26 5 541 643
71 27 7 1 395 476
27 31 8 2 650 722
4 73 23 3 327 498
31 31 8 7 537 608
11 98 6 1 717 798
45 5 12 3 252 372
28 56 12 5 550 796
80 60 25 7 324 624
17 23 15 5 229 464
31 86 9 6 662 781
46 43 5 6 410 611
61 15 24 6 518 670
25 60 23 2 226 484
21 1 13 5 382 583
59 6 8 1 349 562
93 45 8 1 301 426
17 8 15 1 535 635
48 91 6 1 205 400
71 51 14 5 323 600
84 93 23 3 517 669
27 4 27 3 447 669
80 62 23 7 578 648
9 35 23 5 458 567
30 44 13 2 423 557
32 90 30 6 486 744
84 1 30 6 205 267
70 67 25 7 306 445
14 67 30 3 448 529
86 43 28 7 649 790
40 51 23 5 391 526
84 11 13 3 378 623
74 71 15 2 428 668
33 79 25 1 408 526
23 26 10 3 659 800
20 76 30 2 442 671
50 30 21 4 246 362
62 68 24 1 499 660
91 23 14 1 433 625
99 72 27 6 253 459
45 6 24 7 338 560
83 93 15 5 351 490
94 92 24 5 326 459
79 69 12 1 507 655
51 29 26 5 348 613
93 14 8 3 377 487
19 23 19 6 303 571
17 50 6 1 453 515
0 84 6 4 571 668
48 68 28 4 335 541
12 67 27 5 641 771
47 56 6 4 395 584
96 72 15 4 408 574
19 58 6 4 527 696
93 1 23 3 391 517
56 76 23 6 396 542
59 92 29 2 500 562
25 78 28 4 412 612
35 41 28 7 461 663
46 61 26 5 433 543
27 28 18 5 336 504
81 25 15 2 224 398
95 90 6 5 523 650
27 82 11 5 685 775
32 21 26 5 349 598
83 51 9 2 202 452
63 13 20 1 388 683
97 15 6 4 509 605
7 24 9 6 376 655
18 60 5 7 581 738
82 80 21 4 588 757
12 8 25 1 549 635
28 94 11 7 303 493
77 59 11 2 293 387
89 33 6 5 536 596
1 45 23 1 339 497
74 99 23 2 338 633
30 81 19 2 612 704
89 31 19 7 676 779
24 77 12 3 228 315
39 89 15 5 488 603
2 97 15 1 344 501
13 93 26 1 434 619
49 70 21 5 346 462
79 13 27 1 296 541
18 79 30 7 669 783
49 25 30 2 496 681
55 26 25 7 251 539
36 88 15 7 676 747
76 55 8 2 553 771
80 31 29 4 661 790
62 20 25 5 635 793
88 61 24 3 319 527
55 22 9 4 374 597
58 27 27 2 543 742
96 19 19 7 357 646
42 14 10 7 270 499
67 37 29 5 354 616
93 59 12 3 270 503
22 29 8 4 216 472
29 62 7 1 488 587
52 28 26 7 461 552
10 51 30 6 497 713
34 9 23 5 351 650
35 35 12 4 215 377
32 3 15 3 574 671
87 82 24 2 371 532
56 11 8 2 668 729
29 19 24 6 352 557
11 13 12 5 616 719
45 12 20 5 350 421
75 32 13 5 321 395
99 61 12 1 290 461
9 27 12 7 460 759
31 57 23 7 406 646
3 76 11 2 395 541
92 90 30 2 632 792
23 99 21 5 338 539
61 83 19 5 441 599
64 32 23 1 340 574
19 50 7 1 288 416
64 89 27 5 340 553
20 29 28 5 413 643
19 85 20 7 546 778
36 0 8 3 716 779
86 92 14 3 233 348
63 39 26 2 501 659
10 48 29 3 398 638
56 57 19 2 380 665
25 22 10 7 315 416
96 71 15 2 361 583
38 73 23 4 404 623
88 82 16 4 414 682
60 94 24 3 403 540
45 81 23 5 309 462
58 85 12 4 546 607
45 65 21 7 303 556
17 40 23 7 314 558
44 26 20 3 722 791
19 29 26 7 589 752
89 22 22 5 544 722
62 50 30 4 476 629
68 23 9 5 530 624
64 49 11 1 222 371
59 58 27 4 592 664
41 34 14 3 305 404
25 65 18 3 508 645
12 42 22 2 451 723
30 45 19 6 525 640
27 55 29 2 234 333
75 9 23 7 396 505
11 8 7 5 409 512
99 5 26 1 614 719
36 34 7 1 523 789
53 11 12 3 449 702
32 25 29 2 445 505
9 47 10 4 468 577
51 89 16 2 250 353
9 77 20 4 416 700
3 46 14 7 548 706
87 87 5 2 281 507
61 78 18 6 416 707
19 87 17 2 361 622
73 25 17 3 511 772
64 63 25 7 458 546
7 64 22 4 666 759
64 4 10 6 213 336
11 30 17 1 374 647
10 62 14 6 473 565
31 66 13 5 344 620
13 28 6 2 413 668
97 64 18 6 425 529
37 90 12 2 468 735
18 58 5 7 338 425
28 26 12 4 423 703
58 60 14 1 282 545
22 22 28 1 392 579
65 95 30 1 356 541
13 71 15 7 491 717
75 83 11 6 343 492
59 44 14 6 218 415
84 83 16 1 292 382
81 97 30 6 660 766
36 84 28 5 286 415
54 58 7 3 246 356
2 41 29 7 488 575
21 32 18 5 337 530
8 59 30 7 265 558
22 71 26 3 292 394
40 8 20 6 584 686
81 21 9 2 542 732
95 32 21 2 684 790
47 61 9 4 487 697
14 100 7 1 478 631
89 78 20 7 339 433
44 73 27 5 227 306
13 80 10 3 232 445
13 17 8 6 235 464
77 70 25 6 296 502
98 42 22 4 501 735
80 87 12 1 268 524
49 82 10 5 317 412
96 90 15 3 490 766
95 42 19 1 297 450
68 49 24 7 460 717
32 91 29 4 265 376
47 88 19 4 330 623
95 1 24 5 695 794
1 6 11 6 305 562
72 87 15 4 289 369
43 10 24 4 446 590
37 35 9 6 347 589
33 23 12 6 409 497
56 8 23 7 305 492
9 28 9 4 537 768
9 6 12 7 218 498
93 34 19 5 629 794
95 40 26 4 623 762
43 60 9 4 674 766
93 92 12 7 279 567
79 20 24 5 360 635
75 52 16 2 597 682
85 78 7 3 568 711
33 6 21 2 400 495
91 14 21 3 651 711
89 1 14 6 479 598
86 94 21 4 430 589
82 1 12 4 594 800
98 80 17 3 259 377
39 78 20 3 468 643
63 71 26 3 496 670
77 56 24 4 410 578
41 99 27 5 512 679
79 14 14 1 211 314
41 33 24 1 370 430
45 47 16 2 365 587
100 37 18 5 217 477
53 94 17 4 310 442
70 30 20 2 479 662
43 86 9 1 426 695
81 64 30 1 270 432
