731
65 48 0 0 0 0
25 70 27 7 293 375
54 76 30 7 201 294
24 14 18 6 592 800
44 37 18 5 312 586
28 52 20 2 444 654
87 92 27 2 588 783
72 60 25 5 202 434
51 17 18 6 235 414
64 72 17 3 604 674
67 49 12 5 557 677
15 87 10 1 296 593
31 3 15 7 391 575
11 93 7 1 210 365
80 4 22 5 547 714
98 81 17 4 333 442
36 45 14 1 399 699
99 28 12 4 226 344
81 18 20 6 207 307
76 18 5 1 331 603
0 95 20 2 498 724
60 87 27 1 266 362
90 89 22 5 644 740
88 53 23 5 253 503
79 92 5 2 297 385
62 73 6 3 256 467
85 74 14 4 489 676
58 55 10 1 211 360
18 97 30 6 201 433
88 15 10 6 415 710
94 47 13 5 272 363
75 12 6 3 376 590
1 73 16 5 509 679
49 84 16 2 619 697
78 17 13 4 380 661
87 77 30 7 306 470
87 94 26 2 321 615
14 16 10 4 245 449
90 2 9 5 634 727
48 80 8 4 276 469
47 48 20 7 359 525
87 27 21 3 446 531
6 80 27 2 277 570
69 26 7 4 592 724
19 24 12 2 521 612
89 17 17 7 373 477
50 38 5 6 587 672
85 50 7 5 392 673
68 16 5 2 470 618
92 38 30 3 598 671
63 64 17 5 465 573
69 91 13 3 469 675
56 65 30 1 244 425
72 97 15 4 429 656
42 22 9 3 212 436
43 61 7 3 508 641
94 1 20 6 557 731
49 5 20 7 493 601
56 42 13 4 410 651
44 62 11 5 454 699
27 40 6 1 525 758
46 27 22 7 375 659
85 94 17 4 562 782
43 71 5 2 429 648
18 21 8 3 422 620
73 52 18 1 355 468
98 64 7 2 520 706
29 82 24 1 470 623
74 59 7 3 228 358
56 47 15 7 356 635
60 69 12 3 431 512
25 32 27 7 360 551
70 9 25 2 429 682
10 75 5 7 391 581
70 59 9 4 279 538
19 20 25 5 204 423
38 46 20 5 265 555
51 98 30 2 410 473
74 69 21 1 258 539
75 60 21 3 204 396
25 30 18 1 444 566
46 32 13 3 618 729
25 87 12 3 257 471
25 7 9 5 386 557
72 94 26 7 421 486
8 88 18 3 440 627
59 92 12 4 489 563
6 45 26 2 544 660
11 35 5 1 336 435
64 36 20 3 263 379
39 49 25 4 299 564
51 9 6 6 297 372
98 24 9 1 209 423
48 7 13 5 434 616
71 94 30 7 228 523
14 55 15 5 367 497
13 58 16 2 511 587
22 47 24 1 480 700
32 56 21 2 357 580
77 25 19 6 242 369
92 87 15 4 398 641
27 94 7 2 221 366
49 88 28 6 524 691
3 65 14 5 622 760
31 49 28 7 229 308
38 65 25 6 540 664
70 71 16 3 560 623
7 36 6 2 289 517
90 28 20 3 279 342
57 98 10 1 224 323
82 96 13 1 441 648
28 35 5 1 236 366
47 24 6 2 219 376
99 88 10 2 378 455
55 15 30 3 207 269
63 100 24 3 446 619
30 89 19 1 392 500
57 78 10 7 575 725
35 1 27 2 541 650
35 51 26 4 374 659
52 27 9 4 523 618
36 31 29 3 383 506
44 60 29 6 375 589
15 21 16 5 389 520
95 41 28 3 673 757
59 21 23 3 509 624
56 89 29 5 357 491
34 10 12 2 494 683
40 9 27 7 560 624
97 26 14 1 593 770
100 72 27 4 669 736
39 3 13 5 246 460
49 87 18 2 638 766
57 3 6 5 494 576
81 30 12 5 235 490
46 83 7 2 285 498
67 39 11 5 373 434
20 50 8 4 362 515
73 41 6 2 208 498
85 0 7 3 404 631
41 7 6 6 268 336
80 89 22 2 388 495
26 75 17 5 383 523
89 58 10 1 386 451
43 40 27 1 395 651
83 98 26 3 538 786
6 17 27 1 670 764
96 29 30 2 441 522
12 88 13 7 616 799
24 2 19 6 563 700
22 55 20 1 442 510
10 43 7 4 597 728
32 84 22 3 426 499
92 15 20 4 331 553
85 82 13 5 301 372
84 55 13 3 501 587
11 77 30 7 350 429
25 13 11 2 467 587
43 97 16 7 427 701
18 78 11 3 628 723
63 86 20 6 347 487
19 97 24 1 398 522
7 61 7 3 619 751
24 60 29 3 504 611
27 49 30 7 653 748
27 37 20 6 604 791
69 84 30 3 540 673
29 90 8 4 631 765
96 30 26 5 318 610
30 32 11 3 482 766
75 64 29 4 302 582
80 92 27 7 292 361
70 52 21 7 589 706
56 52 19 3 568 765
79 9 26 4 357 655
56 69 12 7 254 493
52 56 6 6 292 426
17 41 6 5 507 774
90 61 5 1 416 674
84 41 15 6 624 784
77 21 22 3 319 600
89 82 25 3 209 276
55 24 10 7 278 503
11 3 24 2 620 764
4 93 30 3 234 381
74 41 20 4 460 690
22 64 24 2 610 754
30 50 24 7 317 579
53 25 8 1 466 592
96 18 27 7 353 605
57 12 22 6 573 752
25 76 15 3 523 719
11 67 20 6 366 432
24 62 14 1 310 547
26 41 22 6 231 340
54 57 19 4 453 644
60 39 6 5 494 703
17 52 29 2 582 773
94 37 20 3 423 650
25 21 26 2 357 594
23 80 25 6 532 638
2 58 21 1 455 704
13 50 15 5 244 333
51 6 6 1 572 693
58 77 30 2 213 430
47 32 22 5 625 775
98 12 15 3 399 568
28 61 13 3 314 431
53 86 26 5 312 602
6 11 25 1 575 740
90 33 23 3 428 645
85 69 10 2 279 453
96 74 22 5 360 477
91 9 6 5 443 653
31 15 23 4 426 494
90 81 24 3 440 589
32 98 13 2 335 465
84 63 8 1 424 534
3 17 27 6 401 498
13 79 8 5 347 536
77 31 30 7 621 761
68 40 6 5 207 319
87 76 15 1 433 602
65 78 26 7 362 473
28 71 22 5 357 607
45 86 15 4 448 678
96 34 23 3 571 674
73 86 16 4 507 797
86 71 8 1 569 670
34 45 9 6 359 462
9 73 13 1 697 780
81 2 20 6 213 386
74 51 11 5 391 618
6 44 27 5 490 739
83 35 5 3 379 459
69 16 26 4 488 559
95 76 10 1 455 613
70 49 15 5 306 547
28 95 7 6 371 480
51 89 6 7 576 757
37 89 25 5 505 634
91 85 7 7 489 782
28 33 25 2 474 597
14 78 17 3 448 725
88 95 24 1 474 536
88 36 13 1 213 395
32 59 27 3 498 679
86 68 18 6 488 754
65 92 23 3 292 416
3 22 28 4 439 721
58 88 26 4 200 268
7 69 24 7 301 541
66 68 12 3 248 462
91 94 26 1 297 540
51 100 13 3 470 742
60 10 15 6 608 764
26 97 19 3 491 617
40 87 13 7 388 490
98 91 14 7 472 542
10 97 15 6 219 477
35 29 18 1 235 418
2 34 20 5 204 482
44 45 19 4 311 484
4 26 10 7 412 611
91 29 16 6 462 703
67 85 19 6 452 713
36 77 8 5 609 755
84 61 26 5 622 761
10 59 10 5 457 563
100 20 12 4 469 631
27 28 17 4 548 695
1 97 21 3 430 666
62 64 27 1 493 790
64 6 11 2 733 793
25 5 25 2 246 381
12 95 9 6 557 707
21 95 13 5 342 499
25 49 15 2 303 427
46 66 19 3 308 535
83 99 20 2 576 762
38 23 11 5 466 761
73 51 21 1 528 647
55 73 30 1 653 772
19 54 26 1 425 680
0 54 5 3 289 494
37 41 8 7 440 634
59 3 25 1 534 627
70 18 15 1 481 753
91 44 23 2 463 534
9 59 17 3 257 323
19 36 14 2 603 774
5 50 14 4 238 408
81 15 9 5 229 498
63 84 24 2 590 682
27 45 6 7 507 595
77 58 5 2 322 429
19 45 23 1 361 602
29 51 12 7 536 785
90 87 12 3 408 586
14 29 29 4 388 650
5 71 19 7 322 562
94 45 26 3 671 740
91 31 29 5 248 397
79 7 24 3 411 600
11 51 5 6 478 655
1 39 30 7 384 560
10 71 9 5 275 359
84 74 5 5 708 772
95 53 28 3 226 505
40 82 17 3 245 320
6 91 12 5 525 673
30 95 28 3 288 451
96 27 21 4 212 500
78 88 24 3 314 536
36 76 19 3 509 621
45 93 14 1 502 684
10 12 13 6 230 359
32 67 27 4 329 619
85 68 21 3 472 683
62 57 17 3 315 409
57 25 26 5 234 341
60 7 5 6 489 588
89 83 17 2 203 377
93 92 19 4 443 521
29 45 29 1 467 747
91 83 26 6 423 627
47 97 27 3 536 616
67 55 30 2 591 783
82 11 19 2 359 635
39 99 27 2 513 606
6 97 12 2 471 563
67 5 9 7 488 629
82 49 22 4 395 614
25 12 25 4 617 729
1 64 24 6 530 651
2 40 10 1 595 761
26 53 28 4 216 488
33 73 28 6 261 449
16 91 16 5 577 785
82 80 9 3 467 639
37 80 9 4 427 585
8 36 10 1 395 503
32 4 5 7 459 629
0 53 26 2 352 633
37 96 29 5 338 558
99 53 12 1 285 578
99 47 8 3 234 468
88 33 28 4 331 503
21 55 22 4 243 470
44 63 28 5 476 685
43 69 10 3 330 522
28 51 10 7 204 454
75 68 19 1 483 699
17 11 9 1 624 764
84 73 10 1 542 637
59 80 6 7 504 590
69 80 26 7 271 384
58 6 25 5 358 524
11 0 8 2 275 443
31 60 27 2 308 452
11 10 7 1 276 488
0 71 18 7 440 712
78 79 7 5 539 794
36 93 19 6 227 467
31 59 24 7 576 752
26 51 21 2 286 425
91 92 22 5 423 530
10 61 25 4 367 489
24 88 5 5 388 591
72 87 23 6 596 794
24 92 8 1 528 732
52 75 5 7 299 437
84 80 18 2 649 739
6 77 8 1 458 557
20 98 26 1 596 739
64 93 11 5 356 492
18 79 10 6 231 482
4 92 8 5 521 739
85 40 17 3 281 344
31 43 11 5 204 475
76 37 25 3 353 446
64 48 30 2 422 528
89 1 10 7 579 679
0 36 18 6 340 559
51 88 20 5 237 317
84 5 29 6 328 577
78 91 28 1 398 650
72 19 30 5 544 686
66 55 13 7 415 491
93 56 18 4 567 680
91 86 15 3 503 594
13 31 14 3 397 515
39 42 15 6 225 440
80 41 19 6 272 560
100 75 13 1 491 736
21 12 11 5 445 586
63 69 12 1 506 744
25 28 22 4 511 736
86 83 16 2 248 383
35 30 22 6 438 593
49 11 22 1 463 582
56 56 30 3 417 667
34 36 22 4 415 591
2 19 5 1 262 486
7 76 26 2 252 445
82 58 25 7 357 614
38 73 21 2 641 716
88 47 6 5 385 604
62 94 13 4 315 597
65 86 21 3 444 532
64 80 27 5 353 498
63 1 5 2 234 532
62 44 21 3 247 451
99 63 21 5 242 465
7 5 28 3 312 438
37 84 25 6 644 721
88 78 20 3 604 683
37 59 24 2 378 440
47 94 21 1 289 422
24 41 13 7 205 366
30 85 18 2 448 647
13 1 15 4 310 393
87 41 9 5 369 646
7 48 18 1 506 739
87 83 14 2 266 463
34 53 24 2 316 595
48 46 14 5 658 746
6 76 15 7 572 699
73 54 14 3 219 459
49 4 29 3 228 478
65 36 8 4 699 762
24 96 12 5 222 347
42 55 14 6 263 443
17 8 8 2 396 622
19 99 26 5 241 357
97 62 29 2 570 742
54 69 30 4 222 363
15 6 14 5 389 469
0 47 9 1 523 717
91 2 18 2 517 587
12 85 5 4 355 427
5 0 11 6 224 322
62 2 10 6 604 720
58 64 24 6 648 777
26 15 12 2 458 519
94 68 20 7 462 562
27 74 6 4 444 632
70 62 28 3 240 503
67 48 14 3 620 772
92 56 21 7 356 656
33 77 6 4 216 461
18 52 24 6 299 430
47 98 20 2 281 513
95 12 9 4 413 687
83 15 13 6 396 591
19 96 26 7 431 544
77 62 27 1 580 743
57 48 17 3 555 670
64 38 5 2 586 765
65 64 6 5 288 420
45 94 19 4 228 484
76 71 6 2 220 461
33 42 5 6 414 614
79 32 10 6 476 692
69 32 5 4 224 370
65 50 22 3 508 623
9 63 28 5 244 376
60 5 11 6 347 628
85 23 5 5 269 362
2 21 26 7 469 749
61 99 26 2 473 638
65 26 22 3 566 732
9 15 8 7 352 494
68 85 21 2 309 417
48 51 22 2 399 588
88 67 9 6 513 744
19 84 16 5 490 620
34 23 5 3 553 626
1 72 11 6 581 768
21 94 15 2 378 454
19 63 20 2 235 508
97 80 7 6 356 604
17 1 18 7 369 653
80 44 23 2 203 307
22 81 16 6 316 390
37 12 13 4 599 689
33 65 20 7 202 305
37 43 6 1 293 399
3 28 27 3 290 556
15 3 22 4 233 489
22 48 5 1 309 396
63 3 18 1 716 798
50 45 17 4 386 447
45 13 15 6 442 609
79 70 22 1 301 442
34 82 19 6 263 481
55 97 27 7 216 444
98 55 11 3 328 491
66 43 25 4 389 550
32 54 12 6 222 427
59 98 11 7 350 496
57 86 20 3 247 469
46 43 14 5 571 637
88 81 28 7 487 586
38 67 27 5 263 429
94 62 11 4 362 581
21 81 26 2 598 747
13 68 16 2 214 447
35 88 12 6 319 392
9 35 15 4 348 634
7 14 13 3 555 665
21 93 11 3 607 750
93 6 30 4 546 796
51 69 6 1 240 512
48 86 24 1 390 551
39 30 20 4 624 767
14 15 29 4 524 585
96 60 5 2 274 508
59 59 11 4 380 570
94 98 5 5 371 574
93 11 28 4 466 707
17 76 21 3 527 704
19 46 12 6 362 596
85 21 13 6 449 697
53 14 14 2 381 646
22 32 28 2 291 414
7 82 14 5 203 342
22 90 19 2 614 760
32 72 8 4 242 534
82 27 11 3 635 750
82 78 12 7 364 591
13 3 12 2 228 484
30 86 13 2 282 478
50 22 16 3 505 671
48 14 24 1 602 786
3 9 17 2 649 733
25 55 28 2 603 722
9 78 15 5 204 491
42 49 27 2 263 377
94 19 25 4 214 291
65 68 16 3 549 626
19 67 21 3 245 376
48 45 21 4 292 551
79 27 13 6 255 465
20 55 17 1 218 338
66 81 20 4 343 500
89 22 13 3 331 544
63 24 12 1 467 658
95 77 9 7 409 677
84 52 18 1 596 760
72 12 24 6 364 615
81 9 13 5 584 696
42 18 9 3 224 352
39 39 19 7 218 294
15 45 22 7 291 575
2 10 20 4 308 550
65 63 28 2 301 497
90 18 25 1 675 770
75 9 27 3 254 532
73 32 13 6 650 744
31 85 10 7 200 396
68 18 14 6 524 597
82 91 30 3 349 610
14 71 5 5 405 532
49 8 5 3 504 724
41 50 19 2 686 792
92 6 7 2 210 326
63 55 19 7 382 552
8 59 28 2 300 507
68 20 6 2 307 384
74 31 16 5 506 591
24 6 23 5 338 454
45 69 8 7 519 592
48 59 19 3 207 375
72 9 7 7 563 643
58 17 30 2 401 550
56 92 7 3 293 426
6 19 7 4 264 546
21 99 18 1 567 692
22 59 11 5 568 759
59 35 14 7 250 493
13 75 30 3 500 735
96 70 16 2 576 752
32 88 9 2 471 695
23 56 23 2 686 750
79 41 21 4 210 429
58 45 9 5 399 688
42 35 26 3 328 465
15 82 5 3 629 749
93 61 14 5 539 635
22 1 14 1 589 688
0 4 8 4 336 547
17 72 5 5 455 676
35 37 25 7 219 408
18 16 24 3 362 656
82 72 24 1 374 464
44 40 28 7 244 486
64 51 11 2 614 751
41 14 28 5 482 611
75 17 21 2 286 476
33 36 18 3 516 603
79 28 7 6 474 761
45 77 18 7 293 375
34 20 17 7 312 505
47 84 25 5 307 422
91 71 12 6 201 406
16 21 10 3 572 652
17 60 27 1 459 729
18 98 9 4 518 684
71 49 8 5 457 636
98 93 19 7 422 672
17 82 7 7 387 568
50 76 11 1 258 328
0 67 20 4 580 800
61 73 14 4 471 769
71 93 15 6 408 600
56 6 7 3 343 442
37 63 23 6 442 576
2 55 25 5 308 574
78 76 16 7 362 653
53 54 20 2 248 522
22 63 18 1 299 464
27 1 17 7 308 565
42 57 7 2 674 792
96 95 14 7 233 353
44 17 27 2 498 666
94 63 8 7 346 503
70 81 15 6 232 462
78 7 25 4 217 343
21 44 30 2 369 641
39 28 28 4 563 776
53 73 12 2 395 470
55 89 20 4 254 347
33 0 6 6 563 691
99 93 16 7 481 668
10 3 17 7 381 615
84 32 24 1 214 302
21 26 6 5 575 740
70 50 16 7 516 605
87 17 29 1 358 420
74 96 16 1 450 514
25 79 22 5 588 724
27 70 15 3 206 311
8 33 24 4 637 718
18 54 20 7 258 389
49 82 12 6 592 658
5 93 27 2 463 599
4 29 5 7 460 645
4 98 7 1 231 524
99 76 20 3 588 775
45 48 8 6 536 632
29 71 30 1 402 477
88 96 7 7 588 784
55 7 29 2 644 727
65 49 20 6 429 712
45 45 6 4 592 720
66 1 17 6 209 280
55 79 23 6 200 365
40 67 12 3 321 523
18 94 18 1 236 476
96 76 13 4 485 588
90 31 30 5 527 658
49 7 29 3 650 784
8 44 12 3 384 642
67 83 8 2 436 721
74 94 8 7 360 429
67 22 15 5 252 430
48 79 19 2 566 786
92 65 16 7 412 582
31 40 21 5 369 526
54 100 27 6 360 637
12 0 12 1 473 688
49 51 11 6 559 638
76 29 6 3 352 645
26 78 25 1 497 758
100 51 16 6 373 531
36 54 11 7 504 779
61 55 16 3 513 609
96 71 25 2 631 774
71 67 11 4 689 755
33 3 18 6 380 650
58 94 24 4 432 707
95 48 21 3 474 659
39 21 18 6 415 485
53 60 16 6 663 772
58 44 24 6 434 510
37 79 7 4 370 565
76 95 23 2 500 642
31 69 18 1 450 691
19 0 12 3 569 665
85 42 10 5 466 731
49 73 17 1 284 380
33 52 15 5 335 608
34 63 23 3 451 652
14 36 20 6 211 346
24 15 25 4 264 540
28 53 26 4 567 764
12 76 25 5 399 645
4 11 20 7 511 774
51 91 8 6 318 423
3 36 14 1 585 662
36 34 13 2 211 456
22 57 29 2 328 609
49 96 27 2 589 669
65 62 8 5 688 792
66 22 9 1 524 636
6 38 20 1 435 622
90 9 20 2 215 491
66 57 19 5 708 775
98 73 12 5 567 640
2 54 20 2 446 701
66 38 21 1 580 727
53 3 25 5 263 360
93 13 16 4 488 559
44 25 5 1 377 572
44 0 30 7 446 536
60 14 23 2 441 644
13 52 12 5 613 697
18 38 29 2 456 634
6 68 15 6 427 518
35 4 19 7 496 691
73 4 13 1 479 750
49 32 14 3 221 326
62 87 25 1 224 286
11 49 14 1 480 714
90 43 27 1 452 540
1 28 17 2 544 770
69 52 27 1 588 762
9 96 11 4 547 724
63 68 14 6 442 547
71 3 18 7 621 723
