1437
40 91 0 0 0 0
93 90 9 5 384 546
31 38 15 5 235 526
69 15 30 7 503 711
12 2 9 6 238 504
46 34 10 6 316 486
69 76 8 1 279 400
58 86 24 4 491 707
90 48 29 4 278 561
28 95 22 3 395 651
92 16 19 7 289 525
87 68 22 1 312 432
11 19 8 6 479 642
21 13 14 7 623 755
5 79 25 7 492 769
46 88 20 1 294 432
42 67 12 4 200 425
49 90 23 1 270 557
76 91 28 2 348 588
39 54 7 6 553 739
71 33 13 6 428 646
26 99 27 3 610 733
16 11 20 2 259 480
19 53 17 2 614 799
1 97 19 6 311 602
69 75 27 6 704 798
79 45 21 7 347 459
24 70 25 5 240 504
83 0 5 5 249 334
44 94 16 5 531 591
70 93 11 6 532 798
80 47 26 3 673 789
33 67 18 3 467 648
64 78 18 4 280 563
48 37 30 4 404 529
23 31 10 7 213 302
31 6 20 2 437 574
4 69 7 5 335 556
36 67 18 1 409 551
11 51 30 3 349 529
56 18 28 7 431 688
58 19 14 3 302 573
46 44 16 6 575 783
44 75 9 5 341 457
86 59 14 7 211 308
87 80 23 2 342 593
46 26 28 2 457 593
37 7 7 1 284 427
78 38 20 3 461 718
64 73 8 7 392 491
5 33 13 7 377 503
11 64 11 3 262 411
100 30 20 3 298 572
14 26 24 7 485 644
29 87 13 5 437 499
21 46 11 5 233 460
66 89 29 3 639 759
58 68 6 3 483 545
92 68 6 5 250 349
37 88 15 7 460 738
83 43 13 7 373 641
49 86 10 3 511 698
81 47 14 2 219 337
89 45 29 3 276 372
35 3 9 4 460 524
64 61 22 4 274 478
54 4 8 3 681 778
74 56 29 7 539 752
9 84 27 1 454 642
16 25 14 1 385 604
71 52 26 6 397 604
2 17 7 7 384 488
40 95 19 7 235 483
15 65 22 1 213 314
52 32 19 6 364 429
83 33 29 5 526 731
28 54 18 3 427 526
52 83 27 3 462 693
72 52 26 2 255 396
57 45 9 5 336 463
16 10 11 7 228 503
25 27 17 3 474 755
19 49 22 7 401 612
89 15 24 2 438 726
63 57 29 5 516 608
14 51 17 6 329 626
61 14 5 4 475 727
18 1 5 7 565 789
61 13 29 1 338 522
70 55 13 1 491 669
62 43 11 7 446 566
57 15 10 6 314 492
85 88 12 2 229 520
45 43 11 3 580 771
40 97 26 5 331 552
22 58 5 2 407 662
52 97 7 3 234 412
99 57 25 2 497 637
45 82 25 4 616 754
74 35 13 5 495 723
38 58 14 2 627 765
49 97 5 7 503 667
19 13 18 3 431 660
25 17 24 1 427 629
99 45 25 6 307 480
18 78 18 5 321 520
73 69 5 7 410 655
92 8 21 2 394 517
59 1 15 4 322 539
29 95 9 7 411 539
86 73 29 7 556 770
98 17 30 4 563 659
81 64 26 4 351 642
93 79 29 1 561 629
38 30 13 5 236 332
26 92 26 2 675 786
30 9 29 3 204 446
99 87 27 6 610 708
75 41 7 3 559 796
42 49 15 7 450 715
36 50 11 4 616 768
46 32 5 4 223 452
100 26 8 7 296 497
67 19 21 6 470 688
83 2 19 7 692 794
1 56 16 4 317 552
19 99 11 4 245 451
11 12 23 7 270 526
25 26 6 2 206 491
46 23 13 1 490 680
66 12 20 2 485 671
67 45 17 4 464 563
61 73 30 7 312 502
81 13 25 2 479 575
40 60 17 1 349 585
49 84 18 1 387 562
27 32 7 6 642 757
76 17 11 3 313 546
99 95 6 1 378 503
28 7 17 1 472 634
91 47 12 7 498 759
42 56 10 4 655 749
0 90 9 3 609 695
58 95 22 7 478 708
48 43 17 2 654 770
51 2 13 7 363 496
60 26 13 7 215 341
95 46 6 6 331 527
80 74 23 7 569 696
45 61 30 2 456 671
24 42 26 2 285 481
62 67 14 4 396 518
26 65 8 6 317 418
23 90 6 3 558 794
22 80 10 2 510 785
85 33 23 5 304 423
95 49 9 7 298 440
91 38 12 3 269 396
12 92 30 6 243 333
96 59 11 3 231 516
32 77 11 1 257 539
31 29 21 7 430 704
43 37 8 6 239 371
97 80 11 4 305 391
95 59 18 2 391 596
49 26 25 3 249 481
69 78 24 4 524 637
72 79 11 3 666 791
55 61 14 7 490 735
32 87 11 5 489 760
67 86 26 6 296 571
33 61 15 7 263 554
84 50 25 3 258 496
10 46 10 6 671 776
33 85 18 1 227 520
31 4 9 7 203 274
19 33 27 7 509 677
60 15 25 4 449 544
28 21 26 2 654 800
53 20 9 5 567 756
16 85 8 4 409 470
94 50 23 3 546 662
2 77 14 3 343 579
90 17 15 7 210 468
42 46 15 4 558 645
29 36 20 1 265 440
15 63 27 6 438 726
45 42 8 3 506 752
2 94 25 1 632 723
30 89 20 7 518 799
86 76 20 5 480 755
62 86 24 7 306 596
38 67 10 7 493 649
92 1 24 3 449 746
3 70 30 6 214 432
54 96 23 7 202 266
67 6 14 3 553 691
31 0 18 4 392 606
99 60 24 1 224 522
96 69 25 1 351 425
2 35 7 2 233 439
45 37 8 1 643 798
58 16 17 2 410 647
93 0 11 5 402 572
44 59 26 5 257 530
48 47 7 6 451 565
4 3 28 6 520 613
10 61 30 1 249 402
28 90 20 3 249 384
25 46 26 6 650 746
58 44 25 7 448 646
62 11 9 1 524 625
52 84 18 1 560 788
26 11 25 5 588 712
38 43 29 6 448 522
63 75 19 6 548 706
9 61 18 4 589 774
72 80 9 5 597 754
19 42 9 7 591 753
45 24 13 3 333 434
3 4 24 6 307 463
97 59 27 3 474 683
72 40 14 6 257 456
76 0 5 2 314 523
73 57 28 2 373 662
90 16 17 5 254 474
9 59 24 6 286 470
58 91 28 1 212 481
71 32 25 7 409 538
16 80 21 3 330 594
49 91 26 1 538 615
87 66 18 5 487 654
31 86 30 3 431 718
52 81 18 6 246 321
3 89 19 4 433 605
55 71 21 6 358 507
69 12 25 4 421 528
41 33 9 6 443 737
35 58 14 6 212 329
11 7 27 5 618 678
13 82 24 5 258 516
6 31 24 2 346 541
85 0 7 6 335 432
63 11 22 3 570 630
69 22 28 7 361 580
71 44 29 3 463 602
98 65 9 5 238 428
95 37 18 1 226 365
16 62 21 4 394 455
21 68 5 3 533 800
72 54 29 3 527 766
79 65 7 2 407 547
39 21 21 5 502 618
9 8 19 7 503 640
57 54 29 6 505 616
64 4 15 5 297 549
6 81 6 2 524 799
88 1 15 2 612 707
41 50 28 3 484 759
86 23 21 4 646 785
24 17 25 4 580 645
57 71 16 6 307 574
17 62 27 7 306 425
13 69 30 7 443 626
91 60 10 3 254 315
91 92 30 2 547 780
18 62 13 5 221 353
78 60 9 2 302 523
73 60 14 4 465 570
38 88 13 1 513 782
6 6 25 3 390 520
15 74 26 5 418 531
39 93 22 7 358 635
82 4 15 7 498 602
68 33 6 7 489 592
78 76 19 3 473 726
80 73 27 7 483 547
68 18 19 7 539 602
98 48 24 5 510 778
84 42 20 3 267 527
86 29 14 5 451 686
26 20 14 2 526 592
72 35 30 5 492 558
96 95 14 5 260 384
100 45 5 3 281 511
87 1 7 2 394 589
19 6 7 6 374 465
72 72 28 5 479 650
31 8 17 6 361 575
72 20 27 7 218 331
75 91 23 5 359 589
39 32 29 3 606 775
56 15 12 6 291 483
69 88 21 3 579 653
90 25 19 3 245 321
42 57 23 2 328 477
75 14 23 4 344 409
44 6 28 6 226 413
40 31 7 2 472 662
35 93 7 3 228 449
34 86 13 7 546 623
66 3 9 4 277 343
67 62 24 3 285 493
78 31 14 3 420 624
99 50 12 3 534 727
50 5 16 3 576 665
15 17 24 1 448 593
33 79 20 4 379 593
17 40 21 3 280 516
59 10 15 1 518 636
97 98 16 3 511 767
64 77 27 2 530 633
13 43 28 6 239 393
28 52 13 6 451 538
65 78 15 3 328 395
6 19 19 4 591 655
5 86 21 4 327 597
24 19 27 1 371 640
59 93 26 3 371 571
77 19 21 1 529 729
50 85 16 4 391 640
67 47 16 5 252 314
29 26 27 5 250 513
61 93 9 2 238 450
3 49 14 3 343 604
62 56 10 3 598 698
98 91 6 6 555 774
25 10 20 3 211 492
8 33 27 5 379 492
0 24 7 6 508 646
5 68 11 1 680 776
45 65 23 6 457 700
41 11 30 4 470 628
20 65 14 1 254 506
96 70 28 6 525 757
59 29 7 4 448 719
11 18 14 3 614 696
25 56 16 5 212 435
34 29 21 5 329 522
35 29 5 1 490 648
71 92 6 6 360 650
6 70 7 7 470 531
11 69 30 4 309 370
18 72 7 3 259 517
43 4 23 6 212 317
29 38 23 2 248 384
61 18 8 6 482 595
28 13 21 6 678 785
23 67 14 4 350 609
47 54 12 7 488 635
94 59 5 6 458 744
31 25 30 6 262 438
27 55 20 1 279 436
11 79 18 5 442 682
96 87 12 2 298 443
43 33 10 5 505 588
30 96 20 6 475 609
38 21 24 2 527 729
21 8 13 3 357 629
77 48 26 1 376 526
6 92 8 3 264 439
72 67 11 6 271 442
46 17 6 2 452 565
30 19 22 2 517 588
91 40 12 7 531 751
50 90 16 4 616 759
72 90 14 7 478 560
17 36 19 4 389 466
36 41 5 1 368 430
74 11 27 2 253 385
24 74 16 7 563 705
86 17 13 2 213 508
70 50 24 3 252 519
53 6 15 1 329 561
38 85 15 4 367 526
56 43 23 4 375 445
44 48 11 6 379 596
25 87 15 4 635 717
3 8 24 3 338 537
4 27 23 4 218 367
100 49 5 1 625 770
22 87 14 6 213 493
69 53 24 1 375 512
13 27 6 5 385 450
19 27 30 6 417 634
87 95 22 1 406 680
54 2 29 3 403 611
57 10 5 6 283 385
91 24 23 7 410 560
48 41 13 2 422 589
3 43 25 6 607 716
68 6 22 3 235 532
76 83 30 3 603 704
73 4 9 3 550 734
39 42 25 5 545 610
84 55 23 1 410 527
42 28 18 1 500 629
93 66 7 1 612 792
41 56 30 7 406 620
46 81 5 5 557 722
93 92 20 4 223 336
79 61 23 7 487 626
84 67 20 2 270 361
77 5 25 4 626 776
16 37 6 6 550 633
96 18 9 2 654 784
78 71 17 3 424 538
88 11 13 2 340 612
79 18 16 5 442 614
36 60 14 7 512 786
77 30 12 2 229 527
77 16 8 1 222 469
95 41 10 6 204 290
38 98 17 3 390 452
11 29 29 5 378 613
46 36 12 4 498 791
61 62 25 3 321 387
30 93 15 2 506 651
77 96 8 2 399 464
11 26 13 4 427 660
84 100 16 5 492 702
48 90 16 2 392 455
65 17 26 6 555 800
33 40 23 7 304 511
97 5 10 1 427 574
5 19 15 7 596 752
92 92 16 4 347 501
32 6 8 3 531 672
42 87 27 6 259 405
70 8 5 4 229 400
2 73 25 4 315 467
67 50 19 7 638 703
38 75 17 2 612 685
55 79 14 2 389 626
11 75 5 3 447 645
17 60 29 6 509 713
84 25 22 7 367 464
52 29 17 1 246 400
94 64 29 5 408 637
8 87 6 3 275 355
95 25 9 4 453 554
83 69 28 3 515 576
86 45 28 1 660 800
73 84 12 7 448 722
16 4 15 4 253 503
37 89 6 2 342 570
6 93 30 5 619 771
44 23 8 7 509 593
29 6 23 1 343 511
10 16 10 2 318 457
57 59 5 1 470 687
65 36 27 6 498 644
33 12 24 6 557 725
2 74 5 4 287 477
86 0 18 6 394 469
4 61 30 1 481 767
100 25 13 4 392 525
34 99 21 3 449 708
8 86 28 5 285 449
28 92 11 7 615 794
59 50 18 1 206 337
55 85 6 5 577 768
83 52 13 6 365 516
61 98 15 3 206 376
99 94 13 5 577 780
10 43 30 2 688 766
35 40 7 5 262 426
37 75 8 2 358 536
18 64 28 6 242 319
9 28 24 7 586 709
99 25 20 1 572 781
41 97 14 4 251 471
83 25 21 7 540 621
28 5 28 3 508 630
58 4 17 7 299 579
1 82 24 6 236 496
3 88 24 5 506 637
68 24 24 4 405 537
43 25 5 4 249 423
35 53 9 7 418 623
88 21 29 3 468 631
18 12 15 6 402 616
28 58 19 5 552 773
57 26 20 3 238 346
97 99 11 3 297 554
56 4 14 3 234 534
9 44 29 1 500 799
18 30 19 3 557 729
94 58 17 6 554 688
6 54 18 4 463 590
50 77 28 1 281 445
10 99 12 5 697 774
44 95 9 1 565 638
18 7 19 7 428 569
23 20 8 7 507 591
14 81 15 4 510 755
14 33 17 6 454 570
17 76 6 6 345 612
47 69 6 2 365 531
38 7 15 1 424 626
88 85 15 4 560 681
93 34 17 3 389 592
76 86 15 6 464 542
46 51 19 5 280 375
36 27 19 1 242 482
1 57 14 6 474 639
26 98 17 2 314 550
11 6 22 4 382 644
73 56 12 1 512 623
56 2 24 2 526 708
28 80 20 5 557 727
15 64 12 7 219 465
22 23 29 5 364 532
76 51 19 5 347 642
93 77 16 3 506 787
94 31 8 4 435 651
100 1 29 4 286 446
45 95 9 1 231 375
2 53 24 2 440 728
89 87 21 1 301 404
40 20 23 7 235 474
79 70 27 6 514 643
20 91 16 2 666 772
98 46 28 6 445 695
15 44 24 6 220 520
69 89 10 7 515 727
37 42 16 1 358 434
81 72 16 6 627 687
85 7 24 5 245 322
29 80 7 2 680 794
34 20 26 2 630 790
13 51 19 1 370 435
14 10 25 4 505 622
5 42 16 1 245 402
39 59 5 5 335 446
86 13 10 1 226 321
24 99 13 1 465 658
70 53 27 4 348 640
91 15 9 1 377 643
67 46 17 2 216 444
25 41 25 1 385 668
14 18 13 7 371 475
55 96 15 3 202 342
47 65 13 1 304 477
73 89 9 4 258 413
74 13 21 3 471 636
76 27 8 6 444 552
46 97 14 3 283 503
89 11 27 5 582 692
23 9 26 3 341 610
45 87 9 7 358 555
19 2 20 7 364 567
77 68 6 7 453 561
27 83 17 3 449 731
91 52 20 7 496 639
87 14 20 7 498 695
18 41 15 6 635 750
13 7 16 3 318 590
29 58 13 2 456 575
62 98 7 4 231 506
3 71 16 5 468 715
69 33 29 5 244 423
44 32 12 2 284 522
62 21 7 5 470 730
52 39 24 1 496 678
54 78 22 4 351 548
2 32 28 2 257 368
0 64 19 6 280 480
64 69 10 4 486 587
65 11 14 3 377 490
22 33 9 2 485 725
73 10 13 5 318 553
29 74 14 1 238 431
19 98 14 1 474 573
91 26 28 6 290 589
86 21 19 2 259 391
76 80 11 6 663 790
94 56 19 4 426 713
91 5 5 5 203 486
44 73 21 4 209 418
28 20 6 2 321 568
69 77 13 2 281 418
68 3 23 2 225 519
93 48 21 2 473 624
78 98 15 7 515 628
73 62 7 7 509 722
17 37 6 3 357 603
20 83 5 6 234 511
77 94 7 2 366 518
14 92 8 4 218 394
50 26 18 3 627 771
17 50 29 6 505 799
44 4 19 4 506 734
36 85 24 1 565 731
68 74 21 5 544 776
95 90 24 2 521 682
28 64 9 6 347 616
96 36 5 2 529 690
86 31 9 2 260 476
59 17 12 3 417 624
23 41 15 6 393 586
71 77 13 1 556 722
67 1 23 6 509 756
81 18 12 2 398 530
13 47 19 5 602 685
78 43 29 1 687 794
90 81 9 3 312 534
69 56 13 5 274 452
86 93 5 4 380 671
33 89 20 4 333 416
29 25 14 4 556 796
0 66 19 1 339 520
64 92 10 6 458 544
45 1 30 5 459 609
97 37 14 2 382 503
75 6 7 1 538 678
98 42 16 3 495 740
83 31 5 3 381 484
62 36 18 5 482 732
75 56 13 7 272 401
46 52 5 5 415 520
77 74 26 6 249 518
1 5 7 2 283 507
89 88 27 7 230 385
24 58 26 7 511 618
37 20 26 6 356 435
88 64 9 6 292 381
6 25 27 2 330 469
13 73 5 5 333 434
95 17 8 4 468 562
12 32 15 4 459 569
76 16 24 6 531 687
88 16 14 4 411 646
38 73 16 5 410 640
95 69 24 1 247 522
12 33 5 5 304 561
66 48 27 1 659 785
100 42 14 2 536 739
97 86 29 7 420 580
36 53 23 2 322 525
91 41 18 6 281 424
68 12 17 2 697 779
17 15 22 6 425 641
93 13 22 7 563 725
6 49 15 5 231 310
0 33 14 4 511 578
59 94 10 2 483 546
80 5 23 1 360 436
13 17 18 2 619 719
86 63 21 2 283 361
0 86 29 1 534 734
37 19 9 6 375 493
14 62 13 3 440 586
24 85 19 6 250 445
58 63 5 6 364 456
81 63 29 4 561 684
87 44 29 7 414 643
56 34 8 1 552 649
69 3 30 4 659 759
97 2 18 2 461 664
43 0 16 6 279 408
60 98 24 7 240 446
68 91 23 2 571 729
29 49 10 6 341 467
49 27 16 3 542 754
47 21 20 3 341 602
91 28 15 1 274 572
44 69 28 4 515 671
13 33 15 2 436 583
92 67 23 7 245 366
28 24 30 5 467 605
65 66 8 7 331 589
55 6 22 5 499 588
21 0 18 6 397 492
81 8 10 1 462 735
54 34 22 5 363 457
27 90 28 1 420 511
2 83 19 4 569 703
91 51 11 5 443 557
74 83 19 2 362 457
25 88 16 2 280 358
40 70 8 7 260 365
34 17 27 7 355 550
85 69 19 5 449 654
36 33 18 6 322 467
92 18 28 1 352 418
83 93 29 3 344 417
19 96 16 5 260 539
77 49 28 3 347 427
32 18 5 4 371 645
60 90 10 3 388 457
51 39 5 1 204 502
87 3 29 3 241 410
53 70 22 3 518 761
10 94 7 7 329 621
77 20 28 4 557 660
54 11 26 1 425 617
75 61 21 5 262 422
68 14 28 6 270 550
69 80 13 7 567 766
66 2 9 4 295 388
59 74 15 5 469 728
16 65 16 7 489 584
21 29 8 5 362 610
95 47 9 5 498 559
54 36 9 7 398 633
49 53 9 6 315 612
31 69 22 3 530 643
85 39 28 4 240 330
25 49 26 2 463 604
27 40 13 2 315 587
25 19 25 4 606 775
67 30 27 3 234 520
0 96 24 1 451 704
72 16 7 2 404 470
83 40 24 7 259 424
44 53 18 2 539 709
28 51 18 3 408 551
72 59 11 5 629 760
81 89 29 7 384 612
13 5 14 5 478 680
80 76 23 2 659 724
53 15 7 2 507 633
92 99 23 3 561 770
93 8 19 5 540 678
93 3 17 6 643 761
14 75 14 2 477 628
53 98 19 3 614 791
93 100 18 6 427 663
84 83 12 3 311 448
61 20 15 1 386 606
39 44 29 3 389 554
68 21 10 2 487 607
60 0 9 3 365 526
64 40 28 2 455 596
25 82 26 7 562 765
90 18 23 4 223 369
4 37 22 7 420 623
8 4 13 3 511 760
54 44 11 7 225 406
32 22 21 3 610 756
54 47 21 5 565 763
92 79 13 2 380 634
11 98 17 2 434 593
72 62 17 2 276 456
99 67 24 1 365 465
48 80 13 3 386 544
6 47 23 5 556 777
27 68 14 2 261 356
5 51 29 3 415 690
94 32 5 6 229 392
43 16 14 2 288 531
3 69 15 6 422 688
63 82 25 3 516 594
95 56 21 2 397 623
21 97 13 1 491 590
2 71 24 7 250 326
98 87 21 6 445 605
83 73 15 7 438 633
80 21 14 5 628 748
72 26 5 4 638 734
22 60 29 6 346 623
46 38 28 7 576 675
74 94 14 1 292 431
6 18 14 3 491 781
77 89 28 5 588 721
99 18 29 6 229 447
87 83 15 4 589 772
86 95 17 1 589 758
75 68 27 1 347 438
58 85 27 3 268 483
66 20 24 1 211 504
58 57 11 7 510 672
82 75 29 5 551 616
76 25 14 1 231 522
50 16 23 3 616 797
6 91 23 5 473 580
2 39 28 5 342 572
82 71 14 5 360 475
76 31 7 4 531 696
45 57 14 3 248 324
76 19 27 2 435 693
57 94 5 3 283 385
36 7 23 5 534 663
5 39 24 4 365 489
0 41 9 5 506 760
45 51 14 6 451 708
69 19 18 2 264 507
21 2 19 4 392 633
56 89 21 4 258 402
26 95 14 6 290 430
66 7 18 5 473 765
12 69 5 4 395 605
63 24 21 4 418 584
65 69 29 5 307 559
75 7 11 5 683 790
75 12 5 2 569 677
68 17 24 4 446 742
1 47 27 2 535 720
61 28 8 7 472 703
12 55 9 2 259 534
67 27 5 6 226 502
54 32 28 5 340 638
68 59 16 7 344 639
9 27 27 3 691 781
65 3 13 3 452 686
47 4 30 7 326 558
3 67 22 4 396 530
28 70 20 3 381 633
67 84 12 4 210 350
54 57 16 5 711 799
9 57 7 4 399 684
96 86 22 2 323 429
50 75 5 5 412 536
89 49 24 2 224 481
51 85 7 5 592 657
46 45 5 2 676 798
59 41 19 4 417 502
49 29 30 3 536 698
11 93 28 5 385 459
91 49 20 4 488 593
17 57 11 5 668 792
61 91 20 4 431 630
85 18 11 3 220 517
12 81 9 2 571 774
2 50 9 6 241 402
43 97 14 3 509 586
19 88 26 2 533 638
47 13 18 3 529 770
65 16 21 4 503 733
4 68 30 3 207 304
20 26 9 2 297 561
97 85 13 7 245 415
96 19 17 3 220 291
4 2 23 7 358 433
43 100 30 2 380 475
11 20 25 5 629 796
35 87 14 4 247 527
36 42 9 3 527 782
32 76 30 3 281 580
12 78 21 7 482 636
92 36 23 7 283 385
63 83 16 6 279 478
57 85 20 6 366 433
62 57 24 6 506 692
50 42 26 7 663 765
44 26 17 4 250 452
46 47 20 7 566 766
31 75 29 4 536 725
47 41 30 7 226 399
53 95 27 2 608 781
1 84 6 5 349 523
41 73 23 7 455 732
64 13 25 6 243 513
80 18 19 2 294 538
79 100 22 1 515 693
78 25 21 6 355 638
58 13 8 4 294 539
17 71 10 2 600 708
2 56 15 2 240 316
16 84 25 5 393 519
33 58 21 4 239 463
20 20 29 2 215 329
87 37 12 5 548 786
28 55 8 6 503 713
98 47 9 7 478 582
62 80 13 7 432 561
66 4 5 2 355 485
78 47 19 5 279 493
80 44 9 6 584 738
13 76 6 3 538 680
71 26 23 2 423 689
32 70 10 6 609 764
51 60 15 4 260 539
74 68 11 3 466 666
7 95 26 3 619 756
94 70 22 2 235 309
29 22 5 4 575 783
49 95 19 6 586 706
28 16 20 4 469 595
38 72 23 1 557 684
16 36 14 6 375 625
23 23 12 2 273 529
14 94 6 1 202 293
1 71 17 3 272 334
84 40 8 4 285 509
35 1 26 3 384 453
42 19 22 4 541 613
10 68 22 4 416 638
27 26 7 7 559 657
63 50 8 5 573 646
31 53 28 5 569 772
23 59 27 7 210 348
41 69 21 6 639 771
5 26 17 5 386 596
100 95 30 2 318 417
59 77 10 7 597 676
9 3 30 6 239 331
55 19 30 6 540 751
92 83 19 1 274 442
23 78 23 1 239 327
48 66 28 2 513 705
9 68 19 5 436 520
80 13 8 7 255 356
5 96 8 2 575 724
10 40 15 2 512 627
91 72 17 4 374 554
39 91 10 4 238 327
39 16 13 5 224 334
90 19 14 1 344 520
47 76 25 6 258 357
67 66 5 6 233 452
12 61 24 6 647 721
40 12 13 6 346 440
7 74 16 5 522 751
89 73 23 7 261 329
56 59 30 3 514 619
44 61 27 1 497 557
74 4 26 4 505 767
27 16 21 1 374 478
70 66 24 4 364 627
74 43 19 7 457 757
57 35 20 1 327 425
24 89 9 7 641 771
97 40 27 3 589 650
36 71 29 5 601 688
3 87 30 3 410 628
18 6 16 3 375 513
39 8 26 2 292 563
5 62 23 5 571 664
14 43 23 6 546 745
8 13 8 3 215 385
72 66 28 6 206 305
23 39 7 7 317 413
95 87 19 5 320 472
44 55 22 1 543 647
24 7 7 6 509 796
82 16 11 5 667 755
67 83 15 2 488 689
34 80 21 2 445 597
17 66 5 5 602 693
52 63 13 7 434 626
7 56 19 1 570 635
81 99 12 6 456 716
32 36 20 3 317 435
5 31 14 2 599 760
32 0 22 7 268 491
59 51 25 5 315 530
19 68 15 1 590 673
29 46 20 2 590 700
45 49 23 1 480 739
4 53 15 7 448 589
81 70 22 4 734 797
28 19 8 7 289 366
41 84 29 5 311 598
82 62 5 1 310 540
31 73 11 4 516 671
10 63 6 3 694 754
60 9 22 2 336 436
59 52 29 2 427 697
33 35 29 5 289 538
35 15 13 1 669 770
31 89 22 3 560 639
90 1 18 1 456 668
13 23 13 7 264 422
0 65 7 4 396 614
45 55 21 6 415 528
62 28 11 2 233 312
74 31 10 7 279 531
47 11 16 6 508 625
8 88 9 3 427 582
26 49 11 6 645 789
63 97 26 7 497 792
49 75 7 2 459 740
53 7 18 3 465 703
34 34 30 5 355 491
42 99 26 4 408 524
100 44 22 7 511 782
87 45 8 6 364 584
47 56 24 6 539 734
3 40 15 3 251 342
34 47 25 1 590 676
58 7 6 5 533 616
50 54 8 7 338 422
68 35 8 2 255 533
21 71 13 6 324 477
64 65 17 1 259 400
95 62 18 2 388 449
19 10 10 6 404 547
60 42 27 6 566 659
73 80 27 6 404 646
53 11 18 2 463 750
14 86 7 6 304 406
82 39 7 7 369 577
15 9 5 6 427 590
43 78 20 1 219 409
80 94 16 1 480 627
55 46 20 3 401 599
10 74 21 4 401 625
37 6 6 5 272 523
18 55 18 1 211 351
62 72 26 1 224 509
55 97 22 6 430 492
37 8 28 7 446 593
18 68 23 1 633 756
55 47 22 2 221 380
63 81 16 2 298 377
96 73 13 5 270 555
78 84 10 1 383 554
81 66 7 2 599 745
71 49 16 4 410 533
96 8 27 7 540 751
10 70 23 7 204 393
35 90 16 1 207 469
75 44 20 3 383 633
75 59 16 2 562 642
30 86 8 1 634 731
0 63 19 5 244 346
11 84 7 7 709 798
50 8 27 3 507 764
93 2 10 3 490 670
4 20 9 2 382 605
68 38 21 1 229 525
93 35 23 5 482 711
99 32 13 3 431 540
55 33 27 5 641 719
8 54 19 5 491 783
8 79 12 6 496 681
69 63 28 1 439 616
66 64 26 3 440 506
87 2 21 1 478 675
62 17 22 4 635 741
33 27 11 6 406 576
32 93 10 6 257 460
39 68 26 7 365 514
11 81 5 3 320 590
59 8 19 2 285 373
72 25 20 6 708 774
90 6 11 3 307 482
2 93 18 1 516 782
57 76 20 7 203 445
64 14 26 4 689 765
90 4 9 6 365 488
20 14 15 7 360 654
47 74 14 7 245 366
24 34 22 2 384 592
24 49 30 1 234 476
38 94 20 6 705 770
2 21 8 2 700 781
8 67 6 2 464 675
49 83 6 4 337 630
84 47 14 5 337 490
33 81 5 6 314 536
88 81 30 6 361 490
25 55 12 4 272 502
9 86 5 4 342 620
64 32 16 4 497 694
1 94 17 2 477 589
52 100 24 5 685 776
91 74 6 4 419 557
48 60 10 2 530 780
23 50 22 3 294 541
77 55 11 6 327 452
22 43 16 7 359 482
21 22 24 1 446 672
73 83 17 1 662 790
48 46 11 1 244 476
45 17 27 6 540 637
10 13 11 6 252 318
46 60 24 3 470 760
44 16 22 5 566 723
0 70 25 4 336 497
4 67 14 2 396 634
21 35 22 3 288 389
43 34 27 2 389 529
92 98 20 1 404 543
11 68 12 4 568 761
21 51 17 2 410 630
42 100 21 1 425 693
35 78 11 5 237 301
39 53 6 1 258 337
18 58 24 2 296 568
38 66 7 6 546 774
43 22 10 1 452 516
18 9 28 4 497 710
47 64 7 3 418 547
4 60 28 6 368 449
22 84 22 1 372 475
42 3 30 6 474 692
13 18 25 3 604 753
2 2 12 2 446 623
85 22 28 5 486 714
41 70 10 4 317 553
66 90 25 5 380 523
25 24 28 7 522 798
69 98 16 4 377 531
76 87 14 7 235 528
28 46 17 2 619 746
7 64 25 1 577 799
69 29 24 4 302 576
75 30 9 7 645 721
58 41 13 4 400 605
11 99 17 7 412 575
47 92 12 2 526 724
84 87 22 3 295 585
33 5 11 2 241 534
57 30 30 3 578 680
12 91 23 4 505 800
12 74 6 2 324 590
67 75 28 5 218 445
81 85 8 3 276 539
45 36 21 3 586 655
58 81 22 1 553 701
62 87 25 5 223 448
8 74 14 6 204 410
39 70 15 4 207 343
46 54 19 7 256 505
51 86 22 6 499 658
35 97 15 7 388 513
20 88 5 1 283 452
51 88 23 6 607 708
61 100 22 3 314 610
73 30 16 5 329 420
57 91 18 4 572 774
79 80 13 3 445 655
69 14 9 4 327 463
26 22 10 7 535 764
44 93 23 3 392 602
45 14 16 7 406 650
89 8 24 7 433 512
76 49 29 3 214 452
81 49 27 3 510 765
2 70 8 3 597 783
45 74 28 4 700 765
89 27 12 7 358 608
52 22 9 6 334 571
12 9 5 4 392 669
90 20 25 6 315 528
77 65 30 6 587 777
9 26 10 1 362 608
23 92 12 2 274 426
39 55 21 6 344 602
74 64 29 1 508 661
77 18 24 5 398 630
84 61 23 4 353 649
25 36 19 7 480 653
23 22 21 7 532 712
8 12 7 6 496 701
51 45 18 5 242 529
95 45 9 2 633 766
14 19 27 1 357 534
91 11 29 2 234 509
33 64 28 1 436 576
86 11 25 5 231 379
13 79 6 5 205 470
53 35 20 1 549 688
59 76 28 1 348 520
80 92 7 7 404 654
0 75 9 3 411 684
17 7 28 7 486 649
46 82 16 4 531 658
61 47 30 1 416 589
81 75 14 2 339 438
11 97 26 5 574 695
82 24 22 1 553 686
46 74 16 3 376 519
98 13 15 7 584 678
20 7 10 1 202 357
61 87 9 7 465 535
11 77 22 2 397 646
48 4 21 7 481 727
29 77 12 2 477 631
48 12 28 6 407 496
57 17 18 7 514 680
25 18 15 6 529 732
20 79 7 1 509 576
86 47 22 5 489 655
95 85 29 1 304 601
6 27 11 6 268 370
60 49 8 7 246 384
86 70 29 1 584 762
75 1 27 6 553 679
95 99 12 4 626 733
6 72 12 2 409 690
36 76 9 2 241 310
76 47 24 6 611 696
57 25 30 7 416 654
52 55 15 3 564 742
29 21 26 3 589 730
22 28 12 6 279 478
83 12 9 2 357 554
97 93 24 4 628 739
9 49 9 1 419 491
81 16 14 5 575 670
3 83 27 6 401 641
38 46 28 6 335 555
63 66 12 3 342 546
98 4 6 3 239 522
91 30 9 4 553 665
46 3 26 4 566 645
77 88 13 2 279 397
61 83 26 4 245 388
86 32 10 1 456 586
63 79 12 2 450 542
49 52 17 5 375 585
25 13 30 5 319 561
9 34 14 2 208 398
40 80 16 7 492 562
16 17 28 2 317 543
83 49 17 6 470 595
49 81 14 4 339 477
65 54 5 5 212 479
39 29 28 7 557 646
96 74 21 2 236 299
71 71 22 4 574 738
77 82 22 6 352 573
22 32 26 5 296 455
83 75 21 6 409 655
60 34 18 6 405 647
91 69 20 3 576 653
63 34 11 5 266 359
78 79 18 1 597 702
13 53 20 3 343 500
20 24 8 7 330 556
50 56 14 1 285 582
82 63 17 6 272 550
13 83 6 7 458 629
94 0 16 5 380 464
74 76 8 7 423 704
75 79 20 2 206 436
36 93 24 6 306 591
44 13 30 6 548 611
49 0 25 4 700 775
93 85 15 3 329 401
25 69 18 3 457 638
15 50 19 2 354 479
58 25 15 2 682 767
49 59 30 3 380 612
55 26 14 5 569 723
64 63 27 3 589 793
3 75 28 7 579 793
57 88 13 5 305 376
80 51 30 3 548 714
83 1 29 2 411 605
52 16 15 2 384 601
40 76 24 3 546 718
71 79 11 7 561 750
48 3 14 7 250 367
62 23 30 3 642 706
26 18 26 5 625 762
67 49 25 1 258 363
38 64 16 5 209 326
83 80 25 1 344 494
18 87 15 6 629 766
92 7 18 5 529 758
100 7 13 2 620 730
13 40 8 6 435 644
47 66 29 7 538 639
99 92 19 5 249 333
21 5 24 4 328 557
30 88 16 6 653 768
25 60 24 1 348 613
12 100 19 1 284 426
12 70 9 4 323 448
38 62 14 4 207 295
21 70 8 6 366 536
67 76 13 6 573 758
22 14 18 3 343 441
71 23 19 7 217 375
43 68 16 2 330 567
61 67 23 5 235 455
29 51 22 4 629 722
72 39 28 6 542 654
70 19 21 1 418 708
36 38 8 1 518 598
82 65 27 4 445 531
52 15 28 6 503 688
22 44 13 5 288 576
73 23 5 1 215 493
96 28 24 1 608 766
75 3 14 1 333 431
78 48 28 3 482 560
13 3 18 1 236 372
66 9 17 1 450 743
5 47 25 2 355 515
67 41 21 5 317 514
33 30 18 6 687 783
73 36 27 7 352 518
83 54 30 2 479 578
7 35 29 7 496 751
39 84 15 1 253 491
6 44 22 3 455 621
0 46 7 2 429 676
17 29 15 4 252 498
62 9 9 2 602 718
45 31 14 1 550 749
36 29 30 5 507 702
89 79 15 1 521 795
19 66 21 5 329 499
13 26 12 3 617 679
66 86 23 3 217 299
49 94 10 1 492 712
21 64 24 6 684 786
32 25 11 5 220 431
51 52 23 4 440 509
64 36 28 5 448 641
24 66 28 7 565 680
36 26 19 1 287 506
43 95 29 6 558 739
3 6 21 1 578 742
13 19 15 4 255 497
94 80 15 6 376 663
59 47 11 6 466 560
77 38 5 7 231 457
49 100 17 7 536 787
11 15 19 6 402 702
2 65 23 1 270 385
98 84 28 4 277 468
57 83 9 3 235 460
15 49 13 1 426 708
1 67 15 7 484 546
71 38 21 7 432 617
2 20 7 6 359 507
89 100 5 7 432 675
65 83 24 6 503 618
5 97 16 6 479 756
9 51 13 1 549 658
86 41 26 4 603 722
31 47 23 4 456 552
91 18 7 4 293 380
71 16 29 7 225 346
88 15 24 4 366 643
13 70 26 3 365 425
96 85 28 4 479 736
14 52 20 5 587 673
92 84 26 1 574 671
48 15 6 1 521 744
12 57 6 5 464 654
45 81 25 1 550 693
46 37 7 4 329 608
15 85 30 1 383 673
34 88 29 5 273 527
13 67 27 5 224 342
76 76 24 2 340 429
68 30 17 3 571 673
11 89 11 4 358 592
69 52 5 3 341 495
87 90 14 4 366 570
33 49 12 6 244 503
2 22 8 6 702 762
38 57 28 7 279 461
24 43 18 7 618 702
2 30 25 2 410 551
52 20 30 2 339 628
22 57 28 7 444 536
83 9 5 7 393 497
51 66 15 5 520 703
81 25 12 5 287 410
4 62 30 3 399 547
52 92 26 1 573 738
15 41 24 2 425 500
98 86 8 4 683 769
28 89 10 4 417 699
18 2 26 6 362 657
66 0 21 3 537 656
63 65 7 5 518 691
79 53 21 6 226 508
52 77 13 4 560 644
35 11 23 5 325 443
28 77 6 6 340 404
76 66 22 6 330 540
20 93 13 7 609 703
6 76 27 1 575 729
52 5 12 2 446 659
25 4 22 2 434 494
19 5 25 7 333 478
22 81 11 7 313 514
37 11 27 1 358 472
71 69 8 2 305 522
17 77 26 1 587 753
23 38 20 3 245 331
68 23 27 4 312 381
37 61 18 5 296 411
25 95 24 3 220 353
13 97 26 6 439 674
5 14 12 3 488 551
76 32 24 4 362 519
44 58 29 4 585 678
77 73 9 1 724 784
14 7 5 5 324 567
29 35 25 1 345 611
93 4 30 1 466 736
64 72 17 3 294 369
46 87 8 1 266 444
8 46 5 4 527 761
33 98 5 6 405 669
29 65 20 3 223 369
23 55 23 2 634 745
50 6 21 5 484 620
8 19 13 4 337 425
60 6 27 3 315 384
23 49 19 1 446 587
19 35 27 1 451 709
59 7 10 1 253 552
75 54 23 7 433 581
37 14 23 1 300 593
58 15 14 1 457 757
7 41 28 1 235 452
74 70 24 6 206 269
10 8 12 2 298 424
29 99 9 6 375 492
100 43 26 4 386 548
7 67 10 3 602 744
94 92 13 7 292 539
46 69 27 2 470 766
47 42 24 6 324 456
25 90 5 1 273 511
75 0 29 4 583 779
55 52 30 5 316 556
80 62 5 1 211 503
56 71 24 5 472 583
84 20 8 1 223 308
50 3 26 5 280 537
71 7 9 3 393 664
82 17 20 6 240 364
20 57 16 1 338 536
96 39 10 4 473 569
98 80 5 3 477 572
22 56 8 4 489 685
41 29 5 5 425 666
1 35 12 5 632 800
94 46 27 5 374 535
2 57 28 4 215 392
95 7 8 3 390 686
53 99 5 2 347 487
1 58 8 1 413 528
33 84 10 1 647 757
