1417
99 27 0 0 0 0
33 3 7 1 475 575
78 27 14 2 482 769
74 28 27 5 305 464
100 38 14 4 441 645
78 49 10 3 570 698
85 100 11 7 436 561
12 74 22 5 233 350
24 37 16 6 244 459
19 20 15 5 531 782
66 90 30 7 586 699
17 39 25 1 451 664
50 25 9 1 649 723
82 15 30 5 250 530
27 16 18 5 518 585
7 76 8 1 425 676
23 81 22 6 355 477
96 59 20 3 626 742
41 97 15 2 579 697
8 20 15 5 330 536
53 29 14 1 343 491
72 78 15 5 381 599
31 77 18 5 369 627
24 89 14 1 268 546
65 99 28 5 560 710
84 78 14 5 623 774
62 27 28 6 257 498
44 30 25 6 264 337
54 17 15 1 380 539
48 52 5 1 305 505
74 39 12 7 298 445
23 83 28 5 451 722
15 86 30 5 662 755
67 66 26 5 274 412
20 21 10 1 215 489
89 85 7 1 355 605
71 35 12 4 320 420
10 37 30 7 619 698
32 73 10 7 530 651
60 93 5 6 348 521
31 92 12 1 537 627
37 2 22 1 596 685
100 8 8 6 415 589
1 64 19 2 395 627
68 92 5 6 325 585
29 52 28 5 348 458
55 12 13 3 495 619
45 75 8 5 367 433
16 36 17 2 519 745
94 67 20 6 533 754
59 23 5 5 403 632
17 99 19 6 314 614
10 22 19 7 261 426
10 56 8 4 343 585
35 98 5 5 249 422
94 2 14 1 538 638
55 25 10 7 212 457
57 67 30 4 206 432
42 95 7 3 464 582
74 86 25 5 415 671
85 56 18 2 490 761
3 55 8 3 603 774
52 66 21 4 441 566
61 96 26 5 326 458
45 59 19 3 664 770
14 79 28 2 276 512
56 79 6 3 540 638
52 35 25 1 267 375
90 54 5 6 604 793
80 84 12 5 311 596
11 58 22 4 421 526
61 30 30 7 272 561
96 82 13 3 432 562
81 40 23 7 528 726
90 71 24 1 501 789
66 9 21 2 400 627
27 45 23 2 565 704
50 62 23 5 251 551
60 31 13 5 283 445
79 17 24 7 489 631
66 67 28 3 463 669
3 23 13 7 264 555
31 75 10 4 407 477
0 25 26 1 581 711
96 53 13 3 633 785
35 78 15 5 405 691
90 38 8 6 508 683
49 43 17 5 298 592
87 95 27 2 429 595
49 7 24 2 500 628
73 53 26 5 314 406
52 15 27 5 462 745
33 2 30 4 305 513
1 75 13 3 553 635
1 22 18 3 331 592
93 3 11 7 641 756
74 22 15 2 622 714
50 42 20 5 367 642
87 15 24 6 453 700
69 68 15 5 303 471
35 24 21 1 205 375
99 97 21 1 418 505
55 69 16 5 342 460
35 94 9 5 241 315
7 39 30 6 519 652
91 48 12 1 240 388
71 24 12 2 477 541
21 5 22 3 512 678
49 66 25 2 282 546
38 88 14 6 235 487
39 76 21 5 420 649
53 22 15 7 295 498
52 48 7 6 704 776
80 21 30 4 282 372
98 33 5 6 246 508
57 9 8 4 455 621
76 7 24 1 318 402
63 27 14 3 270 429
93 22 8 3 464 543
24 0 15 4 201 482
7 47 21 6 669 749
13 66 12 1 492 608
74 27 22 2 215 332
10 31 5 1 468 560
32 69 5 1 358 646
98 43 20 1 297 384
29 0 6 7 371 527
59 70 13 4 491 644
40 57 8 1 581 667
7 79 17 5 290 361
96 28 22 2 245 490
80 52 10 7 239 376
98 93 14 2 353 552
43 39 25 6 641 765
64 54 16 1 244 348
5 55 26 5 358 599
15 72 19 2 298 432
67 50 29 7 567 765
6 38 24 5 553 688
21 37 10 7 691 787
88 68 30 4 203 446
7 26 21 5 645 722
65 79 14 1 402 700
87 66 18 5 594 675
54 19 15 6 553 658
58 62 16 3 446 713
66 34 18 2 330 572
65 6 12 6 429 516
74 87 28 6 265 335
13 23 27 1 313 611
31 35 7 1 337 467
37 61 16 4 504 617
25 56 15 7 509 644
76 1 25 5 276 493
51 30 8 5 268 349
15 48 16 3 578 788
12 36 25 6 236 456
84 84 21 1 571 788
59 79 24 5 551 654
20 9 8 3 207 507
88 16 27 1 634 758
39 81 18 6 389 644
32 87 27 7 267 391
22 59 29 1 366 593
56 34 19 5 299 418
0 51 9 6 255 442
57 69 5 5 210 390
31 82 26 6 275 538
100 89 23 2 201 450
1 45 23 5 431 647
38 77 15 3 495 585
44 14 7 7 575 659
26 57 7 7 657 751
58 52 5 1 416 586
30 2 14 5 573 750
93 76 20 2 274 425
23 19 28 7 312 461
5 86 8 2 361 485
95 23 9 2 465 583
8 27 18 4 587 738
27 9 23 3 241 432
79 63 9 2 406 699
46 83 28 5 604 767
25 86 5 4 406 680
10 69 9 3 272 481
67 24 13 6 260 428
23 28 22 4 211 375
60 70 29 3 255 525
66 37 25 5 535 682
100 82 17 1 694 780
91 14 27 7 375 652
84 43 26 6 374 532
96 46 16 5 623 745
14 60 6 2 513 792
36 32 21 3 581 670
89 8 7 7 412 594
18 71 16 6 529 784
80 25 18 3 250 482
20 40 20 5 400 621
68 74 24 6 522 629
32 89 11 5 242 476
47 96 18 6 477 601
10 9 9 2 682 790
82 36 10 3 313 465
26 47 20 5 620 734
79 15 14 2 701 778
47 99 29 3 283 391
37 11 19 4 592 737
70 50 9 7 545 645
22 64 17 4 377 655
22 6 15 3 573 746
75 51 16 6 305 379
81 37 9 2 329 455
31 89 22 7 577 745
93 86 14 6 691 766
42 35 5 7 675 764
44 84 21 4 401 600
55 54 9 1 431 608
18 59 16 4 438 618
70 77 22 4 366 469
47 91 9 1 209 359
86 22 24 1 289 547
89 19 25 2 457 668
10 72 16 1 392 667
2 56 25 2 639 796
76 14 14 7 389 636
5 48 27 7 490 578
67 46 5 3 298 536
68 58 11 7 273 422
8 100 28 7 514 679
72 79 13 7 302 371
66 2 30 5 261 490
95 63 11 4 282 400
39 80 25 4 645 708
51 55 23 5 372 542
81 74 30 1 278 383
34 34 6 4 346 542
70 8 25 5 491 554
23 6 24 1 433 497
44 76 12 1 662 739
9 70 8 4 411 645
7 36 28 7 485 555
34 78 15 1 217 422
34 42 29 6 631 762
13 86 12 3 630 779
54 48 24 1 458 658
20 93 9 2 271 487
86 95 25 4 234 486
15 42 12 1 465 670
30 27 19 4 430 517
98 86 10 3 319 385
10 84 18 2 350 577
84 10 19 6 543 664
98 97 20 7 470 731
18 7 13 3 410 698
49 38 26 3 620 689
97 55 15 3 613 759
54 46 25 5 306 405
0 23 27 1 635 700
74 74 9 6 449 574
70 15 28 4 466 661
31 64 14 5 512 779
28 35 29 6 370 520
44 80 22 7 443 535
46 95 19 7 568 758
77 47 16 3 480 557
10 44 26 3 494 694
8 9 22 2 577 737
45 28 29 7 254 511
11 65 26 6 429 514
82 63 5 2 522 676
77 4 14 6 549 652
87 75 20 3 534 671
20 87 13 1 201 411
16 15 6 1 440 730
63 84 12 6 551 756
62 81 8 4 299 578
69 6 25 7 577 730
18 92 27 4 397 588
48 23 17 2 517 700
73 40 27 4 529 700
27 34 25 3 622 758
92 97 30 2 331 410
1 73 27 5 557 765
95 78 16 2 489 742
84 82 16 6 663 765
11 33 16 2 366 427
79 89 5 5 424 635
73 32 11 1 383 575
84 45 25 5 462 615
13 85 7 4 589 674
42 24 29 1 419 537
15 15 14 6 377 563
4 66 30 1 583 699
43 98 13 6 277 394
42 98 23 4 379 559
86 40 10 7 352 600
38 21 26 7 390 664
33 18 5 3 517 748
60 84 29 3 651 713
100 1 30 5 459 714
57 86 26 7 365 614
51 44 21 2 328 526
36 57 7 5 328 527
82 31 29 3 456 733
29 29 26 7 231 370
96 61 25 7 491 665
99 92 27 2 238 469
60 58 9 6 294 356
47 53 14 4 368 662
36 5 5 5 376 550
91 66 18 6 703 781
56 31 22 6 323 410
64 61 25 7 284 569
4 77 26 6 392 481
64 22 11 1 221 418
54 100 23 1 419 638
85 90 24 2 377 637
24 9 12 2 561 682
63 66 23 2 319 530
63 2 9 2 201 455
17 14 6 7 328 461
37 97 18 3 474 738
79 57 11 5 654 720
23 67 10 2 374 555
22 1 30 4 396 613
94 59 16 1 540 748
20 99 13 4 287 521
86 57 10 1 541 764
66 91 23 3 517 595
48 43 8 6 390 487
43 86 13 4 505 597
50 63 18 3 213 371
8 91 20 3 602 715
61 9 5 2 369 456
12 14 17 4 606 748
1 47 12 6 564 712
90 32 22 4 463 643
94 98 13 6 200 388
51 15 19 2 377 626
40 81 5 4 578 680
27 31 7 4 486 645
12 79 8 3 212 458
15 85 10 7 669 776
57 35 9 6 213 448
64 88 29 7 347 538
74 0 25 4 289 447
82 75 8 7 320 412
11 77 26 7 309 505
97 39 5 1 305 415
15 51 30 3 393 652
81 22 30 4 276 538
2 14 22 1 503 618
93 59 28 2 307 522
85 8 20 5 581 752
22 26 29 7 336 440
71 81 27 2 247 433
6 92 24 6 272 416
18 82 21 3 602 793
87 59 12 5 233 298
32 19 17 1 438 707
71 86 6 1 228 490
1 18 13 3 519 679
85 50 13 2 404 610
31 26 18 7 357 559
33 98 17 4 538 662
27 28 12 5 608 692
95 39 11 5 366 457
1 84 19 3 634 703
50 8 23 3 400 488
36 37 23 3 472 586
68 94 9 5 710 773
60 65 27 1 606 700
17 16 5 2 290 509
28 49 15 6 513 616
99 95 6 5 285 409
14 80 14 4 301 393
56 59 19 5 427 598
100 77 18 1 614 771
23 32 22 4 433 732
90 16 5 3 486 606
28 77 24 3 222 398
6 97 20 7 508 709
66 99 22 4 347 609
100 55 14 6 413 638
56 82 29 1 281 468
71 75 10 6 520 682
54 91 18 3 391 555
16 26 24 7 335 511
50 46 28 3 219 320
43 78 28 6 631 797
87 79 8 5 654 786
11 80 29 1 233 503
76 13 18 2 429 578
53 5 17 1 292 418
16 24 21 1 534 749
24 38 12 3 540 800
22 30 19 1 599 661
98 59 30 6 407 688
23 65 24 7 463 632
11 53 21 2 290 576
54 29 14 3 557 709
9 6 16 1 538 636
87 34 26 2 373 654
49 50 12 7 523 729
52 49 27 6 295 543
54 65 25 6 492 585
83 74 16 7 218 484
8 86 13 4 572 764
23 75 12 6 293 463
26 29 17 5 344 539
27 62 12 4 285 460
78 16 28 4 623 728
78 66 26 5 595 709
22 12 18 1 225 359
72 99 19 3 482 762
97 19 18 2 249 391
47 12 13 4 449 567
5 46 9 3 466 657
97 64 11 5 505 589
56 94 20 3 231 404
58 7 9 5 388 676
70 51 25 5 375 526
51 19 30 5 495 688
57 5 13 1 477 700
76 82 14 7 300 384
98 11 24 4 384 528
84 72 6 6 494 578
46 80 28 7 351 502
36 63 28 2 319 515
42 16 24 5 335 453
13 83 21 1 249 441
81 90 5 7 290 490
46 8 6 3 561 770
82 35 25 6 258 362
24 4 10 5 341 600
25 2 15 7 356 536
28 94 9 3 335 426
15 100 20 2 508 701
16 4 24 2 320 456
76 69 18 4 590 731
3 22 8 7 506 753
85 29 11 3 477 687
26 85 8 1 439 726
54 26 19 3 419 682
100 92 7 4 436 684
77 53 26 3 520 580
85 79 7 7 483 584
51 76 16 1 533 718
92 3 8 5 458 661
93 56 10 5 666 727
56 63 28 2 597 793
5 41 26 3 299 394
87 45 29 6 631 785
59 86 12 4 371 631
49 71 19 7 542 761
100 85 9 3 413 523
54 53 29 6 357 589
2 1 29 7 354 439
93 43 7 5 487 584
37 5 10 3 544 791
60 38 29 2 523 587
63 88 27 6 325 385
28 0 15 6 398 569
35 36 12 5 351 639
45 56 26 7 419 641
35 58 28 3 294 380
0 94 6 3 348 591
3 82 26 7 422 522
90 33 7 6 545 800
70 98 22 1 202 385
26 23 27 6 476 668
73 93 29 5 343 564
67 30 7 7 245 309
98 91 16 5 259 373
77 82 30 5 393 495
12 91 16 6 413 548
61 88 25 3 270 351
17 9 5 7 371 510
63 50 8 3 345 622
6 55 22 1 280 551
87 65 9 1 603 707
1 65 30 2 403 484
76 22 9 4 375 532
67 82 25 3 500 620
52 34 8 6 315 378
83 79 15 4 463 687
41 8 16 6 535 723
72 7 8 1 551 705
52 20 27 7 390 589
67 63 14 5 238 316
80 77 7 1 551 794
39 67 5 3 207 270
36 89 18 4 417 610
39 27 13 3 418 498
47 14 28 2 459 614
37 34 18 7 541 605
65 94 28 5 228 291
3 80 17 3 487 761
22 93 17 3 255 408
52 36 18 6 323 604
59 14 30 2 482 763
71 36 6 4 267 434
94 99 13 6 423 506
33 81 19 5 556 782
20 6 19 2 422 544
13 37 26 1 587 740
83 55 15 4 669 799
13 68 5 4 381 618
21 62 17 3 254 467
18 48 13 1 355 646
45 89 24 3 250 317
56 93 7 3 532 729
61 17 25 1 576 654
63 18 30 1 405 613
72 46 28 6 204 274
79 48 9 3 364 663
89 18 25 6 459 520
30 20 19 7 213 383
75 77 18 2 327 524
93 20 17 4 439 736
58 75 24 6 516 783
0 98 9 6 353 597
63 81 25 5 352 416
88 63 18 6 255 448
81 52 5 5 534 727
14 85 14 5 464 558
80 33 7 1 497 647
26 95 25 6 530 797
85 20 24 3 344 565
42 21 24 4 344 479
71 15 22 7 301 588
65 86 16 2 471 626
54 94 29 1 305 585
75 89 7 5 236 368
3 9 17 7 393 671
60 76 10 3 322 536
11 36 15 5 404 552
86 15 8 2 590 687
63 16 7 7 356 505
11 84 5 5 246 430
72 70 10 2 372 617
98 3 27 5 244 354
57 18 15 1 412 669
61 44 24 5 238 424
70 55 28 1 372 449
41 40 26 1 213 315
98 79 6 3 649 723
82 74 11 1 206 362
55 56 10 3 647 746
52 14 29 4 602 746
66 31 6 3 541 713
80 0 8 5 522 648
41 77 13 5 383 458
92 29 26 2 582 767
49 59 11 4 229 484
82 72 29 4 691 795
50 2 29 5 439 557
29 10 10 6 285 520
26 44 29 2 364 645
94 26 28 6 200 345
64 1 20 7 528 729
21 52 25 5 466 752
11 9 16 5 506 763
72 42 6 1 588 652
86 90 23 4 554 652
82 49 11 1 285 581
5 42 24 4 313 440
24 88 9 7 488 562
89 37 17 3 268 434
31 93 9 2 289 420
25 95 18 5 384 667
69 45 29 1 352 437
5 6 6 3 335 469
10 53 25 5 427 549
68 37 25 7 433 577
58 39 21 6 446 605
47 11 21 7 266 423
47 88 9 4 575 696
34 0 27 6 597 696
19 66 9 4 264 546
35 53 18 6 311 482
28 13 16 3 639 702
18 99 6 4 297 594
77 34 19 3 402 526
68 14 15 3 628 760
82 43 15 3 348 441
93 4 10 6 212 369
69 58 25 6 216 357
10 14 18 7 541 787
37 27 24 2 332 593
55 23 18 1 491 674
34 11 15 4 582 719
55 88 13 4 271 472
84 26 23 6 440 687
33 0 20 5 441 593
92 30 19 2 486 682
49 0 17 2 665 752
43 94 21 1 342 559
47 77 17 3 370 474
38 65 9 4 246 327
77 86 30 5 234 381
68 0 10 2 534 762
3 85 14 1 359 654
97 33 27 6 353 513
60 77 15 1 225 525
100 10 5 1 492 756
3 49 8 3 683 772
63 29 20 6 247 429
91 99 20 1 422 483
42 56 16 3 208 492
97 21 10 3 574 797
88 32 16 3 272 498
35 81 14 4 506 741
78 65 9 2 245 385
61 84 24 1 510 677
71 71 12 4 335 620
8 12 17 7 469 659
29 100 24 3 625 768
4 10 25 6 606 745
50 31 22 2 330 569
43 6 27 4 406 480
88 61 6 1 307 523
19 9 11 7 228 336
13 79 19 4 557 628
30 74 26 1 666 739
72 28 26 7 367 529
100 81 6 4 431 674
63 5 19 6 210 504
28 1 16 2 315 534
5 35 25 2 234 327
96 64 28 5 441 521
84 25 20 4 411 587
77 23 29 6 200 333
58 67 28 2 548 662
7 53 9 3 503 671
37 56 10 4 706 766
90 56 16 3 555 687
34 93 8 3 305 408
30 28 11 3 319 602
4 61 6 3 642 792
81 69 23 2 222 418
36 56 22 6 325 475
41 94 8 2 445 673
39 15 30 5 284 406
27 51 20 4 427 590
72 84 19 3 572 779
42 62 12 5 236 395
17 78 15 1 568 642
39 60 9 5 209 449
14 28 18 6 285 423
2 23 8 7 269 516
92 28 19 4 390 650
9 7 20 7 480 621
0 91 23 1 311 484
19 82 11 7 559 621
30 66 21 2 572 721
54 20 8 7 294 466
77 21 5 1 547 609
14 4 30 7 335 483
96 10 17 1 575 665
97 34 28 3 611 718
64 12 8 2 284 479
91 3 13 4 585 649
93 73 21 3 481 625
38 87 30 7 241 363
44 16 8 4 556 623
75 39 10 7 236 310
98 4 6 5 575 677
3 68 18 3 254 543
10 96 22 5 203 320
75 48 5 4 388 529
42 54 28 4 445 721
54 24 26 7 221 495
69 31 28 5 324 556
89 0 30 7 244 375
84 18 16 6 578 644
76 15 16 6 232 455
43 87 8 1 547 707
49 16 9 1 366 619
51 54 9 6 362 434
54 30 30 1 708 793
90 27 22 3 475 714
61 57 26 4 556 716
96 20 25 7 302 590
10 55 5 5 410 636
30 3 21 5 492 642
76 81 12 5 382 556
8 25 8 3 303 534
0 12 17 7 202 495
35 72 24 7 280 400
8 67 5 7 305 579
41 9 23 3 551 784
37 81 28 2 220 427
81 83 20 7 355 533
1 77 15 1 225 317
95 29 21 6 484 559
46 2 9 5 259 419
16 9 21 3 302 426
47 98 14 7 539 712
90 55 17 2 249 325
82 46 17 1 316 495
15 38 15 5 207 311
45 78 16 7 310 546
92 99 20 7 278 350
53 68 17 1 359 491
2 46 14 1 449 632
3 58 13 1 421 608
11 29 6 5 612 795
6 51 30 5 283 459
74 91 15 5 321 524
90 48 21 4 479 698
24 35 14 5 617 783
32 4 29 5 687 751
99 49 19 1 542 791
0 3 8 1 413 493
17 29 25 1 277 482
68 12 14 4 397 465
3 91 13 7 301 588
78 83 17 7 590 735
93 79 5 7 398 554
2 95 11 4 455 525
38 50 8 1 344 637
79 13 19 7 361 514
43 26 6 3 311 533
94 66 12 1 519 709
40 36 21 5 518 738
98 44 23 3 465 732
49 1 6 4 574 779
20 24 16 6 329 539
6 95 14 7 217 322
38 70 8 3 403 595
99 36 12 4 586 794
79 85 12 4 449 661
92 60 13 4 211 472
7 21 6 2 637 787
69 88 19 5 605 675
15 52 22 2 247 523
48 92 9 2 321 556
59 22 29 1 242 522
92 59 15 3 549 624
61 21 22 3 475 641
4 75 30 6 273 414
29 17 20 4 551 766
78 79 12 5 482 683
83 23 13 6 427 574
87 36 18 7 432 614
15 83 23 5 473 535
39 50 25 7 397 461
80 31 16 3 266 556
57 25 9 4 544 694
54 92 25 7 399 548
0 68 15 6 588 781
35 9 23 5 497 728
14 13 6 6 544 685
28 85 9 6 373 661
34 97 9 1 338 539
89 24 30 4 263 503
74 53 17 1 369 501
1 61 19 1 353 525
42 45 23 5 617 778
5 28 12 7 272 379
64 97 26 7 554 709
44 95 15 2 653 734
43 29 29 4 325 489
43 7 21 6 215 349
21 16 20 3 266 409
53 38 18 5 457 673
22 25 5 1 512 698
91 24 26 4 220 436
0 81 25 1 352 621
66 38 5 6 333 393
83 2 17 1 579 798
87 84 5 3 628 739
15 65 10 5 366 653
12 75 20 5 488 721
40 70 21 3 332 585
44 22 18 3 304 445
24 40 24 4 214 323
50 1 13 7 557 668
48 70 26 1 313 381
48 65 14 3 507 615
28 15 17 1 287 383
91 30 17 5 415 508
7 73 13 3 442 526
75 100 26 7 329 446
79 1 24 3 345 447
72 32 19 4 369 595
66 4 23 6 204 380
25 8 17 3 237 517
37 51 21 4 409 506
0 64 7 6 455 577
93 72 29 6 467 759
41 89 10 6 285 446
0 71 7 3 324 451
40 11 5 3 422 697
18 78 11 6 258 449
52 83 23 1 624 702
47 7 6 3 513 795
90 73 11 7 360 646
51 38 22 4 357 650
28 69 28 6 398 504
94 48 30 3 516 576
28 63 21 3 644 767
99 9 26 5 646 792
94 0 10 1 253 391
44 90 17 2 404 646
6 37 17 2 356 546
86 50 27 6 482 594
1 97 7 2 527 674
60 8 5 3 641 705
77 91 27 4 485 649
13 75 15 3 360 528
84 77 26 6 436 695
8 31 18 6 201 330
4 71 19 3 280 447
30 67 28 3 566 725
72 14 13 1 583 799
76 9 25 4 686 782
13 19 16 2 256 440
75 46 22 2 725 790
11 92 8 3 660 724
0 33 8 4 434 607
74 14 20 6 385 638
8 30 6 2 222 292
46 23 14 4 263 497
60 30 30 1 271 406
73 91 30 3 520 778
34 91 14 5 278 440
97 82 24 7 468 692
66 62 19 5 484 574
45 7 23 7 450 749
84 97 22 6 274 479
16 27 12 5 667 733
63 69 14 5 478 688
33 65 29 7 419 536
3 1 27 6 603 742
21 58 18 1 533 657
94 73 5 5 610 707
73 57 24 2 374 545
36 77 19 5 233 354
19 77 10 3 270 356
21 22 8 5 402 596
31 81 13 2 380 506
56 27 22 5 317 517
32 59 26 5 585 785
80 41 5 7 395 586
30 77 24 2 312 414
64 38 27 4 544 635
26 77 25 3 292 495
69 61 14 2 334 576
95 17 18 7 209 355
69 12 11 1 225 340
48 41 18 6 455 721
62 53 23 2 270 491
44 53 16 4 346 573
76 95 28 6 323 535
56 62 29 4 461 549
45 43 20 2 344 616
13 88 15 6 218 405
71 69 12 6 657 723
69 75 18 1 372 554
57 39 12 2 388 609
81 60 8 6 358 464
78 33 5 6 288 520
13 27 25 5 671 770
8 11 11 2 295 396
44 3 25 5 328 482
25 59 13 3 382 562
37 35 15 5 226 432
1 36 27 2 322 463
98 70 24 3 422 715
0 16 17 5 550 670
59 34 19 3 391 629
68 95 27 2 466 681
0 4 20 6 307 453
20 33 28 7 221 322
83 40 26 6 425 630
17 27 9 6 246 325
81 3 16 2 328 590
26 7 27 7 379 571
17 36 12 7 284 425
7 52 7 4 518 746
97 4 23 1 230 460
98 60 25 6 476 588
28 64 23 7 386 505
100 43 30 4 244 320
4 12 9 2 459 676
51 73 7 2 463 744
83 94 13 5 528 593
68 80 20 3 486 721
11 27 16 1 410 516
35 14 12 3 301 468
24 93 18 1 544 794
100 71 30 4 563 659
78 64 12 2 408 610
89 51 25 5 332 562
97 27 16 1 204 428
35 73 28 6 353 627
48 1 27 1 383 521
96 54 7 2 407 629
13 50 19 1 466 641
3 64 9 6 666 780
79 5 13 4 259 352
68 62 18 7 559 738
81 29 26 3 554 691
27 73 25 6 256 409
14 100 23 2 436 651
18 14 12 5 408 677
19 18 27 1 512 642
81 45 22 1 499 781
6 82 7 6 236 331
44 36 27 6 390 677
54 61 21 3 459 682
39 10 14 1 462 754
45 8 9 2 223 447
92 5 12 7 466 714
76 6 24 5 223 391
45 10 27 6 486 715
72 74 23 7 471 573
75 68 6 1 326 522
99 70 12 6 405 544
62 3 12 2 265 351
20 50 23 2 510 754
38 20 28 5 230 291
68 73 29 4 421 553
59 67 30 7 509 768
88 83 26 7 301 434
95 24 13 4 452 747
11 72 12 4 606 680
90 34 16 7 455 523
84 71 18 1 397 666
27 88 18 6 313 410
27 69 14 1 345 516
61 38 22 6 486 687
26 60 20 3 260 468
86 71 13 4 305 562
92 4 9 1 271 472
74 68 26 5 466 536
35 13 5 7 315 420
12 98 25 1 401 666
23 45 16 7 235 523
9 50 21 3 303 407
72 55 30 6 606 769
32 51 11 4 284 417
10 28 6 4 281 564
99 19 15 5 365 572
4 90 9 3 521 655
92 40 19 1 305 402
5 73 12 5 220 446
59 41 14 3 305 550
93 40 27 6 407 685
72 67 23 6 284 417
65 29 27 4 587 680
39 68 22 1 490 761
1 95 18 4 390 625
36 94 11 2 513 793
36 75 18 4 228 353
95 77 27 1 357 417
40 73 10 2 435 583
70 16 6 6 471 591
46 37 28 6 309 461
72 21 18 1 405 514
59 4 24 4 239 501
57 38 19 7 463 609
20 8 30 5 441 704
61 64 11 7 291 507
35 70 25 2 353 420
9 30 19 1 482 719
44 28 14 4 534 702
30 53 21 7 606 785
54 47 17 6 600 666
22 94 28 3 552 636
23 40 13 1 456 731
63 98 10 6 318 590
13 63 15 3 208 445
90 0 9 5 267 360
95 84 15 3 304 459
66 96 8 5 538 612
66 27 5 5 385 520
15 76 12 7 324 406
83 47 24 5 502 755
100 14 18 5 400 461
92 7 14 3 313 517
35 23 27 6 457 542
76 57 8 3 459 601
20 41 15 3 616 709
75 87 5 1 410 651
90 59 21 1 339 500
43 72 7 7 333 476
49 69 16 7 294 424
77 2 10 2 467 708
25 55 5 6 307 478
66 6 17 3 401 473
49 67 5 1 457 669
46 24 26 5 274 427
100 32 14 1 526 633
8 79 21 4 351 419
73 12 21 6 584 779
52 95 19 4 331 613
96 69 10 2 685 788
86 37 13 7 221 474
8 97 14 2 543 762
56 61 25 7 562 681
88 22 24 1 535 781
19 92 25 5 464 719
46 51 14 1 405 609
25 98 19 6 279 499
24 75 27 4 288 352
68 78 27 7 519 794
43 20 5 2 202 380
72 19 23 1 487 659
31 14 21 5 588 794
3 43 5 5 401 544
31 49 19 6 393 687
14 25 26 1 710 796
78 91 23 1 244 457
92 71 27 5 362 610
35 85 9 4 513 730
38 49 13 6 614 707
7 11 14 4 482 638
2 52 24 3 488 633
98 71 30 6 228 347
88 71 12 3 353 643
61 22 18 5 492 666
25 93 7 1 543 799
43 93 23 6 255 369
35 40 14 2 466 737
66 0 28 1 684 755
53 95 29 7 552 636
58 22 18 5 483 592
82 42 19 4 205 495
68 68 29 1 418 602
43 23 10 6 412 706
65 35 9 4 527 781
6 22 14 5 530 762
42 88 18 3 461 558
99 40 14 4 293 577
76 74 26 5 218 513
69 17 27 5 419 584
17 2 19 7 431 552
78 71 5 3 511 656
55 89 20 7 271 480
36 78 26 7 521 736
14 59 20 7 353 415
3 79 19 4 330 588
1 59 23 2 341 606
71 93 7 2 513 774
65 87 10 1 346 572
64 93 9 4 438 662
9 9 24 6 408 551
33 63 15 6 549 614
30 80 6 5 508 787
19 71 23 3 290 575
4 34 13 1 427 690
57 17 20 6 380 442
71 64 27 3 490 596
84 30 19 1 407 664
3 3 23 2 285 462
10 58 30 3 510 608
8 64 19 1 318 394
71 16 26 6 358 491
85 12 26 4 685 784
10 70 17 3 278 360
21 48 10 6 553 634
43 19 19 5 285 358
22 8 29 1 366 606
16 29 23 6 300 395
16 44 18 3 398 646
57 58 8 5 537 693
7 18 26 7 391 598
26 39 19 3 485 545
98 32 19 3 558 679
24 32 14 4 500 610
90 25 10 1 387 591
44 46 5 2 475 561
63 91 8 6 413 537
86 12 28 7 562 638
74 50 18 6 543 728
17 22 23 5 461 539
96 22 27 2 278 468
10 18 11 5 219 462
27 11 24 3 304 591
50 59 26 2 336 549
4 35 15 5 692 779
87 50 6 3 298 427
41 48 16 5 221 399
13 89 23 3 455 561
34 38 21 4 664 747
70 73 25 2 648 708
71 42 21 1 250 443
50 16 26 7 427 627
43 97 17 6 271 427
70 33 14 3 505 799
16 51 27 2 464 725
10 76 23 3 578 677
73 97 25 3 305 509
7 42 22 4 456 536
90 5 17 1 223 366
46 56 17 6 368 511
54 45 25 2 336 625
49 45 5 6 386 552
53 69 29 4 342 569
77 94 10 2 425 697
99 3 28 4 687 784
2 54 8 7 557 665
37 74 18 7 288 456
46 28 9 7 667 758
89 26 20 6 426 630
54 55 11 2 472 692
25 52 19 1 443 678
72 71 16 3 209 508
8 17 19 6 493 654
43 88 29 2 280 373
67 70 10 6 385 664
34 61 16 1 665 749
55 86 6 5 272 364
22 76 29 2 400 475
3 61 26 4 377 646
80 94 21 6 392 629
15 19 12 6 298 505
41 45 12 6 597 729
25 100 26 6 438 518
52 54 16 4 303 387
1 67 21 7 614 689
80 58 29 7 303 598
37 82 29 7 410 685
69 7 7 2 238 538
19 100 25 2 628 707
57 2 15 7 311 478
37 95 22 6 506 730
21 56 14 6 432 669
52 28 12 3 611 691
92 11 14 6 634 768
38 15 18 6 656 718
38 66 30 4 541 782
46 84 22 1 366 514
79 97 24 2 457 686
32 40 18 7 259 341
29 30 12 6 556 661
50 41 9 2 474 549
5 89 14 6 643 782
55 13 20 1 394 538
51 66 21 4 638 725
81 66 9 2 358 559
73 37 16 4 247 429
36 3 19 5 431 695
75 53 11 7 479 553
48 94 16 5 544 745
97 9 23 4 629 749
42 1 25 2 355 589
11 69 7 1 295 550
66 94 8 6 425 527
18 85 11 7 368 564
90 77 30 1 237 512
78 96 16 2 542 650
31 66 17 2 418 596
78 89 13 1 468 747
97 17 18 5 309 447
44 6 24 1 421 705
50 75 20 5 622 682
78 15 27 4 373 630
93 32 7 6 465 763
50 74 11 2 354 625
89 13 9 1 267 543
6 12 18 5 418 612
16 12 5 7 370 453
23 17 16 5 373 648
45 2 6 7 528 713
52 71 22 5 254 412
16 48 27 2 624 705
10 54 7 6 616 676
70 39 13 6 321 520
6 60 24 1 241 370
75 81 19 3 290 528
70 53 24 3 229 482
11 42 10 7 376 668
33 86 7 4 416 687
53 25 21 4 576 745
14 89 18 5 212 480
97 98 14 3 619 683
43 3 27 1 581 652
98 18 21 3 677 779
11 93 30 5 308 513
71 43 25 4 310 390
15 32 9 7 483 643
38 8 6 1 396 684
20 63 22 2 245 396
85 70 29 6 382 618
91 90 16 4 433 509
0 77 8 2 640 725
23 13 25 4 452 531
47 37 10 7 344 461
8 87 30 3 361 451
74 88 30 1 622 781
46 34 24 2 271 335
89 3 9 6 400 692
78 9 17 1 470 766
6 5 17 3 510 771
60 53 14 2 310 430
36 36 11 7 451 705
91 74 25 3 242 448
77 15 23 7 493 601
59 3 21 6 697 773
40 80 13 5 376 669
74 62 16 5 295 405
57 24 14 3 492 590
85 81 18 2 294 415
54 28 19 5 237 504
5 20 10 3 577 734
24 19 25 4 559 732
92 100 23 2 268 349
2 100 20 5 267 340
92 39 17 6 254 450
4 18 26 6 423 596
92 38 5 4 212 471
50 29 27 7 485 746
41 79 30 6 372 464
1 7 16 7 466 583
62 43 24 1 339 618
97 35 22 2 622 743
76 89 14 5 448 629
57 49 7 2 489 587
12 81 19 3 301 418
39 45 16 5 423 590
60 4 30 3 216 401
17 50 11 4 467 632
94 80 25 3 592 682
28 41 18 6 370 560
82 91 18 1 267 496
46 9 16 4 569 721
58 74 22 1 620 738
89 25 22 2 225 438
23 91 22 3 229 372
99 31 7 7 206 480
10 74 17 5 379 531
34 20 16 3 394 657
71 62 10 6 461 753
82 55 25 2 561 777
83 13 15 5 271 550
83 34 13 5 273 504
37 15 22 4 548 641
74 67 20 5 357 583
25 62 10 4 354 559
71 28 30 2 390 680
19 84 30 6 498 696
18 13 18 7 590 761
51 41 29 2 208 443
39 16 5 1 475 717
26 5 23 6 438 524
6 49 5 7 206 392
69 13 20 6 360 433
97 75 9 4 486 571
31 29 8 3 502 716
89 88 12 6 551 793
92 63 11 2 203 284
0 15 25 7 592 705
59 96 8 6 306 387
81 61 7 2 308 503
94 90 7 3 343 521
33 50 21 5 444 517
47 70 18 1 635 783
18 36 14 2 294 411
98 99 17 3 621 771
16 82 11 5 217 449
9 91 20 2 292 432
14 3 6 2 557 700
36 30 8 5 467 682
51 63 27 5 277 535
66 39 19 7 219 376
68 9 5 4 286 533
93 75 17 4 646 726
57 72 16 4 607 708
26 21 22 4 336 574
45 40 7 3 224 310
42 34 6 3 476 772
65 3 29 7 262 548
65 18 18 4 252 350
74 81 26 7 274 478
47 38 7 2 460 602
100 21 22 7 364 537
39 47 23 6 426 628
36 68 23 6 302 494
50 100 15 1 381 610
94 23 26 1 205 487
51 91 22 3 243 304
83 86 19 3 228 309
49 14 9 3 409 569
64 35 10 5 558 680
63 24 16 2 342 599
3 19 19 4 566 694
91 42 27 6 519 739
4 48 23 6 203 483
80 13 25 3 511 738
4 50 5 2 459 759
77 40 28 6 326 410
53 4 5 5 259 515
100 47 11 1 374 643
12 84 9 6 492 755
18 40 10 5 210 399
98 67 25 5 319 523
51 28 16 1 307 463
71 80 10 2 303 574
44 58 28 3 622 684
94 69 8 7 411 625
83 67 5 6 613 703
0 40 28 2 419 616
27 47 7 5 266 467
29 46 20 1 333 523
55 4 28 7 559 689
53 20 19 7 544 769
64 3 17 7 367 582
40 61 24 2 486 714
74 19 22 7 423 575
72 20 21 7 256 548
23 47 9 2 245 331
61 45 7 2 631 724
76 79 9 5 410 593
2 72 8 6 536 794
18 12 10 6 470 635
58 73 27 3 365 505
99 33 26 7 452 721
14 87 25 4 470 575
70 43 15 3 532 717
79 2 17 3 214 306
18 83 26 4 279 341
92 78 10 4 366 617
92 55 7 2 428 619
74 72 9 6 566 764
37 44 7 4 299 458
10 5 24 6 599 669
2 69 27 3 324 422
21 25 5 6 389 495
26 24 18 1 669 730
87 11 17 7 584 791
99 65 11 6 234 475
95 19 13 7 485 591
38 74 12 1 274 406
11 66 14 1 469 643
73 72 5 7 414 533
88 40 21 3 561 676
58 70 28 1 455 654
46 55 14 5 480 562
40 3 16 2 377 443
68 8 17 7 423 697
75 22 11 7 486 669
48 47 25 3 614 776
17 68 28 5 512 696
78 60 28 2 282 453
21 39 11 2 278 447
7 6 16 4 244 378
5 82 23 4 312 432
34 18 27 5 390 546
63 76 22 4 536 750
35 61 27 7 467 623
27 90 7 2 234 346
81 56 11 1 330 517
42 90 19 6 393 642
50 18 28 3 494 749
51 13 17 2 310 536
70 61 19 2 235 481
79 25 13 3 557 775
19 11 7 7 345 525
40 12 7 5 524 796
3 69 5 3 404 690
81 72 18 6 473 747
33 55 22 1 258 553
69 81 29 2 263 462
87 71 10 2 278 424
74 21 16 2 398 572
51 79 25 6 278 525
52 55 12 1 349 641
6 6 14 1 693 796
34 89 26 3 343 404
1 10 20 6 539 736
99 76 30 2 611 751
72 80 18 2 453 745
71 92 30 1 635 703
6 10 13 7 494 698
64 94 23 7 279 513
40 6 29 7 515 653
62 51 5 6 505 663
31 21 29 7 294 395
92 2 29 1 219 348
41 74 12 6 591 709
6 11 29 1 416 515
70 44 22 3 302 397
91 65 12 1 536 794
18 68 6 4 237 525
33 88 24 7 351 567
85 23 11 7 206 381
85 87 15 2 287 456
52 74 26 4 392 550
63 89 10 7 698 784
19 61 10 4 611 742
61 29 21 5 238 323
20 47 10 7 305 410
26 16 30 6 316 528
16 80 30 6 262 411
48 82 12 1 616 747
41 55 23 7 338 442
79 11 11 6 264 515
65 85 27 4 579 736
71 96 25 5 363 538
14 10 7 1 363 478
32 67 21 5 365 585
29 9 27 1 242 337
56 0 24 1 306 570
34 100 17 2 493 563
23 31 6 5 437 583
69 65 8 4 538 633
46 88 21 2 499 621
25 60 7 7 591 668
79 9 28 4 609 733
75 79 26 7 644 770
9 31 22 1 328 397
75 40 8 6 565 747
