1863
68 69 0 0 0 0
72 30 25 4 553 731
81 77 17 7 486 659
55 58 12 4 577 651
31 92 22 6 303 426
54 52 25 5 203 405
22 67 25 3 576 789
78 93 26 4 223 395
89 78 24 6 570 638
8 18 24 7 439 645
64 73 10 3 275 532
64 40 16 5 509 725
90 45 21 7 333 529
2 54 5 2 424 562
87 62 14 2 493 627
43 74 21 7 332 631
38 95 8 7 593 771
52 38 10 2 424 572
92 93 30 7 531 698
71 21 11 2 386 581
27 2 26 4 288 375
83 14 19 6 440 710
93 37 18 5 301 364
18 79 6 2 524 591
38 28 12 4 471 666
34 98 13 6 467 666
25 11 28 7 392 665
48 59 20 6 365 558
4 4 26 3 434 716
1 4 29 4 464 681
78 16 9 3 674 758
87 13 12 2 575 731
80 84 6 3 571 640
33 82 25 2 502 625
28 35 10 3 266 558
54 47 24 7 580 776
100 44 24 3 404 687
45 92 12 3 226 434
92 36 19 4 594 714
90 85 17 7 364 491
38 11 26 7 399 600
44 92 22 3 412 580
36 99 15 7 629 690
38 31 12 7 662 779
29 41 27 2 494 578
36 47 20 1 570 731
39 46 23 3 366 569
82 4 30 4 506 633
9 12 25 6 421 525
58 3 10 2 496 565
74 14 5 7 269 506
72 86 12 6 491 582
25 58 25 4 444 593
13 15 25 6 427 619
93 77 15 2 447 599
65 67 13 4 456 524
6 56 19 1 583 682
56 50 13 3 367 566
57 94 24 6 444 530
72 94 18 2 407 601
33 60 14 4 222 468
10 80 19 5 648 762
97 90 26 7 428 674
14 95 16 5 527 614
12 70 10 2 478 735
72 19 10 3 602 800
96 92 19 7 363 517
76 9 6 4 488 769
60 30 29 1 453 550
5 95 11 6 561 745
49 22 8 4 213 487
17 51 5 4 380 500
99 21 21 3 494 566
19 9 30 7 523 611
91 57 28 2 230 331
88 7 27 6 343 438
18 71 27 5 371 538
80 93 26 6 207 294
93 65 21 3 536 765
56 55 13 2 255 367
98 16 14 5 384 605
0 28 20 4 344 628
56 26 19 7 325 388
13 99 28 1 606 671
59 60 26 5 493 672
18 52 9 6 499 786
64 95 14 1 390 469
72 77 14 3 295 507
98 95 16 7 341 570
70 55 27 3 306 553
81 20 8 5 284 446
38 50 6 2 482 745
61 70 9 2 272 461
50 82 5 5 240 495
43 100 27 6 266 418
46 72 9 5 292 454
22 17 10 5 566 711
8 85 25 2 232 494
47 47 29 7 515 690
86 29 21 3 220 505
88 99 21 6 545 678
38 79 18 1 324 533
78 19 14 3 223 459
83 76 9 6 611 793
58 39 13 7 292 527
80 13 28 3 224 358
34 67 25 5 533 607
44 11 19 4 460 743
59 38 22 3 477 636
26 83 7 2 470 716
63 62 22 7 615 693
75 95 17 6 443 689
12 1 29 2 590 756
71 100 7 5 333 507
35 75 17 6 265 426
72 50 24 4 205 370
90 61 14 1 301 456
35 9 21 4 514 748
88 11 15 5 481 610
54 32 16 7 588 674
76 72 7 6 320 413
31 82 26 6 445 742
47 31 30 6 220 380
81 47 12 2 244 397
88 46 8 6 463 604
60 76 18 6 576 752
34 43 12 4 328 411
10 59 23 2 275 386
18 49 27 2 479 575
98 59 19 4 401 661
22 69 13 5 485 680
57 7 27 5 323 579
39 21 19 5 393 639
79 23 9 6 473 715
69 81 25 5 372 447
100 23 9 1 476 692
10 74 28 1 472 712
89 42 13 4 358 521
83 2 18 1 323 528
35 88 5 1 284 531
46 95 9 1 416 544
67 88 25 7 327 502
65 15 5 5 262 424
59 0 6 5 356 619
11 68 10 6 411 672
98 75 30 3 415 525
58 12 6 4 367 587
69 46 16 6 357 642
92 74 10 2 649 777
17 30 28 3 322 397
12 7 22 6 238 343
54 8 9 7 386 497
42 79 27 4 280 342
24 95 26 3 541 692
60 34 17 6 520 752
84 85 12 6 641 733
70 14 13 1 531 716
32 95 29 7 570 658
63 73 29 1 443 558
73 30 19 5 237 365
16 93 30 7 603 718
3 93 29 1 218 299
31 4 5 5 252 530
80 24 14 1 270 445
69 82 10 7 548 710
96 87 18 7 433 703
0 52 10 1 285 508
27 93 10 7 338 421
69 49 7 2 277 510
12 72 26 3 202 290
70 42 15 3 520 624
42 4 22 2 377 485
7 68 22 4 308 498
59 23 9 2 597 770
37 61 16 2 297 537
78 76 17 4 375 551
97 79 14 7 380 675
46 41 26 7 217 297
43 77 25 7 269 513
58 16 10 3 471 754
77 21 22 3 488 628
39 16 13 4 483 581
50 62 27 7 580 716
31 96 17 2 420 624
8 14 17 1 327 543
35 56 20 7 457 652
81 9 23 3 533 756
89 65 29 3 277 400
56 82 9 2 564 750
47 81 18 3 494 757
96 41 24 5 478 666
40 9 6 5 409 629
19 68 29 3 261 457
65 64 19 6 299 461
25 57 12 4 514 640
92 89 7 3 532 648
59 78 17 5 511 716
79 53 25 5 215 307
44 60 29 2 489 727
8 75 13 4 250 328
92 1 10 5 312 549
29 67 15 4 323 472
16 80 22 1 344 585
92 81 11 7 546 643
49 1 8 4 618 695
68 100 7 6 516 711
64 90 27 6 223 480
0 68 24 6 262 455
55 33 13 6 394 689
43 45 18 5 441 679
27 64 29 7 434 655
98 13 27 5 351 644
88 77 16 4 337 508
22 2 5 4 344 593
3 77 30 6 654 783
35 44 21 5 265 368
23 66 27 2 237 499
96 82 19 2 392 566
4 70 5 2 396 679
84 87 30 5 294 509
25 12 25 1 315 383
100 49 30 3 628 785
79 77 12 4 592 704
70 26 28 2 430 641
98 71 24 4 489 624
45 44 17 3 423 591
30 43 24 3 485 557
29 69 22 3 276 565
32 53 30 6 462 684
15 62 22 1 585 750
19 7 9 3 489 594
53 85 6 5 582 681
22 91 24 4 485 760
65 22 5 7 274 472
40 18 14 1 219 311
37 77 18 2 368 567
2 19 7 5 556 750
60 39 20 1 366 428
15 38 9 3 432 593
82 12 12 7 705 765
43 42 6 3 456 579
43 99 19 2 537 668
29 95 11 7 419 529
19 32 13 4 493 684
52 37 12 4 409 569
99 97 26 7 361 442
72 59 29 5 601 777
15 18 13 2 457 680
61 14 29 6 608 727
43 47 8 2 405 530
57 32 29 7 363 490
50 10 6 6 313 448
84 11 7 3 691 800
46 44 7 6 315 550
50 85 16 2 281 525
68 7 14 1 293 448
30 39 6 5 430 506
10 38 11 5 390 582
69 71 19 4 443 546
12 58 28 6 709 774
9 40 7 3 397 555
31 78 26 4 425 709
29 11 5 2 486 568
52 6 10 7 277 556
50 58 21 6 453 645
7 10 15 7 663 782
24 91 6 2 320 420
65 19 12 5 224 485
30 30 29 4 403 512
59 87 15 2 629 738
24 99 20 6 559 740
90 77 21 7 345 559
24 51 26 7 349 511
78 48 15 3 400 655
60 67 26 4 410 635
67 73 20 4 645 736
57 86 11 7 533 758
70 82 11 6 227 473
8 78 29 1 456 711
84 62 19 6 444 696
18 37 28 5 285 457
43 43 18 5 508 696
15 98 16 3 660 782
59 37 26 2 566 728
81 0 22 4 437 539
5 11 26 5 609 773
4 18 9 3 241 479
39 1 27 6 605 715
79 94 18 1 424 716
77 38 15 4 353 501
56 84 29 3 503 632
53 2 29 2 336 532
56 33 8 3 482 779
92 47 23 7 437 719
83 68 18 5 229 429
5 4 12 1 379 525
100 12 15 6 247 425
17 70 13 2 239 424
37 56 16 3 287 545
70 13 27 6 352 645
37 24 26 6 333 483
80 68 10 5 395 566
90 7 23 7 484 557
88 16 7 5 294 506
5 31 26 1 500 766
97 54 28 4 259 535
50 73 15 6 256 336
2 69 28 4 419 587
70 83 15 7 586 785
20 82 19 2 229 513
92 95 13 2 269 359
17 43 28 7 608 783
2 7 30 3 583 750
92 32 24 1 275 509
48 33 16 1 493 583
36 38 14 7 313 446
99 80 25 5 486 708
58 67 29 5 467 559
40 89 15 2 363 603
44 78 5 6 494 561
11 86 13 7 619 763
67 14 18 4 306 381
76 28 19 3 212 361
63 40 8 5 562 665
97 76 13 2 290 468
65 16 17 5 232 438
45 34 7 6 223 406
44 89 23 2 336 629
26 63 18 3 664 744
80 27 25 6 536 616
53 83 27 5 478 595
68 28 6 5 421 577
58 90 17 3 474 763
25 99 20 3 534 742
24 21 17 3 699 784
98 31 7 5 357 423
56 8 30 4 650 743
71 54 7 3 703 781
75 80 5 2 456 698
75 74 7 4 635 788
64 57 27 5 591 697
54 61 30 2 428 491
27 72 27 4 633 736
99 98 14 5 484 736
1 18 26 7 563 656
31 64 5 7 329 492
9 46 25 6 610 737
4 38 23 7 716 779
27 98 25 1 540 602
54 65 27 6 541 670
39 0 25 1 394 554
42 39 19 6 421 498
37 30 9 4 457 730
14 45 5 4 463 554
68 83 22 1 378 646
55 35 14 2 716 799
78 56 15 5 520 707
55 48 24 5 581 691
35 76 11 6 566 787
78 3 11 2 492 632
100 54 14 4 544 673
50 14 5 1 499 722
87 100 17 3 473 758
63 59 18 1 572 762
86 15 11 3 215 349
73 65 14 5 387 546
5 80 9 3 293 461
61 51 15 2 241 501
13 21 22 7 403 565
10 87 28 2 626 788
8 96 24 7 363 550
49 71 14 5 559 649
48 29 27 6 271 516
53 16 12 2 253 438
48 68 9 1 647 717
99 72 25 2 519 605
45 93 14 4 250 456
74 4 29 4 436 701
0 29 14 2 460 532
3 44 13 1 270 514
96 40 9 5 371 634
77 72 27 4 441 677
18 35 6 6 386 627
6 46 6 5 235 367
22 60 22 7 251 435
22 61 12 6 319 518
6 99 5 5 653 773
10 91 15 5 585 735
96 53 18 1 369 489
44 36 22 6 608 798
32 19 17 5 427 532
56 30 20 7 625 707
26 10 19 2 398 695
74 95 24 3 425 507
32 62 7 5 645 731
62 65 25 2 554 702
0 21 26 7 563 778
74 61 13 7 237 411
47 95 15 4 205 476
83 49 5 4 365 621
11 26 6 3 582 727
80 18 29 1 238 355
91 87 6 7 402 610
7 12 19 2 677 795
44 54 16 2 385 478
61 41 30 4 323 545
48 6 16 6 342 572
27 87 28 1 313 406
16 21 26 2 244 306
41 18 9 1 502 619
13 6 13 1 427 515
19 62 19 5 617 738
46 3 20 6 273 480
34 12 20 1 520 671
15 92 30 3 291 423
55 37 18 5 569 748
81 57 19 3 714 796
82 8 19 4 339 421
22 26 12 5 497 642
69 97 19 5 236 523
74 49 6 2 487 773
27 53 18 5 433 560
38 81 15 1 294 425
1 68 5 7 259 328
2 3 24 3 498 562
98 26 21 5 537 643
44 85 24 4 436 503
61 21 29 5 631 788
69 89 23 2 575 652
39 42 24 6 224 341
85 64 17 2 352 418
73 20 11 1 355 506
42 42 15 2 461 752
91 56 8 5 549 735
22 85 8 3 248 403
96 97 16 3 300 417
84 0 27 5 302 411
81 56 6 2 422 551
63 99 28 6 338 459
9 57 26 1 322 465
63 95 11 1 388 480
42 13 7 4 324 405
32 39 12 4 273 565
15 4 30 3 242 453
55 90 8 1 308 570
56 6 21 3 488 621
31 56 30 3 574 676
98 22 27 4 359 528
42 30 9 6 518 787
66 32 17 2 570 772
97 50 15 3 346 612
6 33 26 1 407 512
77 10 11 5 479 559
60 43 13 4 547 635
70 16 16 3 436 541
82 9 21 2 357 595
63 48 7 7 301 553
1 86 9 6 574 779
95 87 23 4 328 587
1 32 7 2 387 587
80 41 16 5 251 542
25 21 19 6 329 496
34 100 24 5 274 359
0 92 5 2 252 530
42 25 19 1 215 476
35 55 18 6 323 589
29 50 16 6 298 598
59 22 7 7 458 661
4 10 29 7 517 718
21 58 7 2 309 474
85 72 13 1 387 616
97 4 26 1 344 603
34 3 16 4 649 780
81 100 23 1 370 651
50 40 18 2 413 551
36 13 14 7 523 769
92 65 7 5 207 349
82 81 10 4 381 448
90 33 30 3 353 574
5 55 27 7 663 724
84 55 29 5 382 590
93 23 18 6 473 676
31 6 24 7 333 607
33 57 13 7 548 701
79 82 15 4 468 623
20 68 5 3 448 577
82 54 25 6 527 729
67 20 18 5 446 636
53 13 18 7 294 591
97 49 6 6 507 583
46 11 23 5 574 703
19 52 7 6 426 639
80 8 23 5 255 449
5 61 17 5 656 729
98 21 25 6 288 366
13 72 15 3 394 634
59 46 26 7 213 367
59 49 11 4 345 618
52 24 19 2 248 546
96 75 21 3 533 613
32 96 12 5 441 679
63 67 8 2 267 564
6 65 23 2 465 538
67 53 30 7 444 527
93 49 15 3 440 577
42 76 19 3 456 695
66 17 7 6 236 472
15 100 30 5 514 663
0 47 17 1 264 407
22 46 20 4 577 762
40 17 24 3 205 270
40 34 6 2 396 484
40 1 7 5 405 651
91 66 24 4 558 723
87 47 28 4 424 669
31 53 22 5 536 800
52 26 16 4 294 458
3 68 19 1 252 354
70 43 13 4 436 673
11 41 7 6 555 674
39 53 21 5 533 763
23 73 5 2 379 486
33 28 13 7 407 581
28 44 22 3 492 613
10 39 24 2 340 510
9 42 12 5 644 760
92 34 10 5 200 400
3 35 20 2 351 595
98 7 23 5 210 420
15 80 25 7 216 488
29 62 29 5 612 790
3 64 28 5 499 753
33 44 13 4 327 490
55 63 29 6 523 716
42 16 12 2 360 635
63 32 26 4 440 608
56 91 12 1 501 709
100 64 5 4 518 640
76 33 11 2 560 779
61 26 30 5 395 589
73 58 8 7 207 457
58 52 14 7 283 460
60 17 23 7 615 685
21 16 10 7 624 744
66 51 15 1 463 618
8 61 7 2 606 672
53 34 23 2 714 783
72 12 8 5 230 296
42 93 21 3 521 679
16 79 23 3 627 699
91 18 14 7 307 492
65 53 6 3 244 514
1 66 18 4 403 680
24 41 12 1 443 728
44 4 14 5 309 546
20 59 16 2 358 491
38 15 20 7 599 760
63 86 15 5 493 555
39 38 6 3 362 456
82 7 17 3 293 447
97 22 26 3 551 740
45 78 9 7 550 642
54 48 10 6 526 586
73 76 21 3 649 781
44 24 15 5 243 363
51 25 29 4 570 677
51 16 5 6 506 755
50 29 17 4 332 556
76 84 29 7 599 695
72 56 26 2 506 676
98 11 26 6 489 706
10 26 27 1 471 568
99 15 10 2 510 676
50 17 30 4 490 604
69 6 8 3 216 343
79 42 21 2 213 305
54 53 11 3 336 412
73 15 27 2 437 685
73 21 26 6 264 427
50 64 9 3 399 617
69 35 23 7 520 582
90 24 22 3 205 428
35 49 24 6 483 706
89 0 16 5 610 702
52 25 20 3 423 623
31 12 10 3 467 754
89 36 8 7 679 775
6 40 27 3 379 571
93 92 18 5 214 477
54 95 28 3 386 572
62 75 5 1 680 759
55 78 25 7 443 567
67 6 29 6 527 607
19 29 26 2 388 580
85 76 9 4 253 411
13 4 21 6 502 654
15 83 27 5 304 466
55 56 29 3 655 746
67 81 14 2 343 507
93 50 17 1 526 723
43 7 16 6 483 651
90 97 18 7 289 382
87 99 13 5 561 761
26 85 20 4 571 671
65 27 24 1 645 762
7 45 27 1 503 774
46 97 8 2 478 757
16 0 16 5 422 555
31 60 7 6 274 567
29 55 12 7 509 602
87 90 19 1 452 717
49 88 28 2 416 666
98 78 5 6 419 665
31 28 17 3 265 379
92 84 26 1 409 569
22 45 25 5 314 443
17 50 22 7 381 480
72 99 23 6 511 735
44 81 21 1 402 643
6 17 28 4 207 286
82 27 16 5 214 338
34 81 21 3 275 568
76 85 17 2 670 741
32 10 15 6 399 619
28 15 24 7 248 465
90 92 19 3 642 724
5 60 8 4 429 651
100 81 17 4 544 657
21 51 13 6 466 571
96 24 15 6 479 611
38 26 15 5 432 628
62 69 28 4 276 538
13 12 20 1 631 739
72 57 27 4 617 787
9 41 28 5 322 436
21 74 30 6 432 721
13 74 12 7 655 779
84 84 28 2 649 765
0 27 30 2 536 784
98 12 27 5 374 573
1 43 6 5 335 444
24 52 29 7 245 539
6 45 17 7 240 330
40 10 12 1 284 399
71 39 20 2 677 793
35 69 10 5 299 444
51 71 18 1 512 654
67 56 13 6 376 527
86 64 20 3 454 625
23 46 25 5 315 446
32 72 12 2 403 685
15 28 13 7 369 458
66 74 17 7 523 755
43 56 9 3 519 610
86 47 23 1 632 759
82 45 26 6 685 767
37 0 15 1 364 486
67 72 17 7 538 710
40 64 5 4 228 423
38 78 25 7 306 586
9 82 19 6 596 758
87 78 28 2 284 449
19 39 29 4 385 653
1 39 27 3 479 689
99 17 30 2 501 645
82 68 18 3 227 495
45 63 13 3 476 748
17 10 29 6 529 724
87 96 15 5 503 725
52 45 24 3 594 666
67 1 7 5 415 646
23 21 19 4 294 374
24 61 17 1 281 431
66 3 28 2 620 730
100 38 19 3 271 360
90 44 22 6 382 610
81 39 21 1 225 410
12 37 11 5 215 275
66 49 8 2 490 643
13 73 23 1 531 749
1 24 8 4 256 402
67 92 5 4 518 581
24 34 29 3 435 501
98 89 13 4 214 449
37 60 25 4 488 658
55 16 20 4 591 787
94 81 30 7 219 438
19 93 20 2 427 504
37 6 28 6 526 711
17 0 23 3 387 468
95 34 22 6 299 359
82 22 26 5 541 727
82 6 27 1 462 649
3 75 25 1 260 533
44 42 19 5 401 694
95 2 12 7 402 530
88 79 17 3 274 528
6 27 18 1 386 677
75 66 29 2 576 714
36 10 24 3 465 562
57 48 13 3 494 677
100 80 13 7 528 594
13 13 16 2 428 628
28 41 28 5 290 511
86 79 5 3 332 428
25 55 15 4 644 723
64 61 19 7 220 297
85 54 15 4 305 487
32 74 21 3 360 601
47 21 20 7 397 628
90 41 14 3 213 406
12 10 24 7 556 792
48 71 30 7 649 787
3 18 11 7 337 598
34 36 18 4 289 360
94 40 28 4 356 568
88 84 16 5 450 700
93 1 17 5 463 757
33 50 26 4 332 470
0 34 19 3 387 667
23 95 6 3 456 576
52 44 29 6 384 505
6 75 7 6 577 747
82 99 29 4 388 484
44 49 20 5 649 734
71 78 28 1 308 375
29 21 26 5 286 433
64 81 7 2 653 771
38 7 20 5 478 645
67 13 9 6 478 566
20 26 24 1 482 543
26 70 27 5 213 364
95 25 5 1 640 754
85 22 26 2 634 761
1 90 16 6 512 635
45 0 25 3 345 477
24 17 24 2 549 656
16 68 28 1 611 679
23 77 18 6 501 724
3 76 17 5 257 520
77 65 11 3 647 763
89 11 5 1 228 384
33 24 25 4 611 764
72 58 14 1 559 709
93 41 14 5 407 497
51 63 19 1 431 516
67 26 28 1 295 578
20 33 16 6 269 406
89 31 9 7 341 475
42 46 28 4 446 701
39 22 7 7 553 616
24 71 7 5 275 451
74 44 18 3 494 701
74 67 10 5 329 410
40 73 29 3 554 681
49 52 28 4 326 531
3 31 8 1 276 465
89 64 19 3 245 403
92 100 28 7 264 560
81 7 12 1 295 393
54 28 19 2 510 681
46 28 5 4 421 545
61 100 21 1 628 793
3 89 26 7 631 769
87 5 26 3 316 446
27 32 27 7 443 715
66 98 15 6 337 417
62 92 27 6 400 502
91 76 30 6 487 761
79 89 25 2 210 420
70 65 23 6 322 486
54 20 9 1 320 466
58 77 27 6 539 779
9 23 10 4 479 696
90 13 30 4 324 527
13 1 19 6 568 738
82 51 21 1 245 355
59 8 9 4 419 671
8 86 14 6 699 771
14 21 8 1 220 359
64 91 11 7 251 446
37 42 25 3 393 683
64 78 7 2 491 558
80 9 30 6 520 769
14 51 21 5 524 719
74 5 28 1 244 516
36 17 18 5 671 790
47 33 18 6 511 774
92 27 15 3 367 446
0 66 28 6 216 481
15 95 10 1 218 403
18 40 26 4 329 409
88 49 17 5 535 632
97 86 13 3 295 595
27 86 7 3 611 766
30 6 12 2 490 575
34 29 6 3 341 404
45 47 6 5 393 594
14 74 18 5 360 631
21 33 20 2 409 587
36 56 14 2 450 610
13 61 16 1 479 577
50 86 17 1 566 702
14 70 20 1 631 698
37 71 9 6 336 582
57 89 7 3 530 654
45 77 10 5 602 680
58 42 24 7 239 478
6 78 16 7 456 696
37 13 9 3 299 473
33 72 26 5 338 619
91 83 27 7 300 443
20 12 26 2 523 640
59 55 17 6 512 709
96 54 26 4 252 344
93 30 8 5 469 573
54 0 24 1 239 409
51 36 6 2 225 285
49 89 21 6 318 494
73 60 9 5 323 501
42 69 22 3 520 648
46 2 7 5 476 766
40 75 8 7 235 400
11 0 20 3 343 506
57 73 20 1 226 396
57 87 13 2 455 670
59 48 27 1 213 501
66 12 20 2 241 502
20 80 22 1 393 554
99 29 18 4 437 650
55 47 9 6 442 554
97 82 26 5 538 711
2 94 14 6 361 537
55 99 22 5 295 482
95 86 12 7 483 582
95 65 8 2 621 711
1 62 25 7 484 759
57 21 20 5 625 755
23 19 22 1 581 655
75 79 21 2 368 662
79 14 19 1 411 633
84 46 18 2 576 705
77 51 25 5 434 710
67 59 11 5 381 483
20 85 18 4 366 599
16 31 29 4 531 750
86 82 18 2 204 401
1 1 13 6 501 595
78 99 19 6 349 613
28 86 28 2 308 429
65 98 16 4 398 576
13 54 21 5 558 668
80 72 14 7 387 462
30 79 27 2 253 320
87 10 16 4 423 615
82 90 24 3 631 750
92 30 29 6 590 795
82 43 26 3 226 464
94 2 25 2 328 399
90 50 12 1 200 375
47 71 30 1 442 729
42 21 29 4 227 320
71 40 15 3 593 693
30 50 11 7 581 660
45 3 20 4 327 545
89 33 14 5 277 466
87 71 6 2 377 505
35 87 14 5 290 364
60 24 24 5 544 762
96 43 20 6 289 548
60 35 7 2 674 746
8 30 18 4 708 785
43 54 29 2 534 596
15 21 27 7 224 345
43 80 17 3 462 636
78 25 28 2 536 611
2 55 8 5 486 750
50 26 20 6 330 507
13 14 13 6 242 536
99 19 23 2 217 469
34 91 15 2 259 539
85 5 27 3 563 667
83 71 20 7 436 726
3 84 19 7 222 463
55 61 14 4 500 581
84 50 5 3 315 546
29 60 22 5 516 675
49 11 18 4 430 718
4 59 19 7 307 474
31 48 21 2 513 637
81 23 30 4 536 711
73 74 12 4 233 480
75 13 23 2 372 510
62 47 25 6 514 652
71 71 15 2 456 525
60 61 28 1 270 430
48 93 17 6 424 708
94 68 12 3 575 710
59 56 11 5 488 651
61 24 30 3 473 574
40 69 29 1 307 526
40 20 18 6 494 681
93 48 17 2 494 741
45 30 13 4 418 509
2 10 10 3 438 631
74 16 22 6 209 300
68 53 15 6 249 336
49 72 21 3 218 455
46 51 29 1 470 575
63 19 16 2 624 703
23 13 15 1 631 762
74 82 15 6 462 739
68 18 5 3 248 524
14 80 22 1 347 546
47 13 30 3 570 755
57 47 20 7 226 424
24 24 20 6 233 390
69 62 27 2 445 728
34 96 18 2 605 743
35 19 25 4 421 559
56 77 15 1 315 564
13 60 14 5 352 450
2 52 9 4 333 541
23 10 27 5 360 492
9 47 29 7 225 509
50 24 24 4 664 788
4 33 21 2 221 327
37 86 5 2 352 453
62 54 5 5 320 420
26 20 30 4 363 616
5 46 11 4 491 627
61 87 7 2 342 480
39 27 12 3 354 533
30 96 7 1 386 632
86 81 22 5 684 772
17 6 24 7 594 754
37 87 28 3 590 682
21 13 17 5 422 685
96 59 25 6 495 613
11 74 13 3 262 425
53 53 7 5 686 749
33 73 6 6 445 529
83 23 18 1 604 704
2 88 25 5 337 509
27 81 8 3 322 584
10 47 15 1 320 449
4 92 10 4 395 594
30 91 27 4 622 685
79 86 25 1 485 569
80 62 15 6 270 339
91 89 29 2 320 531
46 53 25 7 454 726
20 100 22 7 229 372
22 54 7 7 249 333
70 19 30 6 468 568
99 42 30 1 419 663
16 38 17 6 322 594
32 36 17 2 426 614
93 46 9 4 345 468
10 25 14 1 401 641
11 13 27 6 309 441
40 57 24 3 473 751
98 15 27 7 248 537
93 27 18 3 590 686
12 53 20 6 366 584
100 19 19 3 293 363
45 37 29 7 300 489
97 27 8 7 427 682
30 49 23 1 323 581
4 8 9 4 466 573
77 23 11 7 454 523
84 74 14 1 399 466
52 93 28 2 335 437
55 94 21 2 632 792
47 7 25 4 475 763
82 42 9 2 327 577
84 53 15 6 394 591
18 95 23 3 589 764
31 95 21 1 556 632
74 91 5 4 209 277
14 37 9 1 365 589
74 45 25 2 532 712
51 12 15 2 603 709
21 48 14 3 225 384
64 99 13 5 448 523
28 51 12 2 390 547
29 80 15 4 375 597
81 4 9 3 297 522
34 4 7 4 536 781
80 50 19 3 425 614
44 91 20 2 429 541
10 12 17 7 491 595
41 84 15 5 252 536
34 39 10 7 223 392
48 74 27 3 481 596
100 4 7 4 676 746
37 50 8 4 460 528
84 33 30 7 336 465
6 96 11 1 328 398
21 14 25 2 409 645
22 18 29 5 315 576
65 62 7 6 551 673
21 84 17 1 252 334
99 85 8 5 543 693
31 14 20 5 358 567
41 93 7 5 335 519
34 93 24 4 532 697
28 79 16 4 300 466
14 78 24 1 312 452
83 59 30 6 201 293
59 81 16 2 485 575
43 31 29 3 623 762
16 52 12 4 603 773
3 65 7 7 637 759
0 79 5 3 539 758
96 2 22 3 466 736
79 65 17 3 573 709
45 98 8 3 435 615
68 76 15 4 466 600
99 36 7 6 236 486
36 55 18 5 210 416
74 13 11 5 400 557
94 12 29 5 612 734
22 52 14 6 220 412
38 71 12 2 412 609
48 86 7 3 262 440
7 31 15 5 527 593
56 0 29 3 562 639
98 67 28 4 385 593
76 76 17 4 414 485
7 21 29 2 207 501
11 37 29 2 577 795
11 53 30 7 322 510
86 12 23 7 410 554
17 44 7 1 361 545
55 26 18 5 235 331
86 95 30 1 311 568
70 56 9 2 519 579
32 5 12 7 226 344
21 80 12 5 237 476
28 69 25 7 233 464
63 22 28 6 382 538
43 82 16 7 311 440
21 53 14 6 255 370
57 22 21 4 422 514
34 72 27 4 355 561
64 67 15 6 578 691
52 58 16 5 402 539
72 11 14 6 250 443
69 93 13 7 384 517
94 51 9 1 329 506
82 23 26 5 423 503
33 59 24 7 322 444
89 13 22 6 613 705
8 19 18 4 585 726
82 16 19 7 373 559
88 43 29 4 451 728
65 50 27 1 206 353
42 58 17 1 277 438
14 83 20 4 333 541
24 57 13 4 231 367
46 86 21 5 607 764
21 9 14 6 594 770
84 60 15 2 529 628
1 48 23 3 348 514
46 94 8 2 436 621
52 29 16 3 310 566
61 37 11 7 433 548
45 42 20 7 328 486
72 97 15 5 498 662
89 34 6 5 454 656
51 79 18 3 487 756
13 78 18 6 235 391
49 91 17 6 219 352
92 75 27 6 298 379
64 55 13 4 203 401
50 47 26 7 419 608
85 33 7 2 515 759
73 84 19 4 288 483
14 98 26 4 449 586
62 36 19 5 334 565
68 61 5 1 373 639
1 56 13 1 338 412
77 66 6 1 359 440
45 21 27 5 305 571
71 2 10 6 271 504
25 91 29 2 625 701
27 8 21 3 220 390
97 37 12 7 347 516
77 64 30 2 235 405
89 9 5 6 347 415
74 72 18 6 528 774
8 28 14 2 402 594
32 17 19 2 243 437
85 56 16 2 383 450
73 81 14 2 395 649
59 94 22 7 489 731
43 61 18 2 566 656
66 4 29 2 629 711
28 85 28 5 300 488
11 77 5 2 233 492
23 37 29 3 615 676
42 75 14 2 544 722
72 37 14 7 249 524
17 28 18 3 491 665
90 99 8 7 202 392
77 50 25 1 352 521
59 41 7 3 232 400
36 68 15 3 352 489
61 30 23 7 211 503
63 88 17 2 261 421
83 75 19 4 379 483
73 42 15 2 627 744
74 63 7 7 440 627
71 3 9 4 264 551
68 15 9 2 649 738
33 27 18 6 243 501
11 70 27 6 359 503
73 22 24 4 244 336
92 57 18 2 318 450
75 64 18 3 674 767
85 69 16 4 695 784
8 64 26 3 353 628
7 78 11 5 591 741
87 94 21 7 429 588
45 41 18 5 285 381
43 73 5 7 465 530
75 89 5 5 216 310
98 1 21 1 509 596
0 20 28 1 418 612
61 27 29 1 442 591
94 23 6 4 654 787
75 98 6 6 228 345
57 13 22 6 716 799
49 80 24 2 484 772
1 60 11 4 228 512
11 25 18 2 655 765
48 26 12 2 375 657
15 93 8 6 611 710
21 60 12 5 344 639
78 13 26 5 494 727
60 20 22 1 594 690
70 86 28 5 482 778
45 70 17 4 382 498
72 7 24 2 575 654
68 86 29 7 479 624
45 26 6 2 298 483
26 19 19 1 557 630
45 25 6 3 226 314
19 41 16 7 239 411
51 91 30 4 496 770
45 8 6 2 608 675
94 48 23 3 680 788
13 71 29 3 438 674
26 90 6 7 599 661
9 44 5 5 475 725
23 22 22 2 298 491
8 40 14 5 367 602
37 94 11 5 665 727
76 58 25 6 593 710
96 6 11 7 536 797
94 53 22 4 589 739
33 29 13 2 372 565
3 20 24 5 260 409
99 16 20 5 373 618
2 27 30 1 503 709
45 51 30 1 399 500
0 95 6 3 212 417
93 91 8 2 273 355
100 41 20 2 466 706
36 22 30 3 326 483
29 47 28 3 568 678
67 98 11 7 601 669
83 29 22 7 229 435
39 39 13 6 555 641
48 51 25 4 643 731
53 32 10 6 328 481
48 72 6 3 649 776
37 49 18 2 419 619
12 4 18 6 323 519
27 49 17 3 500 566
22 86 10 2 573 633
3 94 6 4 239 425
37 64 21 1 372 590
46 100 25 5 315 403
48 58 11 6 418 478
43 40 10 7 470 722
95 4 30 1 583 695
89 83 8 1 571 751
1 27 25 7 555 647
10 4 30 7 328 424
47 29 19 3 237 298
99 79 25 7 471 690
9 78 29 4 449 636
12 64 7 7 522 797
56 45 12 7 320 419
44 14 8 2 612 769
7 98 21 5 299 384
100 62 7 1 392 601
10 40 26 3 287 525
11 89 11 2 304 554
17 76 20 3 368 620
36 80 19 7 579 682
22 77 17 4 550 687
92 44 26 2 567 718
2 78 28 2 641 765
9 92 6 2 257 335
31 51 23 2 620 747
10 79 12 6 468 765
59 59 6 5 456 684
16 24 21 4 492 566
92 54 19 3 265 347
20 52 27 4 490 631
39 100 13 3 625 787
54 4 25 6 265 479
35 29 14 2 332 574
12 77 16 7 375 438
85 16 12 5 387 649
77 91 29 2 527 784
81 12 7 6 432 715
62 58 28 6 352 573
29 4 13 6 485 658
25 38 14 3 344 487
90 4 13 5 365 550
17 20 21 6 280 357
46 83 14 4 430 670
71 68 10 5 643 757
47 24 24 7 675 748
78 84 14 3 453 535
98 48 15 5 244 525
52 92 22 1 364 553
61 64 13 7 485 683
20 19 12 2 415 580
86 49 29 6 641 701
59 4 27 7 447 654
63 29 21 2 334 595
93 57 24 3 408 656
28 46 20 6 544 729
97 19 7 4 569 662
93 95 5 3 214 279
35 42 27 1 365 449
49 66 19 4 449 653
9 81 18 6 230 379
44 47 30 6 589 677
74 8 8 5 724 790
12 56 30 4 503 736
7 92 6 6 300 420
67 63 23 6 228 489
87 14 23 4 311 574
50 57 10 7 323 432
38 96 5 2 308 569
97 60 16 7 541 679
92 14 26 5 234 447
72 31 16 2 295 453
68 89 13 5 522 671
24 100 22 7 458 746
24 97 6 6 568 636
93 81 8 2 522 631
36 48 20 2 347 481
74 76 25 4 270 500
92 71 7 3 396 684
8 71 7 2 397 644
88 98 18 1 364 661
38 27 19 4 544 658
75 17 15 5 394 608
43 83 20 3 368 658
13 66 10 6 277 348
12 86 18 3 239 311
15 32 22 5 309 391
37 57 13 3 562 686
94 4 15 1 401 616
86 9 23 5 552 635
9 48 13 2 436 733
84 76 29 4 510 693
25 7 11 2 380 574
56 90 27 4 558 764
63 90 12 7 411 580
26 98 6 1 577 726
22 43 18 1 429 682
31 91 30 1 502 779
15 20 10 3 400 700
71 94 30 5 459 558
21 4 14 6 222 451
57 77 9 5 329 564
7 85 22 7 287 347
86 86 11 7 521 675
29 35 9 5 553 665
55 53 15 7 354 494
84 18 20 1 482 578
30 34 9 1 394 576
69 76 8 4 452 646
19 94 12 6 431 677
94 47 28 3 608 734
33 54 21 4 222 416
51 26 5 3 577 649
86 24 16 7 528 725
25 22 18 5 541 683
96 48 9 1 353 575
88 51 23 4 705 799
35 92 27 6 590 730
6 13 16 4 350 564
47 9 27 1 508 670
41 39 28 5 533 671
0 2 17 4 277 471
31 72 22 5 499 771
57 93 28 2 462 555
2 22 28 5 206 372
13 80 10 5 470 556
27 62 7 2 368 533
50 39 9 4 209 469
57 52 13 5 655 752
71 18 13 7 534 773
93 32 27 3 294 520
52 46 18 5 209 293
80 87 23 3 250 476
30 97 27 3 409 486
59 90 29 1 544 791
24 81 15 5 531 681
51 87 29 4 604 761
2 65 6 5 673 737
55 11 12 2 441 646
31 63 7 1 369 475
82 98 19 3 483 548
41 66 29 3 322 402
46 69 21 3 502 582
77 12 8 1 610 701
100 99 17 5 597 705
19 15 12 1 226 389
53 79 14 7 643 746
99 47 10 5 640 772
15 6 21 1 284 404
32 4 8 7 209 325
86 4 19 6 367 490
66 23 15 2 483 678
22 90 17 7 256 339
36 70 29 3 360 623
56 71 20 6 265 354
78 66 7 6 221 489
3 80 9 4 520 624
87 45 30 6 356 620
64 62 21 6 237 399
87 51 15 3 393 668
28 97 5 2 313 469
96 16 15 6 485 554
14 9 9 5 305 568
78 42 10 1 324 452
93 33 23 1 624 686
53 36 10 4 224 359
60 88 16 7 290 470
39 30 23 6 412 481
14 36 13 5 271 509
72 24 9 2 200 402
81 90 21 2 467 613
54 92 12 2 476 674
52 3 11 4 532 779
63 7 23 3 409 621
100 1 23 2 575 770
83 72 7 1 476 563
96 89 16 7 460 653
93 9 25 6 632 703
12 74 21 2 294 593
52 63 13 7 360 633
94 8 29 4 260 390
49 26 15 7 398 520
81 91 28 5 363 631
76 98 8 1 425 634
56 48 13 1 713 783
61 25 21 7 231 480
89 88 10 3 590 751
16 88 23 4 260 353
77 58 9 6 312 411
83 86 16 3 249 458
19 34 6 2 257 391
86 43 15 4 201 462
32 94 16 7 215 321
21 42 13 5 647 792
19 98 19 6 359 593
71 82 13 1 311 423
15 5 10 4 434 520
81 19 13 1 504 670
19 45 27 2 243 433
86 93 6 4 325 503
92 29 29 4 409 565
62 41 20 2 323 463
56 35 26 6 392 477
0 80 26 1 344 499
14 85 23 7 308 406
97 71 11 6 373 534
11 16 14 3 282 357
31 20 26 1 487 601
59 39 8 6 592 748
70 90 13 2 265 349
73 28 5 4 437 544
30 19 22 4 556 632
37 35 6 4 216 372
33 66 26 2 678 780
28 89 6 7 602 732
2 44 27 6 711 771
71 60 18 1 450 666
60 26 12 1 613 744
31 86 30 5 598 772
26 61 7 6 585 681
83 63 5 3 458 757
77 15 6 4 251 486
60 82 21 6 703 775
73 16 19 3 209 367
94 86 27 6 409 469
20 30 9 6 325 450
78 98 10 1 315 481
10 10 24 7 567 664
32 12 19 7 469 669
94 39 8 2 409 639
64 69 19 2 364 531
46 57 19 7 224 399
90 40 28 3 260 459
75 34 23 4 286 546
61 63 20 5 369 550
62 67 6 6 379 516
65 39 29 6 252 521
53 93 12 1 517 758
42 84 26 7 428 667
18 24 25 3 402 544
88 3 12 3 311 477
18 42 20 1 551 743
86 37 26 5 539 782
70 78 8 5 362 599
90 95 16 4 609 782
49 31 7 3 236 405
50 78 29 2 531 738
48 91 22 4 356 630
76 46 8 7 307 556
85 93 20 1 301 476
51 43 30 3 648 729
83 82 26 2 502 589
21 73 6 1 636 712
68 22 29 3 510 746
50 11 19 1 486 782
69 78 5 1 403 551
16 81 8 5 250 453
69 67 27 7 232 492
68 2 14 7 425 596
62 16 7 3 317 602
12 97 18 6 674 783
98 82 10 3 367 656
37 62 28 3 556 671
6 85 30 5 359 577
28 66 21 4 310 563
69 12 10 5 557 656
34 51 17 2 511 589
88 55 8 3 577 671
64 43 13 6 537 602
89 40 10 4 266 364
7 3 18 2 415 570
79 93 24 7 619 736
32 54 5 5 389 497
9 6 11 2 328 469
15 33 6 2 322 406
90 74 7 3 231 413
83 60 23 4 392 577
79 40 25 4 467 527
5 98 30 2 311 555
21 34 20 5 547 756
27 75 7 5 502 604
64 82 29 2 415 556
12 9 8 5 347 477
97 23 15 5 265 508
78 0 19 3 500 598
26 56 21 5 554 744
53 8 18 1 217 513
33 49 24 1 571 646
2 83 12 2 257 415
37 67 12 2 233 499
83 4 24 5 509 699
7 86 9 7 437 640
21 11 12 5 423 498
44 1 20 6 451 598
56 27 16 3 241 343
36 53 14 1 350 439
37 88 8 6 514 796
80 7 12 5 523 754
74 55 29 5 398 604
96 3 7 4 301 532
29 85 19 6 548 728
65 26 15 6 516 677
68 46 29 6 515 713
53 68 12 1 338 604
98 19 24 6 654 750
67 19 6 5 632 765
79 46 7 4 277 452
5 56 21 7 465 653
79 8 24 6 321 542
55 83 15 5 640 760
49 14 26 5 325 565
94 76 7 6 560 642
81 54 27 2 304 573
30 70 21 6 438 524
9 88 16 1 321 604
35 48 12 2 228 320
69 94 20 6 491 771
59 68 25 2 493 741
64 66 19 4 676 793
21 99 21 1 701 796
95 27 29 6 620 723
71 64 28 7 569 636
28 58 8 1 592 663
45 45 30 3 560 763
27 92 27 3 695 771
33 37 20 7 453 682
65 57 18 2 204 326
79 66 7 6 251 489
57 63 10 4 310 435
45 7 25 5 499 726
98 68 22 4 656 727
78 37 6 3 372 599
59 7 12 5 360 469
53 37 18 1 496 641
20 65 14 2 281 364
10 69 6 3 566 703
16 10 18 3 688 760
26 16 22 3 433 733
83 31 25 5 200 416
81 61 10 1 674 739
40 56 19 5 424 545
77 57 10 4 627 743
64 93 25 4 582 665
33 91 16 5 268 453
54 84 23 7 534 779
9 91 5 7 310 510
0 23 24 4 308 538
3 34 14 2 528 657
73 86 11 4 242 460
4 95 7 5 254 366
43 66 10 3 603 782
58 27 23 6 257 456
75 86 16 4 252 369
19 13 8 5 480 652
18 29 29 1 697 776
15 96 6 7 339 514
38 88 29 7 222 413
24 89 13 6 673 799
97 30 22 4 556 728
9 4 9 6 390 682
89 35 5 6 422 623
75 55 27 1 526 752
58 34 9 7 680 759
92 20 10 3 587 699
91 33 5 6 292 567
26 62 21 2 491 579
4 87 10 6 601 679
10 52 29 5 395 677
90 38 8 3 253 436
33 52 11 4 531 626
29 15 30 5 297 546
50 16 23 6 514 654
60 14 21 6 238 307
86 77 10 5 603 736
11 7 17 7 435 691
14 57 10 3 301 582
40 33 12 3 452 640
95 57 15 6 689 776
11 69 16 3 333 592
80 45 14 7 338 498
66 0 19 3 277 395
58 65 13 2 348 423
63 70 14 7 280 467
32 15 10 2 334 462
19 4 6 1 501 735
45 59 5 7 507 789
54 35 29 5 374 478
70 31 11 6 509 754
94 32 16 5 534 676
25 4 25 2 537 653
18 94 24 1 303 381
23 91 30 7 265 395
77 55 21 6 296 500
5 79 21 7 275 416
96 7 30 4 250 463
58 0 25 6 324 460
61 52 6 2 607 746
65 93 26 6 496 673
35 58 11 1 584 648
23 29 17 1 313 447
34 66 6 2 257 492
72 0 19 2 636 701
44 56 7 4 399 610
2 20 5 2 431 513
0 10 27 6 341 416
83 88 22 4 605 685
56 60 19 3 566 787
21 94 10 6 535 690
26 35 8 5 468 558
31 16 22 1 337 579
87 26 26 7 300 443
92 5 13 3 502 707
30 37 29 3 653 800
42 88 14 6 552 644
49 16 5 7 213 392
47 70 30 5 412 544
43 26 25 2 322 556
43 49 15 6 223 438
42 99 9 1 678 757
84 58 5 7 314 423
99 8 6 6 407 651
85 35 7 2 679 766
64 10 26 4 544 781
39 99 30 1 408 537
7 81 10 4 278 456
37 26 26 6 576 695
13 39 6 6 314 576
57 45 22 7 291 520
70 91 14 3 470 690
89 98 28 2 350 541
21 38 29 3 320 590
93 86 13 7 448 747
84 7 30 2 432 505
55 22 16 5 539 672
86 99 17 3 340 542
63 50 19 3 227 373
61 29 29 1 456 597
2 48 11 3 435 656
52 52 20 2 490 573
67 82 10 4 316 533
26 22 9 4 389 576
72 68 25 3 362 512
5 27 7 7 482 700
83 11 6 7 302 601
62 42 15 4 574 699
44 64 19 5 322 554
66 38 29 2 202 434
19 84 15 4 282 409
16 5 23 6 499 687
67 85 30 2 473 547
13 85 26 6 420 598
32 90 24 1 338 534
8 70 21 5 426 552
11 35 19 2 392 503
59 65 10 7 539 662
64 1 8 5 247 517
6 51 6 3 258 480
31 25 22 1 417 665
18 100 16 2 487 627
45 73 26 1 274 558
28 14 29 1 478 567
44 0 17 3 586 669
79 74 10 5 491 577
26 94 13 6 490 587
99 9 6 4 391 672
20 5 21 5 371 494
47 35 26 5 275 533
63 17 6 4 494 710
66 95 19 2 401 545
78 60 10 5 409 644
53 23 22 5 241 399
84 38 23 3 389 605
25 61 17 2 452 637
58 70 11 3 297 431
42 47 5 3 213 445
17 78 22 7 616 798
81 98 29 3 317 590
100 79 5 5 269 463
45 69 12 1 385 492
39 79 12 6 228 407
96 23 23 1 528 612
19 88 11 2 388 678
1 8 12 6 590 743
0 62 9 6 461 749
69 32 11 3 401 532
19 53 27 6 517 761
62 20 13 2 602 703
6 35 21 5 332 488
57 43 22 4 530 733
63 66 12 3 398 664
35 15 27 6 551 690
45 75 8 2 239 396
94 65 7 6 646 780
96 80 28 6 387 652
46 71 17 3 587 667
65 74 29 6 265 539
41 99 17 4 259 426
15 9 19 1 506 785
76 49 30 7 442 731
21 100 22 1 370 544
73 92 22 5 260 550
5 3 29 6 566 646
44 30 27 2 221 378
52 13 23 3 278 518
8 32 15 1 411 627
87 16 30 6 529 620
17 48 5 5 362 646
44 9 29 1 445 652
46 37 17 7 554 721
47 4 26 1 358 466
80 86 18 1 496 727
66 96 30 7 486 770
0 54 8 3 321 471
97 6 29 6 241 374
22 53 19 6 452 635
86 0 21 2 282 361
41 60 18 4 290 367
28 61 15 2 412 480
100 29 17 4 381 496
22 82 13 6 454 624
11 30 28 6 299 374
27 89 27 4 555 661
93 2 21 7 201 501
30 16 27 4 576 741
98 94 10 5 543 790
24 73 13 5 590 749
30 74 30 5 240 458
78 58 27 7 303 476
57 31 18 5 303 377
87 56 21 3 256 429
39 41 16 6 632 701
52 18 22 4 611 744
7 72 23 1 439 637
24 82 18 1 262 538
90 31 18 3 393 464
21 23 9 6 459 624
26 68 6 1 494 754
92 49 26 5 458 522
74 47 27 1 388 617
59 52 23 6 369 531
73 43 24 3 301 595
74 79 29 3 224 301
53 86 22 7 258 522
8 74 22 2 606 685
4 45 15 3 351 502
3 26 24 3 258 492
57 78 8 6 273 551
11 9 9 7 629 693
91 30 14 4 384 590
58 66 13 3 431 647
66 18 29 7 307 588
36 2 7 5 266 407
14 33 18 2 647 748
24 68 13 3 382 514
14 84 18 7 238 485
15 72 5 7 506 587
5 5 27 2 306 415
23 67 23 6 321 551
33 11 7 1 266 354
91 77 30 3 552 631
67 46 8 2 280 522
29 84 30 3 372 553
41 88 29 3 537 732
50 13 11 4 388 635
63 83 27 7 417 496
17 13 16 7 714 787
25 85 24 4 279 555
75 75 29 3 319 558
31 61 14 6 317 532
54 98 9 7 425 646
84 96 6 2 511 692
50 9 18 1 383 479
11 90 9 2 617 690
6 47 15 3 228 489
68 45 9 6 209 357
92 98 26 2 583 665
6 62 14 5 638 767
76 2 28 1 265 457
64 48 18 7 386 657
41 87 25 7 424 645
95 66 27 5 437 514
52 69 30 3 436 634
16 40 18 6 414 587
86 85 20 1 313 535
6 58 15 3 461 675
69 96 12 5 294 507
76 31 16 4 478 555
29 66 30 1 679 770
55 1 27 4 282 350
64 56 15 2 522 700
13 87 26 6 533 799
59 96 29 7 534 641
96 47 22 4 539 781
9 79 18 6 309 409
22 38 10 6 369 433
36 78 16 1 364 482
96 78 22 4 328 602
71 15 16 6 452 606
94 11 6 1 467 645
84 8 21 5 220 281
53 80 9 2 229 353
7 58 5 3 271 404
91 32 28 6 375 615
39 36 16 5 426 700
96 62 27 1 339 604
82 53 22 1 345 424
92 40 9 2 408 658
78 5 16 4 358 514
7 16 6 2 456 553
82 35 13 7 386 621
24 16 5 6 655 786
80 75 21 4 446 602
78 14 29 2 516 786
9 96 6 7 477 776
55 0 25 2 285 538
22 93 29 1 277 518
99 11 24 4 557 671
89 82 20 7 205 326
64 70 13 1 451 590
56 61 30 6 519 798
81 72 9 6 408 525
96 17 23 3 332 526
17 100 29 3 272 547
7 46 9 5 256 340
46 52 24 1 207 330
3 15 18 1 679 786
14 35 12 1 558 684
33 21 29 3 483 775
74 18 8 1 442 518
77 18 9 7 452 603
88 90 14 6 437 716
55 17 29 7 302 528
8 80 17 4 443 706
64 50 10 2 534 621
68 91 14 2 558 797
8 0 6 5 207 447
17 26 8 7 542 715
32 18 26 7 653 773
92 22 16 3 266 495
27 24 14 6 567 666
31 87 22 7 463 732
84 37 28 6 631 712
75 82 12 3 270 552
8 73 6 4 388 449
44 62 30 7 460 603
34 24 28 3 371 434
1 84 29 2 306 466
40 58 7 3 536 690
70 72 12 6 317 584
58 55 28 7 584 668
8 44 9 2 523 670
76 29 21 4 401 632
16 33 12 1 656 793
40 63 7 6 611 674
42 36 5 4 563 628
33 68 8 7 419 631
20 29 23 5 508 755
72 4 10 5 581 688
51 62 13 6 313 491
7 93 23 6 499 764
82 52 25 3 546 758
5 74 15 6 218 517
83 35 18 1 282 411
69 11 24 5 560 623
78 87 22 6 212 273
91 23 14 5 386 541
1 15 28 1 332 567
69 73 21 3 278 545
43 76 9 2 302 417
44 65 22 4 698 795
2 2 25 4 524 637
32 20 20 7 549 747
7 65 5 5 420 489
7 0 14 5 539 662
96 68 28 3 560 645
18 17 8 4 280 577
55 36 19 1 461 646
22 97 9 3 278 570
32 45 15 3 330 418
30 23 8 3 513 618
40 52 29 2 252 548
