746
12 61 0 0 0 0
14 93 7 4 312 519
74 46 12 3 532 756
70 67 15 2 484 644
30 60 13 7 567 696
48 81 29 2 402 508
89 52 18 2 488 637
82 46 22 4 389 575
30 74 22 2 276 538
47 91 30 1 604 727
50 32 27 2 398 580
13 79 20 5 539 791
60 68 15 1 556 648
94 50 8 6 629 693
1 8 12 5 434 546
94 45 17 7 221 397
60 8 5 7 576 792
55 22 22 4 329 483
9 97 24 4 376 493
50 100 20 4 432 720
67 49 18 2 272 514
0 71 24 3 608 730
90 80 27 5 273 565
71 45 21 3 390 630
7 44 7 4 483 705
99 87 20 2 291 439
34 65 12 3 499 615
39 48 21 4 206 364
63 32 9 7 600 707
91 74 17 5 607 702
98 64 18 2 214 451
74 17 24 6 332 508
41 44 27 5 596 753
93 41 22 2 495 762
30 3 17 3 269 552
16 73 23 3 517 608
51 12 7 2 393 534
84 4 17 7 541 756
4 37 22 6 388 660
48 97 10 1 507 609
10 14 17 6 461 566
5 77 29 5 496 578
21 84 12 1 513 653
19 5 5 1 344 468
21 67 27 6 467 724
65 7 5 3 458 643
44 53 10 7 221 401
90 52 16 1 262 408
65 5 18 2 565 766
47 82 15 3 440 705
75 93 12 6 596 735
82 54 17 6 524 658
37 96 29 2 437 734
60 84 9 3 570 677
41 97 9 5 457 637
23 100 28 1 331 527
49 54 24 1 476 597
17 56 18 5 289 480
35 55 26 7 539 718
88 11 8 4 572 778
42 52 21 3 276 492
81 20 12 5 580 749
87 17 30 5 511 677
29 97 9 3 247 518
47 37 21 3 279 528
82 90 26 2 406 684
27 87 11 6 279 546
56 42 18 1 637 732
71 81 12 5 629 738
35 20 20 6 387 473
61 92 21 5 669 734
33 1 13 2 652 793
79 90 18 5 252 534
22 72 7 6 239 487
96 36 17 3 476 695
12 42 20 6 297 503
64 73 14 2 414 663
75 92 22 5 402 554
72 33 17 4 528 707
85 56 6 2 244 447
21 95 28 5 505 756
63 45 13 6 439 680
10 86 17 1 503 636
35 48 11 5 393 487
71 83 18 2 263 537
78 35 19 2 336 481
29 48 18 7 506 760
8 54 11 4 371 460
34 33 30 7 494 785
24 54 5 3 482 643
66 6 16 2 502 601
56 72 26 6 470 570
70 54 20 3 455 660
59 52 25 2 475 717
42 16 30 7 309 430
97 34 6 4 442 591
57 81 21 7 227 464
72 81 22 5 479 588
44 21 11 3 279 448
11 25 11 6 507 786
9 7 21 7 289 484
68 69 22 3 521 789
73 76 10 2 255 458
98 60 16 5 480 711
82 99 30 1 229 497
38 71 10 2 578 727
89 30 5 5 358 480
26 69 28 6 420 510
37 93 6 5 350 559
32 64 30 6 425 646
43 77 19 7 398 542
40 73 22 2 444 610
4 36 29 6 221 498
28 19 29 6 357 533
61 43 11 4 553 780
71 40 23 4 688 779
25 24 25 5 416 680
47 13 6 5 441 717
1 63 5 2 270 484
50 75 24 6 565 746
38 36 11 4 425 695
17 44 20 2 420 624
80 70 5 7 363 470
26 80 11 1 431 710
8 56 6 3 225 398
45 65 6 4 306 576
91 35 10 5 403 473
82 96 5 4 550 784
96 62 6 6 536 687
96 60 10 4 435 521
73 71 21 7 313 393
10 44 5 6 378 493
26 23 23 7 585 690
43 74 13 2 253 512
35 67 17 4 371 633
47 66 14 4 257 501
21 6 20 5 429 598
98 8 26 4 232 337
24 62 18 5 267 400
41 8 7 2 481 730
71 60 17 6 527 646
24 13 9 6 519 786
21 30 8 5 646 796
100 95 23 7 265 355
90 71 30 7 369 575
53 2 13 6 666 769
55 79 14 7 244 377
13 20 24 4 201 453
61 84 20 3 364 651
10 36 28 3 306 508
59 70 15 3 332 598
16 49 22 2 527 753
93 13 23 6 202 482
7 28 26 4 378 490
84 1 23 4 592 722
38 16 10 6 300 502
36 1 7 2 315 506
31 72 24 4 345 410
84 5 28 2 463 731
41 36 11 1 446 619
79 24 17 3 627 728
63 19 5 2 247 369
31 84 8 4 249 352
28 72 11 6 567 715
71 39 21 1 644 730
76 52 25 4 402 482
15 49 16 6 606 759
46 83 30 6 480 612
18 13 28 2 355 496
39 0 5 1 648 726
40 68 18 6 437 630
63 54 15 4 201 272
20 88 19 6 375 563
61 24 14 6 277 421
1 36 8 7 625 767
4 52 15 4 243 343
52 71 28 2 551 727
93 25 18 6 664 748
51 30 12 4 472 661
29 44 18 1 667 779
4 16 7 1 320 615
71 48 5 1 414 485
67 65 26 7 280 530
67 60 28 3 473 592
91 96 5 6 400 501
68 42 25 5 335 514
19 18 17 4 690 757
73 28 17 7 514 616
1 98 12 6 422 691
65 39 30 5 426 503
44 45 9 5 232 301
3 12 25 4 376 651
42 8 9 2 561 635
33 25 7 5 531 763
6 83 10 7 422 676
94 91 5 6 522 729
43 90 25 2 577 705
32 44 15 2 394 574
50 8 15 1 590 727
34 89 29 1 526 669
63 76 22 3 286 495
68 53 26 7 604 713
79 27 7 2 273 399
92 25 14 5 604 784
34 22 14 5 636 788
64 98 19 7 347 407
48 68 30 3 273 521
31 94 5 5 294 493
13 14 25 5 463 552
86 86 18 7 308 390
68 75 11 6 241 518
84 67 10 1 372 492
77 60 12 1 451 560
98 49 20 4 255 525
94 0 8 1 497 570
24 84 23 2 431 648
81 53 20 5 237 415
24 43 10 2 480 557
94 47 12 4 213 342
74 34 15 3 556 771
73 80 23 3 212 456
95 88 13 7 395 546
65 85 22 6 359 623
94 87 20 2 393 579
88 57 27 4 478 748
88 65 8 3 531 726
34 92 24 2 427 683
5 58 8 7 273 433
16 44 30 2 563 654
27 100 23 5 440 547
67 94 19 6 373 628
63 30 30 3 439 508
65 100 12 4 452 571
74 98 15 6 317 463
6 100 16 7 372 520
89 53 16 1 679 791
19 12 9 4 461 740
75 26 9 7 643 709
79 84 12 2 408 536
64 82 24 6 213 462
12 1 19 6 375 468
35 89 8 2 491 572
74 10 30 4 481 603
77 88 16 3 503 718
30 51 8 5 334 542
87 56 14 1 569 715
85 77 25 2 382 626
4 78 11 7 552 688
14 13 13 5 246 460
75 66 27 1 287 560
52 63 13 4 204 278
4 81 23 3 606 677
80 35 16 3 449 512
64 23 30 3 308 398
31 57 17 1 565 795
6 25 10 3 363 475
95 36 6 3 480 601
23 55 13 6 470 644
18 47 26 4 402 517
30 17 5 7 572 742
87 62 19 3 219 401
5 59 7 7 394 522
55 47 28 3 246 529
65 22 30 7 589 731
90 67 29 2 280 350
63 4 11 2 600 798
55 37 27 6 372 465
85 89 13 1 417 667
43 36 5 3 262 438
13 71 16 4 325 583
65 88 26 7 345 643
72 37 20 5 224 334
58 78 7 4 602 772
18 76 18 3 263 343
87 3 9 2 488 767
58 76 12 4 289 507
67 0 26 1 307 528
77 70 27 2 336 490
1 62 27 5 507 597
93 62 21 7 462 579
50 1 28 6 250 356
87 91 10 4 402 682
42 24 11 7 416 710
61 51 9 4 433 722
25 93 28 7 215 403
99 29 28 6 220 446
4 86 10 5 522 664
5 61 11 5 685 759
26 64 9 6 445 696
68 87 9 2 320 463
90 78 20 5 551 659
57 97 23 3 289 366
5 75 19 2 485 713
55 36 19 3 558 691
45 38 28 5 531 650
77 30 24 3 292 553
72 39 21 7 625 727
20 72 25 2 557 628
18 17 7 3 217 428
95 73 7 1 230 397
33 36 10 1 472 674
65 3 28 5 457 711
89 49 20 7 451 550
32 51 14 1 627 717
59 22 10 4 241 523
44 30 22 1 200 412
0 79 8 5 652 730
4 82 23 7 668 758
73 38 17 3 469 758
20 52 18 1 205 448
58 98 25 2 250 333
50 76 22 5 411 558
80 50 6 1 693 764
67 3 23 3 677 793
0 3 25 1 455 547
2 34 6 7 576 663
26 55 12 5 525 728
100 68 5 3 327 601
22 33 16 5 467 728
35 58 28 4 633 733
11 39 7 5 523 601
80 11 22 7 453 740
78 94 21 3 500 772
94 74 14 3 562 796
18 81 20 7 432 686
26 42 29 3 540 752
70 53 26 2 646 782
44 29 30 2 512 660
12 35 22 1 523 607
26 30 10 5 430 724
2 87 14 5 561 718
32 61 19 5 307 405
76 53 27 7 676 749
100 84 15 5 487 602
65 0 7 7 491 558
14 38 9 5 570 748
0 87 19 7 281 574
7 87 11 4 219 512
61 18 22 5 202 461
44 25 21 3 476 744
83 43 13 2 215 363
29 90 24 2 501 731
3 39 22 4 480 601
91 6 18 4 431 577
45 45 12 3 663 763
91 38 11 3 620 773
96 66 24 1 242 423
93 94 6 1 426 636
36 11 5 2 511 699
39 33 17 7 368 533
48 57 20 7 412 590
68 25 10 7 677 749
88 35 29 4 277 527
54 56 25 7 215 423
81 43 22 3 513 622
64 42 26 3 222 508
81 68 16 4 328 572
5 98 25 1 465 531
89 91 18 6 345 477
60 75 14 3 391 481
6 97 24 5 526 634
15 84 13 1 472 629
85 50 15 7 658 755
71 9 22 1 493 611
86 28 18 6 250 359
81 86 5 4 305 600
0 100 14 4 511 784
53 62 10 3 476 731
17 73 23 5 436 693
79 42 30 2 334 622
65 71 25 6 529 635
98 4 18 4 622 765
55 39 15 2 416 676
63 94 28 7 294 393
27 11 11 3 423 587
94 18 17 6 412 655
41 61 19 2 340 476
40 16 9 5 271 539
1 20 13 6 569 723
79 61 19 5 404 688
31 48 21 6 447 542
21 52 10 1 290 550
26 10 25 2 540 702
26 97 27 3 472 617
58 89 12 6 236 385
30 59 16 2 456 546
46 9 19 1 531 631
85 98 24 6 201 408
90 93 26 2 338 636
1 74 24 7 361 656
64 96 14 3 430 583
45 48 5 3 440 668
100 43 17 1 472 718
33 31 16 5 476 655
77 58 6 7 545 693
12 69 18 4 607 686
87 89 30 2 513 574
21 34 11 3 287 574
50 61 22 6 657 751
14 40 21 5 425 493
51 45 10 7 205 459
16 77 14 6 388 575
49 96 7 2 635 700
48 31 10 6 395 538
10 83 27 6 298 418
68 63 9 6 470 762
26 53 11 2 601 700
48 61 24 7 372 503
19 90 26 3 640 733
74 88 28 1 291 554
1 78 9 4 228 349
59 35 8 2 614 704
87 37 24 1 635 770
63 12 6 2 547 763
75 52 22 6 466 692
26 36 18 1 287 412
51 94 8 5 371 662
37 63 21 7 216 394
53 17 28 7 363 585
78 25 19 2 389 460
57 95 10 4 472 586
72 26 23 4 583 664
19 83 26 6 495 736
65 67 16 2 339 552
57 16 14 5 213 449
96 46 22 1 361 455
68 55 25 3 378 635
57 87 28 7 480 577
65 51 15 7 256 327
84 42 29 1 258 378
72 23 14 3 624 763
45 1 13 2 235 301
92 9 5 1 237 308
18 90 23 1 469 645
66 83 8 2 457 603
21 86 12 5 380 465
36 12 27 5 375 565
99 66 27 7 430 571
78 62 14 3 401 600
10 65 27 6 480 630
20 99 23 4 400 465
51 4 25 2 257 511
37 26 11 2 309 433
57 12 8 2 586 752
74 87 6 5 262 364
62 97 8 1 232 377
41 100 13 1 332 545
78 92 18 7 394 614
57 77 21 2 409 501
88 19 10 5 726 799
74 55 16 4 275 395
74 68 22 2 605 731
84 53 19 7 615 716
85 23 14 3 661 775
6 95 13 3 437 669
79 56 29 1 547 671
81 34 18 3 436 709
46 93 21 1 453 710
18 7 14 2 558 696
40 41 11 5 497 768
81 15 9 6 456 664
31 71 17 7 352 651
62 81 10 1 474 536
52 1 30 1 272 569
18 54 20 2 339 439
18 60 9 2 405 539
3 17 20 5 415 658
21 36 14 5 499 756
95 13 11 7 288 367
96 29 30 3 411 678
88 99 18 7 267 395
22 90 8 2 464 550
78 40 24 1 518 782
98 31 13 2 530 647
2 32 19 1 545 632
59 13 5 2 326 485
55 28 17 5 537 649
54 31 23 6 473 746
14 71 15 7 368 660
93 30 27 4 313 458
2 54 18 6 241 492
7 72 29 5 516 729
94 5 7 4 262 514
11 82 20 1 398 595
24 78 18 1 552 647
26 9 21 1 427 536
92 68 5 2 272 398
35 16 21 1 461 640
32 80 21 6 316 543
34 3 25 4 535 635
85 78 24 4 202 398
18 40 20 2 218 505
54 20 20 4 421 549
38 49 25 2 351 579
34 85 27 6 364 627
82 45 12 1 251 447
8 49 23 7 505 698
99 100 21 6 355 554
90 48 22 4 402 542
79 15 11 6 423 540
98 77 14 5 305 484
9 56 7 6 443 596
93 7 19 1 509 600
64 94 10 7 412 475
1 87 21 2 657 743
95 60 22 6 223 487
80 19 19 1 282 492
94 46 20 6 339 448
68 76 8 4 554 716
41 13 22 4 326 393
2 90 7 1 605 723
89 80 5 5 491 722
77 99 12 3 618 784
72 84 26 7 525 685
92 20 29 2 282 467
59 42 19 7 686 764
80 90 23 4 513 752
7 77 29 4 447 732
3 84 10 4 491 678
12 81 30 7 218 291
20 39 13 7 440 546
89 97 5 2 604 744
98 84 24 4 300 485
37 53 23 1 282 402
64 52 5 2 238 322
87 98 26 4 488 586
66 78 18 2 261 494
38 78 21 7 248 537
14 8 26 3 318 512
31 59 20 4 525 703
11 9 29 7 478 644
63 84 11 3 461 532
55 55 5 7 494 679
77 96 14 6 324 457
84 15 5 4 564 712
62 50 13 6 270 346
37 6 14 5 396 575
100 7 29 1 250 448
51 23 28 7 452 705
56 45 27 3 485 764
84 88 10 5 352 611
32 57 18 6 418 500
47 55 18 4 385 597
42 69 23 4 244 411
25 0 19 4 354 588
74 57 10 7 515 624
27 60 14 4 606 682
5 74 9 4 235 533
49 24 27 4 298 381
63 25 29 1 260 411
77 52 29 3 577 659
60 53 15 2 301 549
56 8 17 2 259 529
91 76 13 4 215 357
66 93 15 3 682 789
47 28 20 6 477 559
34 36 16 6 375 623
36 34 6 7 319 392
40 31 30 4 386 472
6 91 8 4 574 671
62 0 22 6 295 398
39 13 25 5 352 516
38 39 8 1 645 733
92 99 25 5 204 434
78 68 23 4 676 773
16 100 10 5 403 538
49 36 12 1 238 312
45 2 30 4 390 496
84 38 20 2 318 595
21 72 10 7 260 416
13 36 19 3 648 772
85 86 16 1 562 641
77 37 8 7 425 632
91 42 10 7 475 665
69 64 20 5 574 711
72 10 19 3 498 707
76 41 6 6 248 428
85 36 23 4 335 630
23 97 25 3 377 576
13 85 21 7 340 599
26 86 17 3 511 717
83 77 26 5 246 331
34 0 7 3 604 696
61 69 23 2 407 503
90 89 8 6 684 782
8 40 22 5 634 786
72 16 24 6 625 700
1 41 21 6 580 758
1 57 11 2 607 669
35 29 10 1 469 532
95 67 6 3 445 605
51 59 14 3 214 368
57 45 5 5 521 632
82 91 21 6 304 417
49 17 16 6 386 643
38 60 20 5 577 720
32 88 19 5 411 660
82 88 14 1 377 555
53 21 26 5 254 414
8 62 7 2 503 724
63 49 16 1 425 723
0 57 13 1 489 573
46 10 6 3 358 456
89 24 28 4 405 638
65 31 30 4 438 717
63 55 27 3 256 342
41 71 18 7 467 620
0 42 27 2 491 739
93 48 24 2 404 650
44 61 22 6 387 559
98 73 25 5 208 477
61 75 9 5 431 679
61 27 9 3 560 635
21 56 13 2 484 722
39 65 11 3 593 761
24 81 22 7 328 459
31 89 13 1 252 463
15 23 10 4 322 401
32 21 5 1 244 468
10 24 14 3 595 794
61 50 27 6 208 494
19 11 14 5 282 398
91 32 8 6 537 670
21 68 17 4 253 424
61 59 18 4 339 457
50 46 20 6 293 533
77 9 5 5 585 743
21 1 29 1 377 598
55 53 28 7 398 660
97 3 13 6 232 515
83 65 19 4 642 715
4 89 18 5 438 557
93 55 13 2 471 532
88 4 18 3 609 789
59 2 10 4 207 459
76 33 26 3 257 320
80 80 21 7 540 788
76 98 6 1 209 274
73 47 14 3 288 518
74 50 20 6 516 765
5 9 21 7 239 493
20 14 17 5 672 764
29 9 21 6 346 529
38 46 23 7 489 594
83 79 19 1 534 653
32 83 29 1 335 633
66 81 11 7 406 576
18 72 26 2 233 529
54 92 24 2 284 431
25 91 14 3 311 403
57 80 5 1 591 727
86 93 19 6 479 541
64 51 12 4 383 615
2 100 17 7 449 738
52 16 22 1 302 444
97 60 10 5 588 754
26 63 25 4 563 663
52 90 14 5 306 374
35 57 25 1 583 690
51 7 23 3 352 585
25 21 30 4 493 576
95 44 22 2 415 488
68 83 11 3 380 495
68 10 23 6 597 754
49 42 12 7 260 392
65 84 20 7 313 586
42 77 22 2 279 470
81 16 15 2 511 660
35 81 24 1 284 417
3 61 7 6 265 432
7 69 24 1 456 589
53 51 24 7 216 422
66 61 9 6 505 609
31 80 27 3 456 692
98 55 27 3 376 675
60 29 25 1 611 741
80 30 30 5 654 782
14 39 20 2 233 404
59 32 14 2 324 594
13 100 17 1 595 796
99 81 12 1 432 593
65 11 15 1 412 529
46 4 5 1 515 701
67 10 7 4 496 743
6 77 15 6 579 652
44 83 14 4 550 793
50 95 11 5 317 614
19 84 6 3 418 531
15 92 14 3 210 471
87 80 12 2 731 796
64 78 14 1 514 650
73 73 30 4 260 475
20 63 28 4 206 294
16 5 7 1 513 680
33 5 11 4 377 567
61 17 18 3 476 669
90 43 29 2 414 565
71 52 21 1 512 720
46 79 9 2 370 609
60 37 11 4 691 762
6 45 12 5 659 794
25 7 11 4 224 363
67 2 24 3 643 735
95 90 21 7 542 626
34 39 15 7 356 609
15 41 20 7 359 496
75 74 6 1 255 454
36 82 13 6 449 638
89 100 12 2 358 445
86 76 8 4 261 381
17 47 26 6 265 530
91 36 6 6 421 502
83 78 22 6 418 678
53 68 26 4 646 778
98 75 28 7 403 588
8 13 20 2 252 369
81 35 27 1 209 315
9 17 15 2 362 551
3 4 20 3 381 480
69 15 7 7 366 467
70 90 11 6 201 358
14 63 14 2 360 582
79 54 27 2 590 717
48 88 13 7 299 492
7 50 11 5 229 485
34 56 29 3 200 280
23 87 12 6 421 511
72 40 13 5 387 630
68 98 8 7 466 678
36 59 7 3 448 628
75 36 9 5 458 643
14 76 5 2 488 728
12 23 16 2 656 798
85 46 16 2 331 527
23 67 12 5 279 480
56 15 18 5 536 721
90 25 24 6 462 598
56 86 9 5 257 536
18 65 21 7 267 485
34 15 23 6 258 450
47 59 8 1 397 512
40 97 27 6 262 478
46 12 9 7 333 409
39 23 5 4 494 672
89 69 27 5 406 487
52 70 13 2 515 619
