1760
23 83 0 0 0 0
45 5 11 3 425 684
38 85 12 2 624 717
48 59 11 2 411 650
38 64 14 4 488 743
19 91 14 7 538 793
73 3 29 6 202 399
100 6 23 6 442 574
16 37 29 3 327 549
6 15 21 2 255 460
3 18 5 6 541 682
49 97 6 1 209 441
64 92 27 1 330 410
96 18 24 7 465 544
87 78 9 2 326 567
83 35 23 1 467 696
90 84 19 6 440 617
61 53 29 5 360 651
27 85 20 1 231 429
37 71 13 2 253 318
61 66 8 6 339 515
92 16 25 5 478 707
89 100 5 2 531 597
87 40 15 6 559 761
79 80 30 5 295 366
84 98 22 4 312 503
63 17 8 5 515 767
81 66 28 4 402 636
22 69 28 7 325 607
79 51 26 1 573 663
42 42 9 5 463 717
39 47 14 1 390 470
46 16 5 7 265 506
51 4 11 7 553 668
71 26 21 6 340 588
21 76 19 2 240 460
46 65 14 6 588 686
60 59 9 2 429 499
18 21 25 7 254 493
31 60 25 4 202 369
10 29 19 4 401 554
17 35 5 7 417 656
56 74 21 5 529 686
97 57 15 6 499 666
35 82 28 7 212 490
97 66 12 4 483 727
17 68 19 2 703 782
95 32 26 5 382 505
16 90 23 6 334 544
81 36 13 1 464 698
35 10 13 4 453 595
90 1 5 5 601 706
19 65 12 1 601 700
71 96 7 2 234 463
92 54 5 3 325 523
61 58 16 4 682 772
2 24 8 4 268 454
5 41 20 1 623 703
13 24 29 3 328 502
69 29 22 7 262 527
63 27 7 2 308 599
11 60 18 4 579 735
11 5 18 7 514 649
75 18 23 4 385 534
24 15 25 3 206 406
41 78 11 4 229 521
32 22 7 4 268 331
94 51 17 4 540 657
54 11 28 5 558 712
88 62 14 5 327 520
24 11 19 6 296 577
42 96 16 7 326 437
85 57 17 6 231 365
19 51 8 4 428 521
36 43 14 2 210 287
21 35 28 1 572 729
100 49 28 3 266 361
98 58 8 3 472 669
1 43 20 1 462 691
90 7 29 4 504 670
53 68 13 6 292 488
19 7 13 1 237 323
30 96 28 2 203 288
75 69 26 5 386 563
83 97 22 5 403 552
87 45 12 3 344 467
60 2 25 6 470 584
47 99 11 2 371 444
54 36 13 4 411 696
65 13 25 5 267 415
45 59 25 1 577 735
51 64 23 1 603 690
75 13 6 4 543 676
73 100 28 1 647 714
39 97 23 7 382 511
86 20 20 5 346 518
0 98 11 5 345 408
66 10 20 4 556 667
71 5 22 6 214 433
92 85 10 1 447 683
37 2 13 5 293 576
78 25 21 1 640 727
45 28 23 5 602 733
87 68 23 1 423 686
36 26 28 7 307 586
93 76 16 3 392 541
44 39 7 3 439 685
59 1 9 6 430 649
51 19 26 4 259 413
72 35 28 2 403 668
41 58 8 6 288 542
98 75 13 6 434 515
92 68 10 6 711 784
90 10 6 2 316 608
27 27 5 1 499 567
29 79 15 3 510 751
74 73 24 6 648 725
24 73 11 6 409 704
30 7 29 6 417 603
22 7 7 5 492 711
63 46 28 4 248 309
8 96 8 2 221 329
57 44 25 7 339 493
64 1 9 3 356 468
100 63 20 1 386 509
1 65 21 2 565 707
57 52 12 7 637 788
98 2 15 5 305 394
59 40 10 5 506 738
12 46 15 3 320 453
52 24 15 2 288 587
89 36 6 2 271 348
97 91 23 2 238 310
20 81 5 7 502 714
68 4 25 4 238 430
70 7 28 6 252 506
47 33 13 6 551 699
20 85 8 7 631 703
47 30 13 2 649 710
49 20 28 6 399 542
67 7 26 1 619 717
57 17 29 3 379 622
28 58 24 1 535 646
35 73 15 6 510 601
67 45 7 6 295 515
12 91 13 2 241 360
42 2 7 5 232 491
41 41 17 5 592 688
43 41 28 2 267 377
14 32 5 7 252 530
27 88 23 2 325 386
94 71 29 1 203 343
63 91 5 1 405 501
65 49 30 1 518 685
79 17 20 5 497 693
37 56 22 5 483 674
88 58 13 3 492 575
52 41 28 2 582 651
74 88 26 7 684 769
69 90 21 3 504 639
16 35 23 2 496 604
17 34 6 1 429 527
54 25 11 5 283 354
14 27 30 2 481 676
55 71 9 6 253 438
75 60 12 6 269 547
10 90 27 2 654 769
8 91 15 3 302 362
80 52 16 1 213 463
24 95 28 3 287 447
60 57 18 1 212 508
12 34 9 6 562 624
33 41 15 2 469 603
1 52 8 1 307 420
12 98 26 6 462 608
33 57 20 4 287 544
71 50 5 1 429 638
84 88 13 4 650 724
13 31 18 6 395 653
73 15 28 1 245 483
60 75 18 3 518 737
3 98 7 6 340 479
34 17 18 4 574 671
86 61 25 3 394 613
28 67 30 7 226 416
32 83 24 2 635 779
98 84 18 5 380 576
100 94 23 5 403 627
38 95 24 2 259 472
49 58 20 3 451 651
53 56 9 2 255 438
55 67 5 3 362 620
7 59 19 1 208 437
40 7 28 5 207 305
41 99 19 4 302 529
71 87 12 4 384 474
1 31 28 6 234 337
89 2 17 1 272 477
95 83 8 6 361 467
79 8 5 4 305 494
88 18 16 7 268 374
30 3 19 6 535 597
34 80 21 3 219 382
70 12 17 2 347 509
37 45 10 4 660 731
22 77 9 4 413 543
55 85 17 7 335 511
1 93 27 4 268 423
90 15 5 7 554 725
91 100 9 6 493 783
6 82 9 3 412 534
79 13 10 4 402 595
100 87 26 4 647 761
78 26 12 1 208 368
96 60 8 6 549 793
10 77 25 6 271 552
74 10 9 1 328 429
91 89 22 6 581 763
61 6 28 4 343 528
69 82 24 3 288 586
83 99 28 1 495 713
100 19 20 6 580 662
32 13 5 6 372 608
31 38 8 2 282 472
9 35 11 1 439 592
73 77 7 6 286 559
18 89 15 5 657 778
29 49 12 2 459 657
10 1 14 1 415 555
34 57 15 3 412 535
54 60 26 6 258 440
21 44 7 1 561 756
8 95 26 6 203 287
16 75 5 1 506 567
49 0 10 6 414 686
33 36 14 5 653 763
100 44 18 7 238 464
70 74 24 2 721 789
1 13 12 3 374 641
92 43 30 4 515 729
26 18 22 3 267 366
23 93 28 5 478 635
34 40 20 5 560 628
15 23 24 1 201 308
69 23 18 5 672 735
56 39 22 2 534 714
5 47 30 2 283 359
23 5 5 6 388 511
3 15 18 6 678 767
9 9 22 4 424 642
1 74 7 5 668 739
45 72 23 7 274 376
42 22 30 3 250 482
75 86 9 7 651 792
40 95 22 4 567 660
83 28 11 6 232 319
68 3 25 3 308 409
93 33 14 5 324 517
36 68 14 5 235 464
16 9 20 1 307 545
95 14 7 5 622 762
10 24 16 3 531 661
67 19 8 6 374 644
69 44 9 2 499 585
62 87 25 5 356 592
48 67 20 6 337 633
83 61 9 6 470 697
2 27 17 3 594 715
24 40 28 3 588 709
89 23 7 2 282 567
22 61 18 2 347 469
39 0 7 1 367 648
50 40 23 4 454 527
2 52 23 6 561 752
16 50 10 6 607 727
19 67 30 7 532 731
93 81 8 6 522 774
12 61 13 2 383 529
76 57 29 3 394 661
9 39 11 4 342 469
46 9 24 1 451 718
86 23 11 2 295 446
31 5 6 4 294 496
0 18 29 1 423 623
49 3 20 5 266 359
74 15 15 2 304 443
91 57 8 2 386 639
55 0 28 7 407 546
12 15 24 3 640 778
9 8 11 4 300 502
28 65 22 6 494 690
80 30 16 2 426 587
56 33 19 5 508 633
42 88 28 5 322 594
12 4 25 7 358 499
86 22 23 5 549 743
43 31 26 6 652 756
5 92 30 6 300 548
0 100 5 1 415 497
2 19 11 1 257 550
51 92 11 6 288 380
18 94 13 1 697 786
8 33 23 3 213 370
94 40 9 6 388 608
96 22 20 3 498 726
28 43 24 6 318 409
60 48 11 5 240 460
61 89 29 6 488 659
67 12 5 4 458 650
34 91 9 4 418 543
94 12 8 2 496 765
91 74 15 7 440 731
99 42 13 7 563 641
79 100 30 3 462 588
2 11 7 5 256 414
58 76 13 2 392 463
3 83 27 4 277 410
41 10 29 1 271 492
80 39 20 7 369 587
28 22 21 6 362 521
59 43 8 4 336 545
56 38 7 5 276 486
39 45 30 2 334 457
91 59 23 2 487 673
75 0 12 5 231 345
41 16 28 6 540 630
38 40 25 5 438 519
21 28 18 4 339 481
61 49 28 5 502 692
99 40 21 4 217 511
30 77 26 6 601 664
77 97 22 5 622 706
56 31 27 5 424 538
100 34 24 4 265 478
1 21 29 7 571 780
78 46 20 4 394 517
77 65 7 3 233 331
95 57 23 7 446 557
42 67 25 2 370 547
72 9 28 1 401 529
12 39 28 5 374 620
82 8 25 7 592 670
55 55 13 1 330 580
96 34 18 4 424 487
22 85 9 4 377 510
53 65 25 1 589 703
14 67 8 3 478 673
8 65 6 4 382 662
66 17 6 6 666 751
87 72 7 2 661 723
96 12 23 3 614 687
10 42 8 2 305 539
65 40 20 6 352 448
34 55 22 7 328 553
50 5 12 1 294 546
98 63 15 5 286 506
99 75 25 5 351 636
62 16 7 2 497 795
20 8 10 5 367 659
7 92 15 4 208 298
25 29 24 1 345 614
41 73 6 1 432 650
83 23 24 6 357 593
32 42 20 2 261 480
26 61 11 3 427 584
99 80 5 7 558 793
84 8 29 1 303 561
63 90 26 6 270 561
35 12 22 3 418 589
10 74 5 6 282 474
100 81 13 4 210 328
89 56 14 3 539 675
90 56 22 4 431 491
94 56 15 3 349 514
39 68 25 3 312 518
65 56 7 2 277 552
22 59 26 2 373 627
43 93 8 4 499 788
74 39 24 3 453 694
0 90 17 4 584 697
13 38 25 2 270 444
70 38 22 1 204 426
49 37 12 2 400 491
63 19 21 3 524 740
32 64 12 7 245 415
45 41 9 5 288 361
2 94 13 4 403 471
84 40 7 4 468 631
9 19 16 6 593 728
45 93 7 3 524 603
55 33 10 3 490 712
93 12 18 7 553 695
18 42 12 3 342 501
69 71 24 5 590 653
53 5 10 6 420 584
71 85 28 6 433 682
70 55 15 5 392 621
31 19 22 7 402 473
78 38 24 4 590 704
67 24 22 3 501 761
24 68 5 1 226 313
77 38 19 3 241 433
57 71 21 5 390 487
86 91 11 5 637 798
89 93 30 5 695 785
37 30 5 1 341 408
67 32 10 3 481 702
63 37 7 5 320 596
2 4 19 7 596 787
6 92 19 4 293 469
6 38 25 2 312 478
90 16 16 6 208 364
33 72 9 5 500 673
59 29 23 3 403 515
54 72 19 2 359 606
33 0 9 4 468 551
32 53 13 7 509 632
93 78 14 2 212 314
8 4 7 5 594 719
89 4 23 2 645 800
64 34 26 3 457 574
3 80 5 6 292 451
64 29 23 1 519 729
97 95 15 7 362 571
8 86 21 4 289 457
46 54 24 2 344 427
84 18 27 1 499 568
56 80 26 7 399 498
15 40 18 7 584 725
9 77 20 3 671 756
59 60 8 3 204 335
75 5 11 1 441 560
64 19 19 2 239 343
40 8 9 7 443 513
26 9 25 5 317 413
5 79 6 2 201 312
18 13 13 1 305 493
39 61 17 6 372 530
66 98 30 2 423 587
18 54 13 6 536 683
15 67 7 7 639 792
18 93 10 7 631 766
22 45 14 7 460 604
0 85 15 4 389 633
40 16 29 7 242 378
30 87 20 4 524 708
53 90 8 4 444 607
15 89 25 2 555 625
97 52 26 3 554 729
76 99 13 7 442 727
22 23 20 6 439 725
32 69 25 3 430 522
100 60 23 6 669 798
99 73 28 2 304 375
30 68 19 7 540 610
44 36 25 1 488 573
82 47 9 4 337 583
18 63 5 1 624 780
66 25 27 2 503 609
67 64 8 1 287 538
16 34 21 5 369 553
38 22 29 1 324 416
52 47 6 1 424 485
13 79 19 7 472 755
73 32 21 6 331 465
80 76 28 7 318 474
95 74 9 7 550 625
65 67 7 3 705 800
1 59 19 5 538 622
46 70 14 3 374 434
20 82 6 1 309 594
86 77 10 7 470 722
63 65 16 1 371 499
53 75 13 1 455 686
4 78 28 7 342 472
53 30 17 5 353 607
49 10 18 3 224 331
2 69 28 6 361 659
94 44 16 5 340 454
41 56 20 4 551 723
59 35 8 7 489 597
65 15 11 1 306 455
72 69 24 4 360 622
69 8 9 4 286 350
22 100 30 7 367 523
79 68 27 7 461 700
8 0 16 1 502 701
88 54 18 7 460 649
3 3 24 2 232 358
83 84 12 7 401 500
62 20 20 6 563 736
80 32 24 2 408 596
46 96 10 5 657 721
94 26 28 7 600 764
90 96 14 2 620 784
63 2 10 5 367 465
50 46 29 2 235 447
65 47 29 4 322 584
49 5 14 3 477 587
67 34 17 3 293 521
71 86 16 6 296 556
38 42 21 3 476 747
73 30 26 2 491 698
38 63 21 6 330 457
74 84 8 1 463 570
11 82 15 4 672 796
19 32 9 4 613 674
80 56 30 2 355 418
92 88 9 5 511 676
43 14 12 6 670 754
11 89 25 1 424 604
36 96 24 5 483 751
65 27 18 7 573 686
27 12 10 2 491 690
78 35 19 3 334 401
77 9 15 4 509 790
4 10 16 6 608 740
68 83 16 5 401 524
1 57 27 3 378 582
71 77 11 1 470 597
35 46 30 5 676 777
67 37 27 4 465 555
37 81 6 2 241 387
48 42 24 1 573 642
79 71 21 2 460 560
41 80 15 5 482 728
33 4 19 7 382 458
45 19 21 1 456 706
5 64 8 4 534 741
58 9 19 2 359 607
44 19 18 2 220 458
75 6 27 6 207 409
22 8 17 3 355 542
47 55 12 6 392 491
6 29 15 7 224 356
69 92 20 6 399 605
86 27 7 1 264 415
85 89 29 4 270 463
68 88 25 1 368 615
21 90 22 1 243 398
15 91 15 7 305 571
8 71 27 6 387 676
58 72 5 3 458 712
1 83 24 3 242 446
28 45 15 6 334 566
73 18 10 5 254 497
88 98 7 2 583 699
93 19 9 2 390 532
58 24 14 2 496 638
54 50 11 2 437 542
47 35 9 4 465 531
44 15 30 6 592 673
45 58 7 4 297 446
8 29 18 6 282 492
51 28 19 7 503 614
13 6 16 6 402 697
87 32 10 1 694 771
16 46 17 2 627 764
84 13 8 3 382 485
56 72 17 2 511 685
18 87 12 7 311 561
99 38 29 1 252 459
94 96 17 5 258 436
80 72 22 5 502 607
80 34 10 3 445 686
71 11 15 3 294 547
6 12 5 3 478 702
24 21 13 2 272 367
71 89 13 4 282 578
56 60 7 4 655 728
41 17 18 2 441 619
76 7 23 5 674 768
64 5 14 2 242 359
19 68 6 4 261 394
26 86 9 7 395 466
49 89 28 5 293 363
55 1 25 5 384 449
0 1 20 3 306 514
53 20 21 6 462 753
47 26 8 2 353 644
76 0 6 3 384 600
45 36 24 3 293 545
44 93 11 1 441 581
40 38 14 4 387 465
93 14 10 2 405 589
13 56 7 4 274 436
40 98 27 5 473 586
24 45 24 2 365 567
64 35 6 5 470 626
61 15 10 2 205 471
86 89 13 6 332 478
4 46 23 5 643 753
79 76 27 6 612 714
22 70 24 7 200 386
17 67 28 1 440 669
92 0 19 1 223 388
96 41 25 6 455 720
64 64 25 4 262 325
71 15 29 3 361 563
26 28 11 6 538 798
28 16 17 7 369 554
62 80 25 3 303 496
3 79 20 2 290 354
36 19 11 4 411 666
74 82 12 7 356 625
54 27 24 4 200 439
47 75 8 6 238 429
11 33 26 7 642 760
80 71 19 4 425 626
15 30 26 5 216 435
26 49 25 6 240 319
34 10 11 6 470 753
44 58 12 5 440 637
96 37 7 3 365 441
34 75 15 5 618 775
62 25 10 4 376 458
44 94 29 3 484 620
73 68 22 1 400 621
48 85 24 1 493 674
93 39 24 7 292 479
99 25 17 2 221 463
21 12 17 7 461 569
31 6 19 7 588 789
53 83 10 1 483 637
77 71 19 6 642 781
81 13 18 7 519 633
0 5 14 7 237 419
100 84 29 6 493 645
58 90 22 4 546 746
42 37 29 6 316 543
73 12 29 5 344 444
47 8 8 4 442 720
49 81 27 2 352 434
85 5 28 1 441 636
90 64 29 1 438 505
33 43 10 2 407 606
40 79 13 7 412 547
69 99 19 1 561 764
96 80 12 2 210 494
81 9 9 4 311 599
29 21 13 2 401 665
94 47 27 4 437 676
53 24 14 7 442 723
61 16 9 7 589 751
71 53 25 2 338 627
97 19 9 2 562 781
41 38 18 7 635 746
77 20 14 5 599 665
36 56 7 7 304 524
92 50 14 3 553 649
20 3 26 2 402 650
48 11 13 3 527 734
84 96 16 5 228 447
49 28 29 7 265 398
48 63 5 2 586 714
46 7 25 6 497 674
55 6 7 3 630 786
87 10 9 1 446 553
8 70 22 6 235 382
28 33 13 6 363 632
27 34 25 3 450 630
82 27 24 3 663 765
98 28 30 6 256 371
82 58 8 6 335 624
31 54 11 4 569 717
34 70 26 2 217 291
32 75 7 7 594 753
90 87 20 6 483 747
52 38 9 4 311 554
25 9 30 6 395 561
56 0 22 1 283 432
31 30 5 1 689 794
22 3 15 6 440 581
1 73 22 3 504 599
94 55 30 4 278 559
83 36 7 6 551 795
96 13 18 7 244 451
84 29 13 6 538 725
60 41 26 7 256 366
59 87 7 5 489 599
55 46 23 5 300 583
90 9 13 3 245 501
17 96 24 5 650 784
41 70 24 5 647 752
22 87 15 3 668 750
76 1 17 7 497 744
97 33 12 3 622 710
15 82 27 7 519 591
87 27 14 3 290 396
18 26 24 4 631 772
19 75 6 1 350 412
50 51 20 1 340 419
23 63 9 2 349 601
43 33 27 1 589 666
80 62 20 2 610 774
70 80 23 3 352 471
13 23 22 1 552 625
61 46 6 1 203 482
64 100 11 7 480 569
60 90 16 7 356 448
48 81 18 7 257 501
50 8 25 2 208 467
75 4 14 2 681 766
61 19 15 5 221 413
44 10 16 5 236 378
14 62 7 3 326 492
2 58 28 6 340 421
46 30 17 7 571 753
50 24 29 7 327 488
40 91 25 1 539 773
51 96 18 7 408 661
88 11 11 5 494 576
19 16 17 2 240 343
70 32 29 1 220 416
70 49 7 2 273 369
88 6 6 7 609 684
40 34 21 4 317 562
13 22 28 3 510 675
45 17 25 4 475 753
72 72 30 1 337 525
19 22 25 3 471 621
48 70 9 5 630 705
28 5 23 5 430 729
10 99 22 3 577 646
69 55 18 3 298 546
55 95 30 6 239 424
25 3 6 4 466 663
24 6 26 5 501 776
4 30 29 2 537 786
14 65 23 4 421 617
54 39 21 2 237 342
12 30 15 1 463 701
72 70 29 3 321 539
2 21 16 3 479 545
38 10 10 5 604 754
86 62 30 1 319 561
33 30 22 2 400 592
74 31 10 4 398 565
12 2 22 7 466 590
21 25 14 1 362 446
11 100 18 3 503 754
11 54 19 7 262 539
14 54 17 2 391 485
72 78 20 3 295 558
30 94 6 2 204 397
67 33 18 2 424 575
14 34 24 7 375 552
58 63 27 3 415 663
50 28 24 5 520 651
16 70 6 4 611 715
22 12 22 2 530 745
33 26 12 5 202 405
9 63 22 7 493 564
60 30 29 6 400 607
20 18 30 2 476 720
94 8 28 6 233 309
18 72 10 2 267 493
38 48 5 7 591 780
62 3 10 5 334 627
52 58 27 2 525 760
3 50 17 3 467 731
95 15 10 5 548 665
19 0 16 2 530 761
43 2 15 4 413 557
0 63 18 4 343 581
29 78 13 1 565 783
91 69 6 3 251 472
17 36 15 5 557 664
70 39 11 1 284 487
4 44 20 2 555 711
8 45 14 5 231 428
97 87 21 2 227 359
87 3 22 6 533 602
1 35 10 4 421 629
86 59 29 2 583 726
0 80 5 2 238 437
8 72 20 1 496 576
31 18 16 2 512 687
92 61 19 2 355 643
47 31 6 3 288 463
66 9 11 5 293 467
49 29 13 4 424 537
82 6 9 6 593 737
90 6 10 7 315 497
47 23 6 3 398 647
54 37 15 2 209 490
43 5 29 5 470 580
98 78 12 2 340 511
34 82 13 2 447 551
48 41 15 4 515 661
25 61 7 1 385 542
41 32 14 3 571 654
94 90 23 6 546 776
24 1 20 4 326 477
88 42 22 6 214 324
90 100 8 5 651 744
58 78 6 4 520 728
65 90 30 2 256 392
67 58 9 1 494 715
74 38 18 2 245 508
28 2 6 7 493 711
99 56 10 5 491 645
62 26 24 6 445 563
70 3 7 4 339 417
100 31 28 4 434 628
54 48 19 3 485 651
14 79 14 3 255 378
28 40 15 1 331 490
29 20 30 4 251 420
20 15 23 4 438 582
93 71 6 7 317 607
52 44 26 1 481 718
66 68 7 3 357 613
48 15 13 3 359 486
75 37 6 6 614 703
42 51 30 7 422 562
51 42 10 2 417 554
85 4 13 2 594 698
6 47 22 5 528 746
37 61 12 2 383 520
42 68 16 1 219 341
47 41 12 6 250 351
65 12 24 7 626 793
8 77 7 3 431 664
11 8 12 2 268 370
27 32 14 2 484 574
29 13 10 3 638 778
70 48 28 2 474 737
14 69 18 1 457 666
98 17 27 3 336 457
77 67 27 5 374 648
69 14 6 6 300 476
40 25 12 4 287 495
60 97 18 7 555 702
21 27 6 1 431 650
25 22 6 5 412 616
100 9 10 4 344 603
62 65 21 6 301 556
43 11 27 2 361 552
6 55 7 5 294 586
33 14 17 1 273 532
90 44 25 6 408 542
12 45 17 7 569 687
76 40 26 1 272 341
45 4 21 2 424 684
69 73 30 7 288 532
32 21 11 7 425 708
23 19 21 5 433 545
12 25 8 2 544 755
55 12 28 4 584 686
45 71 10 4 548 778
24 7 11 4 214 353
4 93 8 1 564 626
61 60 21 7 540 709
30 55 22 4 304 414
73 10 17 4 524 706
4 35 23 1 298 578
7 29 13 2 213 334
38 92 24 2 283 520
55 31 23 5 287 557
30 40 28 6 396 495
48 48 26 4 217 329
39 12 17 1 521 619
53 41 27 2 209 357
47 85 12 2 431 685
93 49 27 7 337 617
98 72 25 7 260 342
99 30 22 6 347 621
55 2 14 6 203 361
88 7 11 1 502 791
90 2 28 2 536 651
55 32 14 3 238 492
57 64 14 3 238 462
74 49 19 5 259 323
17 47 12 2 288 550
34 76 25 3 417 698
83 86 24 7 321 602
52 67 30 5 286 546
30 0 17 6 368 562
65 5 30 4 338 525
70 22 25 7 499 742
60 56 12 2 517 597
5 90 18 5 539 704
76 79 24 3 653 753
55 81 19 6 542 783
32 93 8 7 393 658
58 41 27 1 263 460
84 57 25 6 560 797
81 21 16 4 212 474
55 62 20 7 338 553
84 50 16 2 403 684
87 1 21 6 298 488
13 51 30 5 268 489
64 31 17 1 523 781
57 47 8 1 212 468
16 59 27 6 304 576
57 45 27 1 407 508
74 98 11 6 518 649
66 1 12 5 530 794
73 23 28 7 508 695
25 39 9 1 538 757
54 8 21 6 530 792
72 5 23 2 498 694
37 42 17 6 527 611
59 93 12 1 464 532
41 64 18 6 359 567
93 86 8 3 298 433
40 45 5 6 204 463
17 37 30 5 348 555
45 53 8 5 486 730
2 46 20 2 227 438
59 22 21 5 555 746
89 0 21 7 373 492
19 10 15 1 229 474
89 47 14 2 584 688
56 89 12 6 231 451
92 96 24 2 313 575
22 40 27 7 528 727
7 74 26 7 256 323
48 26 21 5 441 502
63 50 28 7 307 379
89 53 15 7 576 678
4 82 19 4 397 671
85 45 27 2 443 653
36 23 22 7 571 678
33 10 11 5 432 702
18 98 8 5 437 730
37 63 9 5 229 481
42 16 8 6 305 559
58 51 26 2 392 468
36 82 5 3 421 505
67 95 14 3 451 648
72 87 26 6 343 419
55 48 11 2 638 705
54 24 23 7 439 569
22 19 16 4 543 706
3 68 23 6 210 351
89 43 19 2 600 761
35 36 16 3 430 711
93 7 26 5 543 780
87 81 14 1 518 788
37 44 27 6 317 440
84 75 29 2 500 605
88 84 7 1 466 627
24 76 9 1 369 459
2 15 16 7 360 499
23 66 14 2 285 542
87 43 13 2 416 705
89 5 15 7 453 516
93 95 27 1 600 750
83 68 8 2 512 718
55 53 21 4 234 489
77 31 12 3 324 484
47 68 15 2 588 734
23 26 30 7 204 391
2 56 6 5 681 760
79 96 30 6 231 323
60 77 20 3 219 290
62 8 24 5 320 385
3 94 20 4 481 736
89 32 24 4 277 343
83 53 28 7 366 512
38 19 24 2 431 688
75 32 10 5 412 675
51 45 11 2 399 610
100 89 17 4 449 673
29 8 5 3 273 407
34 53 12 5 512 707
47 44 26 1 314 571
75 68 7 7 528 627
57 95 18 3 208 268
92 45 7 4 337 472
99 77 25 2 307 511
66 70 21 7 281 462
79 6 22 2 408 470
88 34 26 5 637 754
70 28 29 6 645 741
33 74 9 7 470 651
59 4 30 7 600 696
22 2 10 7 278 501
34 31 29 5 595 755
77 58 26 2 656 742
58 45 20 4 448 525
57 22 26 6 579 690
85 36 8 7 548 644
1 22 25 5 550 646
15 16 14 1 219 400
88 69 6 4 326 590
26 46 16 6 427 512
85 58 21 4 350 591
2 77 13 7 285 575
53 4 30 5 465 686
97 86 26 2 384 553
36 63 13 6 416 535
65 91 7 7 495 560
61 61 21 7 632 709
81 64 29 5 391 520
46 76 9 6 362 523
11 61 13 1 479 745
25 42 29 6 631 696
58 13 13 4 490 667
70 84 26 4 526 746
51 79 21 1 341 612
54 96 26 1 517 676
52 16 13 5 485 650
42 59 11 2 571 784
30 42 16 5 291 580
38 2 25 3 311 402
65 19 16 2 385 643
38 67 21 6 226 409
65 36 12 4 237 365
76 69 25 6 279 371
73 31 14 2 375 668
75 92 30 4 220 440
12 54 29 6 392 478
1 4 11 4 253 360
68 55 29 2 338 451
20 95 11 7 298 535
73 19 13 1 717 798
72 2 19 7 368 662
95 73 27 6 232 364
35 25 13 7 343 473
93 70 17 4 252 444
7 8 19 1 420 700
18 24 18 5 468 707
59 11 30 3 274 464
71 63 20 3 282 342
9 6 9 7 489 742
93 4 15 7 342 464
95 59 26 6 513 581
73 94 6 3 690 776
77 29 15 3 319 489
90 65 25 4 392 664
56 85 26 1 241 375
3 38 5 6 222 407
52 46 5 5 542 686
84 82 14 2 569 792
8 36 26 6 332 498
79 10 17 7 211 451
52 54 9 1 576 752
89 77 15 6 269 536
99 31 18 3 282 546
38 56 5 3 352 538
91 32 16 6 512 647
10 89 16 7 396 480
17 22 22 1 271 478
0 23 10 5 542 704
64 25 21 3 466 659
53 15 10 2 303 385
72 74 15 6 624 799
55 66 20 3 524 659
71 8 23 6 605 741
85 60 23 1 404 509
88 97 17 4 348 492
13 20 26 2 558 628
62 96 5 6 354 550
82 51 30 1 432 628
47 17 24 7 406 568
34 59 12 5 607 797
58 93 26 1 240 538
21 32 30 4 214 507
34 64 22 2 485 768
39 29 6 5 441 693
69 30 19 1 619 680
50 72 9 1 231 433
33 33 27 5 315 476
100 36 23 7 527 600
57 86 27 3 415 678
38 52 18 6 280 571
64 56 21 2 335 401
94 42 6 3 450 563
28 90 21 4 238 339
21 73 30 6 308 538
54 38 29 2 381 555
65 16 28 3 298 408
88 79 27 1 203 460
6 83 12 3 281 384
20 30 11 4 357 593
38 60 24 1 342 464
58 11 8 2 228 438
52 64 15 6 234 507
17 24 22 4 479 733
41 3 14 7 470 660
68 6 11 3 202 378
38 33 26 5 268 467
7 75 29 4 470 741
55 52 15 7 551 786
36 40 22 6 441 555
85 90 7 5 306 467
93 15 18 5 302 508
28 1 15 2 475 691
37 40 25 3 497 562
21 94 15 7 398 498
55 24 26 5 390 667
30 14 15 5 224 295
72 94 24 4 452 660
72 8 28 2 528 763
10 15 12 7 345 452
8 30 18 2 556 659
48 68 29 1 503 772
62 77 20 5 415 603
17 32 14 1 436 674
5 20 30 6 250 409
19 35 17 2 324 521
17 2 12 1 259 471
2 95 26 7 593 656
35 34 12 3 526 586
43 95 21 1 704 770
38 44 8 6 305 399
59 30 13 4 292 460
70 26 13 1 690 775
64 98 8 4 476 706
26 72 18 4 600 699
70 75 23 3 394 617
77 77 19 1 451 703
64 63 30 5 266 506
98 92 12 5 436 622
32 40 12 3 321 507
37 97 21 5 439 539
54 14 14 1 247 421
43 59 20 1 617 698
10 91 14 6 473 576
1 64 8 5 327 388
58 57 10 5 677 800
90 13 28 4 372 628
98 71 5 7 202 490
37 38 8 4 357 436
72 11 29 1 384 494
75 55 20 6 234 342
12 92 15 1 209 275
92 94 13 7 263 454
28 71 9 4 458 599
99 2 7 2 382 644
90 79 26 1 341 623
5 97 11 4 372 592
83 58 23 4 517 759
96 76 5 1 506 712
35 9 27 1 248 351
56 50 24 3 204 504
59 15 19 5 505 735
79 27 10 6 577 660
10 87 21 1 478 707
26 39 28 2 536 745
24 20 19 7 342 519
7 17 30 3 517 658
15 6 17 4 496 793
53 63 24 4 393 620
17 95 11 7 228 493
59 75 19 4 692 752
35 70 18 4 337 515
40 83 23 6 214 457
43 38 25 3 209 463
68 25 28 7 344 449
73 99 11 6 245 351
69 28 20 3 649 785
62 35 18 1 483 667
80 41 29 3 586 648
85 38 11 2 506 726
96 63 16 5 377 541
99 90 25 1 324 604
20 4 18 4 549 723
20 52 15 6 360 585
77 4 28 4 339 419
35 54 16 5 435 534
39 55 9 6 613 785
50 69 29 4 379 605
48 86 12 1 508 728
26 27 23 4 263 491
57 18 27 5 354 416
95 17 29 7 447 605
7 82 6 5 486 559
90 90 28 5 491 661
0 36 17 4 699 764
42 45 6 4 462 619
49 88 24 1 350 545
100 86 5 4 348 558
47 3 21 2 475 539
26 40 17 4 206 324
1 71 12 6 569 774
39 90 9 6 222 472
98 100 6 2 224 422
83 71 8 3 471 582
95 68 21 5 298 528
70 62 25 1 339 423
52 36 14 5 625 712
38 79 24 1 418 553
84 89 16 5 479 665
93 6 17 1 360 594
51 32 15 3 469 692
78 27 8 3 200 264
98 43 30 7 330 602
26 19 28 4 227 348
81 75 24 2 278 523
22 53 17 7 410 508
73 57 20 6 363 559
15 61 27 2 434 654
50 34 5 3 378 489
32 19 21 6 207 472
98 34 30 3 362 566
80 77 27 6 501 740
58 52 13 3 297 389
63 3 26 7 572 702
33 73 22 2 721 789
58 59 7 7 264 547
24 74 12 1 397 605
18 80 11 5 589 666
38 90 29 4 428 567
77 25 13 1 379 546
20 38 28 4 382 653
35 11 24 2 391 626
45 77 18 7 250 408
99 27 6 1 279 524
75 26 20 4 480 697
2 71 26 3 525 765
96 68 20 5 634 725
28 23 28 4 401 688
56 7 16 2 518 679
19 23 28 5 236 513
22 11 29 2 535 596
32 96 21 3 442 716
33 75 19 4 360 461
62 68 29 3 533 602
23 15 19 6 478 743
49 48 27 5 265 488
85 20 19 3 246 493
85 62 24 1 605 671
17 52 13 6 258 517
91 78 27 6 284 381
78 74 18 6 489 739
0 15 10 3 203 294
64 26 27 6 200 385
57 58 17 2 276 467
90 52 27 6 515 779
98 60 26 5 207 420
32 24 5 7 615 779
1 60 29 2 633 701
61 55 27 5 578 663
35 18 28 3 504 627
52 93 14 1 205 341
81 14 29 1 270 404
51 36 11 3 482 751
31 57 7 1 455 693
67 77 14 2 275 542
67 11 8 1 679 778
79 87 14 3 414 648
81 25 5 6 618 775
35 76 11 5 534 778
13 74 25 7 621 713
39 84 20 6 444 547
48 66 6 6 510 724
72 57 21 3 218 436
18 36 5 4 565 789
53 77 15 7 615 750
14 26 15 6 234 505
95 50 6 6 363 627
21 78 11 3 510 719
63 79 12 3 394 495
29 53 12 4 387 557
83 20 23 7 636 760
32 60 19 2 391 631
93 30 17 2 615 771
7 50 12 4 427 530
35 26 16 2 716 784
68 100 24 4 332 552
31 76 7 6 683 776
53 76 9 3 508 703
9 83 22 7 509 736
52 25 29 1 239 516
49 92 25 1 384 681
82 22 26 4 206 453
39 11 10 5 434 661
33 42 16 5 257 344
91 21 5 4 242 462
0 22 14 3 523 715
73 80 26 2 458 722
100 73 5 7 493 758
77 1 18 5 421 630
40 47 27 2 243 437
73 66 12 5 267 550
46 35 20 5 383 571
10 66 5 6 497 609
36 93 28 3 410 525
76 4 8 6 270 358
11 11 24 4 304 443
39 9 30 2 360 518
86 18 8 7 399 574
60 23 8 3 625 758
66 29 23 7 230 530
64 62 16 1 284 491
75 7 14 2 507 607
31 9 16 4 702 785
38 65 12 2 390 598
7 32 17 7 292 503
95 92 25 2 210 334
78 70 18 6 382 522
86 99 19 5 244 390
59 50 27 5 291 430
86 64 7 2 405 682
19 5 8 7 697 795
2 45 21 7 524 770
74 68 27 1 502 775
44 59 22 4 377 635
0 4 24 1 236 344
50 100 28 4 508 649
30 58 25 3 583 648
62 83 24 7 558 721
14 45 12 2 402 659
49 36 23 2 468 646
49 98 10 6 392 660
0 3 26 4 289 527
56 29 6 3 337 636
44 3 14 6 519 585
21 68 9 6 393 477
36 79 22 4 471 658
68 11 12 5 423 518
18 53 6 1 376 488
2 39 28 7 301 519
27 3 30 4 271 378
78 91 10 3 216 443
84 2 12 3 247 327
15 74 23 6 240 376
29 59 27 4 645 762
93 58 11 5 569 767
63 61 14 1 650 737
59 91 15 7 356 511
70 87 11 4 500 733
29 40 14 2 509 761
72 62 22 7 232 472
20 57 14 3 451 603
45 15 30 2 214 278
29 100 9 6 456 746
24 50 21 5 538 663
76 60 25 3 283 535
58 20 22 6 585 792
57 96 10 1 254 502
66 80 29 2 450 702
62 59 10 3 577 763
8 15 24 1 426 577
85 76 6 1 477 559
3 85 17 2 261 371
29 18 13 4 446 743
3 37 24 4 561 716
34 85 13 7 201 334
22 88 19 3 472 642
11 31 15 3 450 693
64 2 26 3 275 517
45 74 30 6 390 481
100 72 30 4 517 710
10 95 11 4 232 409
19 18 18 7 515 635
47 2 24 2 218 340
35 93 6 4 365 607
97 23 13 7 415 490
29 62 27 6 349 429
98 40 21 3 214 501
40 53 13 6 229 299
81 57 14 4 271 566
95 62 21 7 292 588
50 67 12 5 611 761
14 39 9 6 548 611
3 63 28 5 426 501
69 45 24 6 454 754
76 59 17 2 319 618
84 49 23 1 226 470
1 85 24 7 331 461
13 33 7 4 330 439
91 12 13 5 542 702
93 16 15 6 435 671
14 19 6 7 278 505
39 49 21 3 287 439
61 35 9 1 207 400
4 2 30 5 573 791
54 87 6 1 489 600
90 17 30 2 557 650
38 50 20 3 272 445
79 34 24 5 364 597
3 99 10 7 364 629
83 24 7 2 464 610
30 81 16 6 212 277
48 17 27 1 320 438
51 23 21 1 398 476
24 98 16 1 289 456
41 15 20 4 367 566
71 4 14 4 507 608
47 78 9 2 251 392
90 71 19 4 305 372
77 100 9 4 559 706
23 34 18 5 622 795
81 10 22 4 280 345
91 11 17 5 298 533
30 19 30 3 381 597
36 88 30 5 247 463
17 56 10 1 500 685
32 63 16 7 448 705
90 0 9 7 327 562
82 18 9 1 513 669
1 100 17 6 599 730
59 7 25 3 475 671
100 40 19 5 355 434
93 88 8 3 461 718
97 96 23 3 407 631
85 74 28 3 469 629
61 62 10 5 360 457
41 91 20 5 540 691
79 14 29 2 203 455
53 40 20 7 549 711
50 16 7 4 504 730
39 37 14 3 273 413
74 46 24 5 409 514
85 87 12 4 301 498
13 45 29 7 577 736
74 50 22 7 285 566
69 53 27 6 299 515
77 49 23 3 523 662
96 92 13 3 526 696
74 9 13 3 452 662
42 61 22 4 529 787
98 8 14 2 482 650
97 0 29 4 421 558
71 83 17 7 484 553
77 5 15 3 596 704
73 5 15 5 466 750
15 63 12 6 617 699
68 99 24 7 509 695
18 31 21 5 381 493
32 79 29 7 489 661
93 75 26 6 289 572
47 0 13 7 718 778
96 46 16 3 590 796
10 61 14 4 461 709
7 22 21 2 507 774
45 95 16 5 466 710
38 11 10 1 654 784
27 1 22 5 601 718
13 89 27 7 456 705
79 89 21 1 541 784
47 87 14 5 486 765
54 98 28 7 249 331
30 17 13 3 392 602
30 59 23 7 206 416
31 37 16 5 394 461
53 53 25 7 214 509
49 99 5 4 464 657
58 46 28 3 429 491
2 55 28 5 399 507
82 70 16 4 521 640
23 75 27 3 370 430
46 75 15 5 510 627
66 8 14 7 212 463
12 43 13 5 337 590
97 9 8 1 413 489
14 55 19 4 280 433
27 72 17 3 461 647
57 90 25 3 584 675
98 55 8 5 444 506
41 22 9 5 275 521
66 34 10 6 246 453
85 19 15 5 507 683
23 57 16 7 432 605
99 4 23 6 331 623
95 97 14 6 284 432
37 16 13 3 313 444
55 90 23 5 261 395
73 50 12 6 266 405
56 4 8 5 532 638
88 35 11 6 300 519
2 75 11 2 467 739
71 24 28 6 463 578
68 50 10 7 471 575
81 30 8 3 492 785
66 18 18 1 337 486
74 25 13 3 241 330
42 48 25 3 220 365
65 70 13 4 496 624
29 86 9 6 475 585
96 28 15 3 482 669
92 1 6 3 453 524
35 45 11 1 360 448
11 95 30 4 253 552
20 86 23 2 291 455
52 2 23 1 545 648
2 99 15 1 470 655
80 31 13 1 407 521
57 5 19 3 324 439
5 48 20 3 399 584
89 42 18 3 304 441
59 72 15 3 296 472
42 76 12 5 634 796
36 3 12 4 444 620
52 17 17 7 362 475
6 94 15 6 359 542
69 59 25 7 688 757
58 86 20 3 213 480
35 60 7 7 422 631
23 95 19 6 287 419
85 15 14 7 268 372
52 79 7 6 300 383
97 92 21 6 547 799
29 81 14 6 395 547
90 89 26 2 497 746
10 30 9 7 553 702
0 21 5 6 449 681
79 46 16 4 316 403
5 37 19 5 445 741
33 17 12 5 321 533
83 69 15 6 616 788
11 68 16 7 554 705
41 26 9 2 432 544
76 72 30 4 463 589
0 87 22 2 515 592
16 92 8 7 450 741
12 0 10 2 452 743
27 14 26 4 457 543
72 88 8 2 331 622
53 35 29 1 249 505
33 66 5 7 251 430
100 7 11 5 395 491
50 10 12 7 437 497
36 13 29 2 320 568
86 78 27 7 251 498
35 95 7 2 259 351
51 74 18 5 424 542
84 69 14 4 461 591
8 87 26 2 549 728
66 15 30 4 345 426
64 70 9 3 202 405
59 39 17 1 531 736
87 55 5 1 444 682
72 29 19 7 428 567
12 93 29 4 534 760
63 87 15 1 468 623
49 66 7 7 496 673
45 79 16 2 437 715
20 34 30 3 221 387
92 74 9 5 361 496
42 55 10 5 345 581
89 68 12 6 259 550
29 74 12 6 329 476
83 17 13 5 274 464
19 14 9 2 661 763
30 23 21 5 534 780
3 35 9 6 595 798
9 21 18 4 382 511
74 53 7 4 416 517
71 14 7 3 437 561
52 39 26 6 401 480
39 44 16 3 221 463
96 49 30 3 535 720
59 18 19 5 589 758
21 55 24 5 333 401
51 80 5 5 288 475
53 1 27 4 263 419
51 27 27 1 561 767
21 29 26 6 426 648
21 75 12 2 242 337
32 91 8 4 445 712
83 96 19 7 464 637
84 78 10 6 219 416
61 52 8 5 437 501
6 80 29 7 601 734
78 94 27 7 304 389
18 18 14 4 357 646
44 17 29 5 468 693
45 51 26 7 289 480
82 71 18 4 483 712
81 78 5 6 335 414
49 84 29 3 378 469
42 95 6 3 602 779
52 89 27 1 300 411
66 44 10 4 336 453
32 86 29 2 651 795
59 27 24 2 647 721
26 91 22 2 543 797
51 17 7 2 473 591
3 4 5 2 211 446
31 3 18 3 675 753
36 85 13 1 338 408
92 25 5 2 480 719
61 0 14 6 567 780
63 12 23 1 523 701
34 37 9 7 503 757
23 52 14 5 525 761
86 60 7 4 481 769
37 27 23 4 346 615
24 66 14 7 268 429
43 63 15 3 251 540
92 48 27 2 255 327
98 80 30 5 419 646
24 96 15 7 377 562
47 27 17 5 318 462
98 62 8 1 657 744
64 69 18 2 440 699
20 55 16 4 264 344
15 34 20 6 220 488
30 5 8 2 355 449
17 88 14 2 371 593
13 76 16 2 290 361
99 23 23 7 691 768
84 92 7 2 393 530
83 78 27 1 501 738
44 24 20 6 646 746
35 100 29 7 614 757
94 3 8 4 347 557
28 82 10 4 563 674
97 93 21 3 425 561
91 3 12 1 252 429
50 3 21 3 568 670
4 68 20 1 268 457
27 11 18 4 332 433
63 71 11 6 568 777
29 5 23 3 311 583
79 55 17 3 382 523
62 4 22 6 207 294
25 60 29 1 238 486
30 26 14 7 212 337
39 67 17 2 335 541
62 1 8 6 360 450
24 22 9 7 579 662
72 99 21 2 635 762
68 19 22 6 228 451
39 59 9 2 659 741
41 92 27 2 387 451
40 5 30 6 590 743
91 15 8 1 611 751
63 73 17 7 546 704
50 48 11 7 218 390
55 94 23 6 407 515
75 84 13 1 606 688
27 9 10 5 282 364
19 15 13 4 208 371
28 28 13 3 240 508
12 89 26 1 526 626
81 96 12 5 361 536
26 56 11 5 405 475
10 45 12 2 470 609
78 75 8 1 212 334
50 2 15 7 401 581
16 32 10 4 240 406
77 75 19 5 243 318
75 75 30 4 501 664
0 82 29 5 358 596
18 44 26 6 471 681
1 95 19 2 550 779
53 98 22 3 338 627
42 12 15 4 568 648
64 89 25 3 318 557
43 72 17 5 204 481
6 54 25 4 331 606
72 30 10 4 204 417
56 26 13 1 310 383
45 46 8 1 242 419
27 22 16 2 555 798
0 12 29 4 221 457
72 53 7 4 559 646
7 44 17 6 482 553
1 49 18 6 529 739
63 70 26 6 574 707
10 63 10 1 484 605
74 1 10 4 404 688
96 85 24 7 458 744
7 95 17 1 377 639
51 21 7 2 458 684
27 51 11 3 326 614
55 19 10 2 273 496
28 98 27 2 516 663
0 39 19 4 436 670
99 17 28 7 564 765
12 35 9 4 604 711
49 16 17 4 507 781
90 36 17 7 484 547
87 29 25 4 455 582
54 10 19 5 361 436
68 15 16 1 261 377
97 40 28 2 390 459
83 52 24 4 505 750
72 28 9 2 386 624
13 18 14 6 233 502
36 30 25 6 228 293
63 25 20 6 534 785
61 25 11 1 358 545
39 79 25 1 357 524
66 62 13 1 397 510
19 72 10 5 292 530
38 86 14 1 481 758
35 48 20 1 203 276
2 2 15 5 344 534
71 2 16 7 218 357
44 88 29 4 287 354
89 76 13 3 205 265
43 12 9 2 512 800
47 52 5 5 531 790
20 100 9 4 484 724
2 59 10 5 397 617
19 45 9 7 316 406
85 95 5 7 563 647
23 23 23 3 365 645
74 41 23 6 303 592
2 83 29 1 367 638
24 79 22 7 358 643
70 61 24 1 301 589
6 20 23 4 473 729
18 83 23 3 545 708
36 90 27 1 693 759
11 77 15 2 461 525
4 36 24 6 426 626
53 33 7 3 317 481
40 13 7 5 357 476
14 81 17 2 593 656
41 45 12 2 607 730
19 76 22 6 598 699
78 47 29 1 405 703
25 40 16 3 246 450
28 15 8 4 613 764
87 60 26 3 476 609
56 56 16 1 416 615
22 34 19 6 224 459
2 30 12 5 265 342
84 64 18 1 585 665
41 66 5 4 555 746
84 62 19 7 592 770
59 88 22 1 326 593
65 39 24 4 518 796
14 75 19 7 643 743
44 100 26 3 514 646
65 32 30 4 265 554
26 78 16 7 498 559
37 34 15 3 658 759
81 91 18 2 324 544
5 27 17 3 567 754
48 49 21 7 474 713
53 11 30 2 340 481
74 93 24 5 597 706
13 82 7 6 380 611
91 52 19 5 363 557
56 91 23 3 296 444
57 0 8 5 533 706
50 84 23 6 561 697
6 26 22 3 460 726
85 50 30 1 500 621
17 81 23 1 476 611
53 71 5 3 306 436
98 46 25 5 619 793
62 33 30 6 583 693
80 51 21 2 574 638
93 23 12 7 251 523
73 92 14 2 624 726
42 31 6 1 472 641
64 60 19 3 327 458
22 44 9 1 321 557
6 93 25 1 393 507
27 19 12 1 244 423
67 70 8 2 556 753
25 19 17 6 522 685
1 1 29 6 371 544
31 39 21 3 585 780
5 50 7 6 491 605
78 6 11 1 631 713
40 9 27 6 596 665
41 19 29 2 506 713
73 28 25 1 543 629
