745
72 46 0 0 0 0
69 59 11 3 329 559
66 32 24 3 542 703
4 60 15 6 420 702
53 6 15 1 472 705
11 43 10 6 528 752
24 1 5 1 609 699
80 83 12 7 689 772
98 55 7 4 268 439
17 38 27 1 631 736
100 14 7 7 327 545
18 95 25 5 235 348
34 70 16 1 589 760
89 19 9 1 531 636
66 46 10 1 402 675
62 64 17 1 631 695
86 1 16 5 415 623
22 73 11 6 631 696
89 87 29 4 365 528
98 76 5 3 460 751
20 32 18 4 569 759
35 25 24 4 227 525
6 95 6 4 490 586
29 27 8 1 630 743
95 85 21 7 269 452
12 44 10 6 383 597
17 20 16 4 289 538
80 43 10 2 542 750
53 51 18 4 484 659
72 86 18 3 299 585
42 22 6 5 325 391
1 45 17 4 257 374
23 69 9 2 348 503
61 63 25 4 377 596
7 7 16 7 247 503
65 5 18 5 485 620
88 62 22 6 374 544
6 55 19 7 255 442
26 69 14 1 474 562
10 75 8 3 570 701
70 49 20 3 274 483
79 27 20 6 386 595
65 31 29 2 275 335
56 77 14 5 509 626
46 99 29 6 522 643
88 97 30 1 700 764
72 53 24 6 344 640
49 90 27 5 216 407
0 0 8 2 319 472
50 59 12 4 312 422
8 97 7 1 322 603
66 60 14 1 290 443
99 34 26 5 540 792
52 97 5 3 591 768
43 59 25 1 659 767
0 35 8 2 382 562
32 65 29 4 507 640
90 35 18 1 499 700
100 69 23 5 415 550
72 0 21 3 431 543
20 46 13 1 442 568
14 45 21 7 235 441
89 61 11 3 259 393
37 27 28 5 499 751
65 40 20 7 379 489
24 18 29 2 359 608
13 47 19 3 531 751
90 53 11 4 246 316
87 27 11 6 318 569
28 100 24 7 447 635
6 35 5 2 205 442
94 9 21 6 496 784
13 19 23 5 227 312
5 91 23 6 512 690
62 7 24 5 492 596
52 39 27 7 628 800
76 31 17 3 561 662
89 31 12 1 689 786
11 23 27 3 410 628
19 53 6 4 342 515
79 84 5 7 282 394
53 91 15 7 203 411
33 31 5 2 326 623
66 37 13 3 230 363
26 12 8 1 314 519
48 44 30 6 327 462
81 28 17 7 369 553
57 29 17 4 324 563
37 99 25 6 341 436
50 15 16 3 435 646
77 27 15 7 486 598
86 61 10 4 404 531
2 60 17 7 342 639
3 83 8 2 322 416
57 80 10 2 363 611
25 62 18 5 311 415
12 3 28 1 314 547
92 22 28 6 371 510
100 12 7 2 587 699
37 42 16 7 203 369
64 44 10 2 366 649
47 88 23 1 363 459
81 21 19 4 229 470
54 93 19 7 593 773
69 89 24 7 367 521
61 70 26 1 572 766
17 41 25 3 310 392
58 22 17 5 562 731
61 27 5 3 579 742
65 85 24 4 300 470
3 57 6 7 674 761
28 16 30 5 512 624
72 36 6 5 575 783
46 63 23 7 237 317
30 77 9 2 443 568
6 39 17 1 393 691
8 26 19 1 662 799
82 38 6 7 255 498
94 12 13 6 209 309
51 33 29 1 621 720
9 39 5 3 635 797
57 12 11 4 480 751
6 44 30 3 506 710
39 72 8 1 485 612
33 52 24 3 443 594
81 68 7 6 246 494
56 42 18 2 667 754
54 9 16 6 721 794
98 18 11 1 601 772
10 31 7 4 290 582
31 69 5 5 628 739
36 50 7 5 354 605
45 92 18 3 211 382
59 40 27 6 567 637
66 1 24 1 479 704
71 95 25 5 481 681
90 1 5 7 446 552
23 71 17 4 648 729
45 84 22 5 241 391
97 57 12 7 486 727
45 51 16 2 602 671
84 27 20 7 508 755
78 71 12 5 285 568
1 16 7 6 477 683
19 37 10 5 243 309
85 43 8 3 435 577
13 78 23 2 484 562
19 31 10 7 460 723
50 88 19 4 413 585
72 9 15 5 493 754
2 47 9 7 425 646
49 29 20 4 385 610
85 56 5 6 687 786
56 94 16 7 515 727
44 98 26 1 527 603
34 99 24 7 403 536
11 79 18 4 345 484
52 87 30 1 597 721
5 68 5 4 507 639
68 92 20 5 484 777
35 41 27 7 689 762
2 63 5 3 294 428
65 98 11 5 425 638
91 94 21 3 306 605
44 17 10 7 290 408
68 16 27 2 383 533
51 66 15 5 411 619
70 57 25 7 307 506
73 2 5 3 240 523
2 8 18 3 482 604
42 84 18 7 481 636
61 71 12 2 581 706
64 20 5 7 349 601
75 89 8 2 478 554
86 41 30 1 362 552
51 65 26 5 532 630
79 95 15 5 501 729
16 57 28 2 585 711
90 21 14 6 257 464
47 21 16 1 201 471
29 18 23 2 256 522
33 42 11 4 478 723
91 14 17 6 392 470
77 29 11 3 285 486
25 45 25 7 328 610
27 42 17 1 499 726
2 61 12 4 285 380
92 5 27 4 514 630
38 15 23 7 613 723
48 99 8 1 360 463
26 10 28 4 326 435
18 85 27 4 509 734
79 48 13 2 375 493
53 18 7 6 246 408
36 29 9 4 204 431
8 6 22 3 528 659
74 72 10 3 668 771
1 22 6 5 468 736
68 48 25 3 231 476
76 36 27 1 535 725
75 8 29 6 365 448
33 63 27 1 649 764
45 91 10 1 352 443
27 82 20 5 585 665
37 71 10 6 583 723
29 52 7 7 548 648
7 28 11 7 305 586
85 2 13 5 620 793
96 81 5 5 629 709
61 89 27 1 542 658
54 75 26 3 242 462
47 69 9 7 269 500
60 56 14 5 340 611
70 21 26 2 206 340
76 41 27 3 254 482
35 0 9 5 436 524
70 23 27 7 340 529
67 37 18 7 241 305
80 24 24 4 428 549
83 78 21 7 430 595
64 89 16 5 519 716
87 40 5 3 370 607
38 58 23 5 448 585
5 23 14 7 411 569
95 3 6 7 568 773
13 42 7 2 418 614
55 86 23 6 368 613
77 7 24 7 583 692
40 70 26 5 206 470
1 99 10 6 354 597
66 49 16 6 460 656
68 95 5 6 404 480
5 2 14 3 673 762
84 45 24 7 256 320
4 52 13 3 251 377
80 75 6 4 485 683
61 26 9 3 505 693
8 47 11 4 233 455
52 80 23 2 363 589
19 69 27 2 259 485
86 4 15 7 395 576
28 34 14 5 494 783
98 41 12 1 454 533
7 90 8 6 542 612
51 4 9 6 566 658
50 32 5 1 245 316
55 56 12 4 477 539
10 81 17 2 350 412
20 58 25 2 469 644
50 34 21 7 223 460
73 24 29 7 420 501
67 14 28 3 233 462
34 27 14 6 622 722
8 32 5 3 285 538
8 65 26 2 322 480
29 75 24 3 208 301
60 69 22 4 200 488
74 32 9 3 302 365
62 30 23 5 279 497
76 83 6 4 214 276
65 89 29 5 646 722
49 86 7 1 428 681
92 13 23 5 539 637
58 46 9 6 317 573
60 36 13 1 210 471
61 35 20 7 678 744
99 57 24 3 506 636
70 65 10 2 275 566
73 67 20 6 200 441
88 78 20 7 375 528
94 67 10 2 337 560
10 82 12 3 445 513
82 18 8 3 221 289
95 26 27 7 420 484
41 11 9 3 232 342
62 24 22 7 355 508
1 82 27 7 241 488
96 11 23 2 558 661
37 4 7 5 373 660
9 16 13 5 499 782
25 10 20 6 494 577
40 15 25 1 252 317
82 3 30 7 370 569
90 91 22 1 483 647
62 38 16 2 657 783
21 23 30 1 569 797
98 89 19 2 266 375
48 15 16 3 247 483
77 80 20 1 516 677
35 26 29 1 344 424
45 45 21 2 419 598
48 72 11 7 381 630
19 67 29 1 250 522
56 82 14 7 269 447
52 21 19 5 584 758
72 35 20 4 429 706
77 70 13 5 227 456
61 28 7 4 449 677
35 11 17 7 533 690
99 82 22 3 284 584
12 79 23 7 412 543
0 42 29 2 420 668
49 80 26 7 318 462
74 70 16 6 371 437
35 9 28 5 447 571
86 67 19 2 200 349
86 43 5 3 541 682
45 0 15 2 516 655
14 42 5 2 557 771
83 4 8 2 242 311
25 86 15 1 272 554
65 82 10 6 254 319
59 33 17 1 351 474
98 43 23 4 454 719
86 51 15 5 422 703
76 54 11 3 432 558
58 23 26 5 553 751
56 18 16 7 728 789
8 12 22 2 466 700
65 18 12 2 351 436
55 61 7 1 245 522
46 82 24 2 535 781
16 67 17 4 361 506
67 31 10 3 411 547
99 13 11 1 424 617
13 94 14 6 393 649
10 74 29 4 461 564
45 40 11 3 475 589
68 23 13 4 224 415
93 90 28 7 268 495
12 35 29 5 365 617
76 25 25 1 681 743
80 47 15 3 526 619
9 75 11 5 615 746
66 22 18 2 290 523
76 87 21 6 452 744
19 52 17 6 478 559
60 47 19 3 606 739
39 20 27 7 409 470
4 4 26 5 217 403
70 1 21 1 663 792
88 3 17 3 212 329
23 49 12 1 442 549
34 7 15 5 439 645
21 28 27 1 626 748
89 47 23 1 282 528
35 57 9 5 221 290
13 89 17 7 587 752
27 92 25 1 349 511
69 63 6 1 260 341
28 56 19 5 601 699
57 27 21 1 315 445
3 84 15 2 422 676
76 92 28 3 589 711
66 54 27 2 434 568
2 64 7 2 297 509
49 67 15 4 252 396
69 43 10 7 354 453
62 90 10 2 695 795
66 70 26 1 409 498
68 24 9 3 322 509
60 53 29 4 250 418
46 0 27 1 549 686
82 53 5 5 370 498
29 31 11 2 546 671
35 30 23 6 484 687
39 53 17 4 211 354
73 69 11 6 381 557
28 64 21 1 362 608
95 43 16 6 587 746
27 77 15 1 359 557
99 29 14 6 303 549
1 25 15 4 261 382
27 6 18 7 271 509
68 31 19 4 311 496
53 3 20 4 436 549
24 97 20 1 457 587
47 65 25 1 547 615
93 75 10 5 342 409
61 87 16 5 517 771
69 4 5 7 595 703
47 82 14 1 208 369
17 25 27 6 426 611
50 94 19 5 300 600
42 47 22 4 385 646
12 86 7 2 506 599
40 84 22 6 248 483
73 8 26 5 671 788
87 37 8 7 453 741
96 88 25 5 320 501
70 78 15 2 526 605
1 31 17 6 356 485
69 57 24 1 299 417
26 16 9 7 592 663
89 55 15 1 225 320
74 99 14 7 293 441
26 28 27 5 202 395
52 74 11 3 351 444
49 2 12 4 270 383
2 12 30 6 586 796
22 37 21 5 247 351
91 90 30 3 639 752
4 26 20 3 385 465
16 34 10 7 206 470
92 18 28 1 452 567
62 75 5 1 310 593
9 14 22 6 475 700
5 47 25 7 357 566
12 74 17 2 206 417
10 6 12 2 522 589
16 50 21 6 258 513
48 28 17 7 216 504
48 92 16 3 389 576
34 19 23 4 400 541
56 10 11 7 544 731
21 13 25 3 289 545
55 20 6 5 434 505
76 81 25 6 552 612
84 1 27 6 233 319
62 0 19 1 542 678
32 47 15 1 471 547
22 5 11 1 526 780
83 86 27 2 633 752
32 13 14 3 212 300
9 26 12 7 288 443
72 66 16 2 382 488
94 96 9 6 335 593
32 26 27 6 564 782
53 98 5 7 344 483
66 15 30 4 522 729
87 10 11 5 298 558
47 6 24 6 700 796
54 6 23 6 639 699
62 67 23 4 287 429
88 70 9 2 596 681
74 21 10 5 472 667
93 55 9 4 326 497
11 89 21 1 389 670
68 73 7 7 480 761
77 81 21 1 384 606
17 53 5 6 200 433
50 5 21 1 385 468
88 93 22 1 311 552
89 40 14 2 286 459
40 12 17 7 235 305
45 11 14 6 258 320
29 87 5 5 371 441
61 16 5 2 335 574
100 37 9 4 268 455
84 33 19 5 461 641
66 89 11 1 489 631
65 67 26 7 517 780
18 7 29 7 504 758
10 85 30 2 510 608
12 2 28 7 284 509
12 4 12 3 610 768
91 97 22 6 607 693
7 13 14 7 334 501
66 24 28 5 436 726
76 63 27 3 305 526
53 90 30 3 558 777
32 20 16 1 525 597
96 77 6 2 337 519
1 59 21 2 532 772
93 76 21 6 472 668
64 67 16 7 499 795
82 35 23 5 361 615
85 24 24 7 288 528
90 50 27 3 486 615
8 57 7 7 511 748
90 48 5 2 368 599
1 85 16 6 499 673
21 47 12 5 695 767
69 40 25 3 654 787
93 53 17 4 250 317
71 35 25 3 576 638
100 45 26 7 444 625
78 86 28 7 497 723
97 96 11 3 247 324
78 26 24 1 402 557
6 85 24 4 602 710
41 92 24 7 517 790
52 2 13 7 418 595
40 95 26 1 412 595
57 22 11 2 456 577
25 71 18 2 383 598
80 72 19 4 286 404
68 78 7 2 443 621
57 86 10 4 528 691
68 22 7 6 215 280
88 8 12 4 322 474
25 13 14 4 221 475
58 6 23 1 384 561
30 74 16 7 401 468
23 45 26 7 384 475
94 16 12 3 305 429
96 94 13 5 458 683
40 52 24 5 233 411
43 6 30 7 279 412
26 96 25 4 359 572
27 59 16 3 250 425
75 78 22 5 304 373
10 76 7 3 248 414
76 45 20 4 306 535
87 22 5 1 274 364
36 51 28 6 366 644
35 32 14 6 274 435
52 58 28 2 535 757
61 12 17 4 281 398
44 99 8 6 359 625
10 87 22 7 435 727
9 47 15 3 577 791
62 58 15 4 334 407
86 38 27 3 387 685
18 24 16 6 245 422
71 92 15 3 368 547
47 92 21 6 383 473
22 53 16 2 451 623
30 68 22 2 664 780
19 8 14 3 252 402
76 84 25 7 291 572
24 68 17 5 323 612
21 90 8 4 289 567
2 30 16 7 333 512
43 48 28 2 220 516
0 50 30 4 256 387
37 92 17 2 298 494
34 23 28 6 217 288
81 24 26 1 277 366
68 88 8 3 517 656
8 53 7 5 447 557
92 50 12 4 478 596
97 29 27 4 313 565
33 59 20 1 622 725
21 78 25 5 344 577
28 25 26 4 337 560
30 64 29 5 203 482
17 91 26 1 283 575
10 12 15 7 527 722
88 54 13 5 235 310
14 88 18 4 351 512
91 35 11 5 590 706
18 75 21 3 444 680
1 79 12 5 247 398
22 28 15 7 325 549
64 53 5 5 278 414
93 52 10 7 243 303
2 17 13 6 404 516
8 43 10 2 284 369
54 36 6 4 278 420
38 83 27 4 454 707
30 58 22 4 463 643
72 16 25 4 567 787
93 2 14 5 381 549
67 2 12 2 493 678
63 56 15 7 286 578
87 70 13 3 613 768
55 64 13 2 589 687
11 67 10 7 217 510
44 45 26 1 235 532
54 43 18 5 297 386
96 67 22 6 477 659
96 33 30 5 705 782
47 45 20 3 449 582
99 80 22 5 693 800
25 18 23 4 356 584
82 64 15 7 443 505
35 77 19 2 482 593
7 10 22 6 622 782
96 3 14 1 572 697
0 81 12 1 221 343
34 30 16 1 387 686
31 81 28 2 362 602
57 99 14 7 698 771
34 96 21 2 522 706
34 14 19 1 509 752
95 17 25 3 375 610
78 13 10 7 702 788
52 81 24 1 475 591
49 65 29 6 213 396
78 100 11 6 620 692
30 9 18 3 420 709
51 16 27 6 398 610
26 100 8 2 440 646
66 62 29 3 590 691
92 89 22 7 271 425
1 40 21 6 669 769
84 5 8 1 334 509
43 35 17 1 540 784
56 62 26 6 202 395
36 39 10 1 522 681
99 26 5 6 247 400
91 75 5 4 329 407
86 75 14 4 446 532
97 77 16 4 411 539
64 84 6 1 340 553
57 51 29 6 415 693
0 3 16 2 396 660
62 39 6 1 494 735
74 95 6 5 214 336
10 15 24 3 585 723
9 86 19 4 706 789
88 88 11 5 380 516
81 85 11 2 568 719
67 61 8 4 437 713
1 24 29 1 392 573
51 15 23 5 432 619
82 76 7 6 559 637
50 74 12 5 342 555
75 60 11 1 416 571
8 10 9 5 507 630
50 81 14 2 691 761
18 58 14 4 322 539
56 70 8 1 438 588
89 88 29 6 337 550
13 29 11 5 468 618
65 63 29 7 443 728
6 42 22 3 467 660
40 14 19 4 622 784
37 7 10 6 568 754
40 86 18 1 200 315
14 36 16 7 388 487
79 79 10 6 514 685
88 16 16 3 216 346
12 88 24 1 577 755
75 57 24 6 339 415
3 53 25 2 219 515
63 18 15 3 614 681
26 99 26 1 305 476
61 62 8 2 285 564
53 63 22 3 489 733
11 87 20 5 603 757
7 63 28 6 662 728
8 29 20 6 720 781
48 88 22 3 381 508
66 93 6 1 635 703
53 70 13 4 274 427
18 9 6 3 411 540
26 8 23 6 242 447
32 79 18 7 207 461
75 7 6 7 501 650
32 11 15 2 373 550
6 37 21 5 279 518
71 55 15 4 480 577
82 92 23 4 434 720
67 65 18 4 495 722
39 43 20 5 594 692
95 87 12 5 326 483
38 36 23 4 627 762
92 15 10 6 365 460
75 17 14 5 637 756
68 38 6 6 250 417
82 83 24 3 448 542
11 29 27 1 423 628
47 33 8 1 211 500
71 71 10 4 404 506
11 14 24 1 528 593
84 76 17 2 373 560
42 21 28 1 500 665
69 11 22 5 690 777
42 74 9 1 216 466
4 69 15 6 208 309
40 53 8 2 227 419
92 72 24 2 336 539
100 8 11 5 669 763
83 51 8 7 226 382
86 94 12 5 321 608
4 34 14 7 443 546
46 4 10 4 398 534
95 97 23 7 405 485
77 16 21 6 479 735
22 19 16 2 377 629
3 66 23 2 550 666
99 24 16 3 593 681
80 4 14 3 592 772
35 87 21 6 536 673
14 98 27 5 280 425
48 6 15 3 359 453
44 84 27 4 362 463
91 28 9 6 468 655
25 80 26 4 378 641
42 60 12 1 432 516
59 90 22 5 213 445
2 94 16 1 725 787
44 35 25 1 701 791
19 80 18 5 420 572
49 59 7 4 292 499
13 63 28 6 395 469
52 27 14 3 214 481
98 99 28 2 399 609
48 76 6 4 550 778
42 68 12 4 240 367
3 93 23 6 483 631
7 78 8 1 261 329
71 30 17 1 439 720
25 83 21 3 325 573
44 27 6 2 540 742
51 77 11 7 284 551
34 68 8 3 522 749
40 6 27 2 433 705
81 97 26 1 473 614
79 17 19 2 376 546
91 52 15 1 668 760
19 70 10 5 370 533
77 45 11 1 436 554
50 36 13 6 207 420
94 10 8 6 621 705
7 0 10 5 366 542
20 79 16 5 501 738
78 31 22 6 364 623
84 39 28 7 432 684
68 4 8 3 367 655
76 1 23 4 499 674
99 45 26 5 346 409
83 69 19 2 256 361
42 34 11 3 503 610
6 83 30 4 256 352
65 84 8 7 622 795
96 55 12 1 301 450
40 63 5 7 514 591
100 20 11 6 387 488
75 37 15 5 483 669
25 96 30 3 507 621
95 19 23 4 517 732
8 31 20 1 696 760
55 5 14 5 435 522
37 34 10 5 471 624
84 61 12 3 341 504
48 53 24 3 418 581
20 88 20 1 542 670
33 85 7 1 584 782
43 29 12 4 223 317
49 51 20 2 560 649
60 14 22 7 475 551
27 45 21 2 638 757
18 73 10 1 501 673
73 62 10 1 495 589
11 37 23 1 572 671
91 76 8 3 294 555
67 41 22 2 406 613
61 7 21 3 598 750
74 42 14 4 269 548
96 68 8 4 628 798
51 12 14 2 624 715
46 28 17 2 309 516
