745
61 26 0 0 0 0
55 68 27 6 435 734
88 3 18 4 306 431
89 33 10 7 393 635
23 50 16 4 537 753
16 17 17 7 385 601
7 69 26 4 360 468
80 24 30 3 430 572
44 20 11 4 309 568
29 16 16 3 381 663
98 79 26 2 463 619
57 3 24 4 609 681
21 47 10 2 260 376
59 27 8 2 296 580
41 62 10 1 423 533
31 19 30 4 436 531
30 35 26 2 511 760
32 44 23 3 517 692
51 55 11 7 334 536
18 52 19 4 290 460
97 98 27 4 499 797
83 92 20 2 300 374
61 49 7 2 551 763
11 82 14 6 397 660
78 4 29 3 262 538
37 54 26 6 344 623
49 70 6 4 512 707
46 18 19 3 604 792
8 72 15 7 287 374
15 47 17 2 293 487
76 52 7 4 339 550
0 56 22 1 383 682
74 0 8 5 530 651
65 22 26 3 455 558
79 43 24 1 218 501
86 21 22 2 273 465
23 82 13 4 378 625
57 66 20 4 336 452
45 16 24 7 365 655
78 20 24 5 603 774
47 74 9 3 535 618
18 2 5 1 206 395
86 60 8 1 631 710
36 58 18 4 333 509
56 91 24 3 314 544
95 8 28 5 406 687
62 39 7 2 353 419
78 22 9 6 501 711
59 1 23 6 276 518
34 68 14 6 430 644
82 34 25 5 517 774
77 56 10 6 509 659
68 94 30 3 261 523
2 55 11 6 666 784
98 37 18 2 366 542
66 24 19 4 303 471
32 61 7 1 484 559
10 51 24 1 318 425
30 98 20 1 335 530
94 97 6 1 584 772
24 23 29 4 532 637
74 85 18 5 214 438
85 52 9 6 610 741
56 1 11 5 648 736
99 61 16 1 369 467
17 29 26 1 475 584
71 29 20 7 282 582
10 72 9 7 224 360
73 11 30 5 554 746
67 75 5 5 421 647
94 86 12 1 499 745
26 0 14 3 321 553
81 96 5 2 472 644
6 37 8 5 370 528
8 47 11 4 291 520
30 26 11 3 685 762
57 36 30 3 240 368
19 100 28 4 493 773
86 16 15 6 516 679
20 61 27 1 362 460
82 92 5 2 594 790
39 37 6 5 659 755
88 77 15 2 206 329
85 14 17 7 402 621
2 9 23 1 598 739
96 13 20 2 409 708
63 20 10 7 705 796
98 24 5 6 646 753
41 64 18 7 266 507
20 64 28 7 639 714
31 89 28 7 372 633
63 33 21 6 699 780
11 81 21 3 573 769
98 2 12 7 521 636
96 68 14 3 496 679
39 5 19 6 597 761
61 61 17 5 446 647
43 55 22 1 234 459
92 28 6 1 437 654
66 78 27 1 221 315
11 2 9 1 426 567
5 60 19 5 427 708
30 93 16 1 254 444
0 84 14 6 439 722
79 17 16 1 528 740
77 78 5 4 296 497
50 22 16 7 219 413
49 11 11 3 214 342
100 12 6 1 628 754
47 75 9 1 519 741
94 56 20 5 557 781
18 49 17 1 374 463
33 86 22 1 354 524
4 30 10 4 340 424
30 97 9 1 214 500
40 33 15 4 495 555
42 33 29 6 511 651
99 23 7 7 584 797
6 99 7 7 704 780
17 36 17 6 488 736
77 63 18 4 303 497
85 92 18 3 315 439
44 2 10 2 331 448
60 80 11 4 555 696
20 31 30 2 556 641
50 74 29 1 292 528
14 92 21 7 336 499
90 83 6 4 383 563
23 65 10 2 218 327
81 55 19 7 244 348
100 72 5 7 259 342
21 30 19 3 326 515
86 66 16 5 432 540
48 73 7 1 246 492
14 29 12 3 317 417
0 1 23 7 346 523
66 86 12 2 524 598
91 7 27 5 716 787
55 54 26 4 640 720
66 12 12 4 642 762
69 18 11 1 542 708
54 81 27 1 296 407
33 64 16 6 505 662
9 66 20 2 519 637
64 47 30 2 344 445
91 76 10 1 499 667
26 28 9 4 406 585
95 26 7 3 530 661
36 6 8 2 351 422
22 89 19 7 260 539
33 12 13 3 683 793
88 24 22 4 296 418
95 68 19 1 329 569
47 43 20 6 285 368
50 3 26 2 425 656
32 34 19 3 206 313
0 99 6 1 226 435
20 37 6 6 522 597
56 79 28 4 326 411
29 44 19 3 245 488
55 90 21 1 576 731
57 12 18 7 205 313
65 68 18 1 271 352
61 63 30 5 642 730
22 71 27 4 365 461
3 30 15 5 286 432
82 72 24 7 427 617
100 44 20 3 391 676
56 77 9 2 607 667
52 87 24 6 528 738
97 37 6 5 379 570
59 99 10 7 213 424
81 98 17 7 202 369
11 9 15 7 474 588
98 87 29 3 496 559
79 26 29 1 386 498
19 36 23 3 260 518
32 41 23 3 469 530
99 55 9 1 317 379
53 91 19 2 526 605
99 66 29 6 214 392
74 71 5 4 289 387
96 54 7 2 475 653
23 43 29 3 224 324
54 89 26 3 489 690
54 54 9 7 249 342
78 95 21 7 260 394
98 26 26 3 252 479
98 10 27 5 259 479
9 53 24 7 231 454
28 84 6 5 543 722
86 7 7 1 313 441
99 7 20 7 388 508
60 20 24 1 455 702
77 32 25 5 410 618
43 81 20 5 576 657
85 6 9 3 376 456
98 18 9 5 205 287
63 89 22 4 432 665
2 28 7 4 240 438
78 61 11 2 496 689
81 53 24 3 492 648
38 76 12 2 256 437
10 45 17 2 221 381
29 38 17 7 584 721
4 19 30 3 279 424
45 74 19 2 423 671
34 35 18 7 467 583
76 93 15 6 664 784
45 35 20 7 404 488
0 47 16 7 298 456
55 12 30 4 320 518
61 85 10 3 610 712
40 5 11 1 430 534
2 10 17 7 464 653
21 92 24 3 340 426
88 72 22 7 595 785
56 81 20 2 458 532
12 48 26 4 480 755
43 5 10 4 383 474
59 20 9 4 258 370
14 30 11 1 343 430
60 90 24 7 466 556
55 71 25 6 494 752
82 42 19 2 472 639
73 54 19 1 244 314
79 81 6 1 301 473
38 55 25 7 472 622
47 58 10 5 450 568
7 71 27 6 471 701
1 82 8 7 436 696
69 79 30 2 503 673
13 71 18 4 551 700
76 29 17 7 520 709
6 40 13 2 575 728
32 48 13 5 258 409
56 7 10 5 577 679
51 16 15 5 372 665
36 17 24 2 700 795
95 48 25 3 523 622
95 16 30 1 442 511
59 65 27 5 301 476
0 22 24 4 201 425
36 88 23 6 335 510
20 80 28 5 474 726
21 68 14 7 477 697
100 32 29 1 692 770
82 90 20 7 291 424
63 82 8 1 402 627
44 50 30 2 377 464
91 86 19 1 524 604
64 75 13 7 247 461
50 68 17 5 234 440
91 89 10 2 550 649
94 46 22 7 405 628
23 88 26 7 587 770
12 79 21 7 599 675
71 81 18 6 492 562
55 95 23 4 213 487
81 12 8 5 243 530
50 5 26 5 341 503
33 15 13 3 582 767
50 48 26 6 218 435
48 86 26 1 384 605
9 79 7 6 563 665
91 100 11 1 560 782
9 32 28 3 657 785
27 80 23 5 718 796
51 5 5 1 495 750
11 45 14 6 457 752
69 5 26 4 490 693
13 90 15 1 399 534
77 8 12 2 540 611
35 7 10 4 344 420
72 18 8 1 321 493
13 65 15 7 439 733
90 4 6 4 231 460
32 43 17 5 291 510
94 90 19 6 412 618
67 45 15 2 436 612
84 78 8 2 256 368
12 39 26 6 348 516
50 27 22 7 551 662
78 98 28 2 549 616
42 20 9 3 382 536
53 42 25 1 508 734
76 16 30 2 481 773
23 59 5 1 542 766
51 35 18 7 268 542
81 34 16 7 598 664
41 52 16 1 589 774
73 75 21 5 326 524
85 1 27 3 512 657
33 73 28 3 513 681
9 38 23 3 512 615
25 22 13 1 475 668
35 3 18 3 306 415
73 7 5 5 233 367
53 66 19 7 559 718
16 76 11 3 458 564
91 43 23 7 313 547
16 85 8 3 257 471
68 11 20 6 249 449
24 64 26 2 204 266
98 4 6 1 408 570
91 68 11 2 307 526
1 99 13 1 246 395
8 95 14 1 272 355
98 17 7 1 265 337
67 99 29 6 436 640
83 57 23 7 423 653
9 100 28 5 361 569
72 96 14 7 344 480
89 28 30 4 557 753
79 20 29 1 539 749
67 24 21 5 507 680
80 93 29 4 327 556
94 84 14 1 331 541
88 31 13 1 303 441
14 17 7 7 505 719
79 31 11 2 595 735
73 39 30 4 425 515
71 7 29 2 275 384
95 58 9 1 240 448
80 68 21 4 610 682
46 38 5 7 519 599
69 47 18 2 206 434
18 70 20 3 664 763
92 36 6 7 446 663
75 36 12 2 375 636
54 79 19 4 314 384
52 94 8 2 454 545
83 84 26 1 242 398
1 21 18 1 419 544
92 6 6 7 577 747
36 41 18 6 313 424
17 6 20 6 226 402
22 86 13 5 557 788
82 45 16 7 502 711
73 58 18 1 527 731
31 77 13 5 565 708
44 5 17 2 558 752
6 69 12 3 259 436
31 16 13 1 641 764
79 37 29 4 535 698
92 74 13 4 344 558
56 97 24 3 414 548
43 79 6 6 425 682
79 60 23 7 299 396
63 58 27 4 321 391
7 74 29 4 456 712
12 16 8 3 416 483
20 36 11 6 421 510
63 50 14 2 218 334
0 43 19 7 718 781
38 99 14 5 400 655
71 45 20 6 213 413
25 89 24 3 638 736
55 27 19 1 310 379
86 63 19 2 274 553
3 83 11 4 507 756
37 65 21 5 344 404
70 53 27 2 616 778
29 81 9 3 205 453
3 5 24 3 649 744
74 10 19 2 329 541
100 61 25 2 324 443
94 14 12 7 406 497
95 65 12 5 476 689
90 99 17 6 694 764
59 47 15 5 349 419
24 8 5 6 378 610
83 100 13 1 355 437
72 14 24 2 700 778
47 49 12 1 386 527
39 36 8 2 409 571
9 21 24 4 210 457
55 91 25 4 242 438
75 57 17 1 614 692
72 7 13 4 253 535
85 86 20 1 492 772
46 92 11 3 557 665
86 49 25 2 443 538
82 35 7 4 620 747
22 54 19 5 502 569
71 66 22 6 452 562
99 4 30 3 556 760
29 23 30 3 496 686
46 99 21 6 453 700
24 4 6 5 596 699
59 62 8 2 557 767
58 73 19 6 596 790
50 91 22 3 454 527
76 60 14 5 570 637
5 17 12 5 331 450
29 57 28 3 378 608
20 89 20 2 350 643
87 33 25 2 334 525
84 90 29 7 508 584
71 1 13 4 451 649
40 88 8 6 638 764
75 97 5 4 318 412
49 3 24 3 381 659
27 21 7 3 621 785
56 56 26 2 515 754
66 91 18 3 327 531
4 16 11 7 677 799
68 93 30 5 580 796
98 57 29 5 559 667
53 89 6 3 236 424
16 95 16 2 402 654
99 62 19 2 623 778
56 92 7 5 561 772
48 97 27 7 489 608
44 4 26 7 538 612
46 74 15 6 349 448
26 72 6 7 233 297
44 58 19 3 282 466
42 45 15 1 386 651
70 16 7 2 516 761
16 39 22 2 309 567
70 14 12 6 542 612
79 84 9 2 490 663
46 90 20 3 300 544
23 2 7 7 554 799
79 13 17 5 450 709
100 77 20 5 522 652
16 87 10 2 351 587
25 77 23 3 214 400
52 98 23 5 470 538
56 84 15 3 561 701
61 55 8 4 515 719
48 6 19 1 447 630
68 67 8 6 424 708
34 10 30 1 309 373
48 98 29 6 453 584
27 2 18 4 687 782
63 15 30 6 496 627
78 13 22 2 669 793
24 25 25 3 428 724
94 37 23 5 581 735
13 88 15 1 348 639
77 70 24 3 535 760
30 90 23 3 588 679
63 3 26 5 490 593
74 77 29 4 481 679
72 9 12 2 230 385
1 56 14 7 488 740
22 98 11 3 620 790
100 21 8 7 486 593
42 7 27 6 435 610
69 62 18 3 259 487
76 14 10 2 405 603
8 17 13 4 301 447
22 10 19 6 241 436
44 92 10 5 531 618
5 71 5 4 285 436
7 33 14 1 612 798
92 77 23 1 418 536
70 49 24 1 213 288
69 93 5 6 591 770
27 91 7 1 400 483
9 13 6 7 530 656
36 11 25 3 307 556
51 86 15 7 628 736
13 56 17 3 292 440
46 45 16 5 274 498
84 13 20 6 452 627
56 31 9 5 591 775
74 36 23 2 295 591
85 65 11 7 230 360
35 42 23 1 220 376
9 93 13 6 334 575
2 35 5 1 313 502
59 17 29 2 300 551
8 22 24 4 440 541
0 45 24 5 552 735
31 13 7 6 304 395
46 33 23 4 485 604
51 66 17 5 404 599
21 48 18 7 321 507
31 67 14 7 563 787
74 50 23 2 249 491
42 44 13 7 385 563
73 43 5 3 350 644
85 45 29 2 256 545
90 36 22 3 246 439
69 83 18 5 649 762
3 52 24 6 265 545
9 94 22 7 530 737
67 56 11 2 410 512
3 22 14 1 432 693
55 24 20 5 290 581
13 0 16 7 455 522
100 69 30 2 546 782
5 2 19 5 240 456
32 20 17 2 329 430
1 54 12 6 377 532
71 70 21 1 208 492
26 31 18 1 320 509
67 11 6 6 362 480
58 2 27 1 222 337
2 44 6 5 273 457
1 26 7 1 310 538
82 55 16 1 316 432
78 49 8 7 418 531
12 52 28 2 511 704
76 40 23 2 513 598
93 15 25 2 276 515
1 100 8 6 384 662
94 11 20 6 529 608
32 13 6 5 508 792
22 12 6 2 290 579
5 55 22 7 378 603
7 38 9 4 369 620
91 33 21 5 365 650
28 37 14 1 414 684
79 51 9 5 549 748
34 17 10 4 353 498
63 65 17 3 516 702
41 38 16 7 574 752
37 26 30 7 505 595
48 71 25 3 556 636
73 89 16 6 592 779
36 83 23 1 634 744
95 87 28 6 315 603
63 84 28 7 461 638
31 90 11 7 311 453
50 92 25 5 480 697
81 20 21 2 317 400
21 83 14 2 361 515
7 52 27 5 251 358
58 66 25 2 438 510
88 86 30 2 217 331
74 14 15 2 272 421
80 9 14 1 340 439
24 26 26 7 468 643
16 91 25 1 498 614
60 15 18 3 457 753
97 93 19 3 406 603
37 62 29 5 672 755
95 75 15 3 599 774
100 91 24 1 403 534
75 0 26 1 275 486
63 61 11 3 344 446
12 14 19 3 246 433
37 19 9 2 415 594
43 44 6 7 543 717
93 11 28 7 509 749
12 6 8 3 652 759
73 60 22 1 257 358
65 41 15 1 399 616
74 34 17 4 273 489
53 6 16 7 442 741
66 97 30 5 277 503
76 89 17 3 639 775
40 39 23 2 276 430
67 96 27 5 418 497
97 17 29 4 348 433
4 31 7 2 205 441
41 100 6 2 535 670
65 39 13 4 515 712
47 66 7 4 461 538
88 93 17 5 557 740
23 24 9 7 326 587
7 27 16 5 216 487
94 32 13 2 388 550
31 1 10 5 249 340
89 70 16 6 638 746
21 93 10 6 480 699
58 27 10 7 403 631
33 96 25 2 395 588
70 45 26 5 644 744
67 42 5 3 382 627
13 80 6 6 403 637
93 22 18 6 292 355
68 23 12 7 275 367
53 67 24 3 288 420
81 48 11 5 222 486
95 15 15 1 401 535
62 65 24 6 444 509
53 62 17 4 494 728
89 92 29 6 496 769
45 55 21 5 444 555
32 2 14 2 521 619
37 82 12 2 311 584
97 59 22 2 224 451
45 71 30 6 465 560
90 40 18 3 347 468
11 62 15 2 227 418
79 22 14 1 581 724
39 7 13 6 687 747
14 9 30 5 205 356
8 54 19 4 446 606
48 63 30 3 497 792
40 4 13 1 610 798
99 56 9 3 402 490
55 5 6 5 414 611
56 18 22 4 434 542
53 3 16 4 390 555
41 12 22 3 489 782
85 58 15 2 460 669
53 20 18 5 527 791
91 30 8 3 375 664
69 33 14 1 310 373
48 36 8 6 363 432
66 53 15 5 296 465
42 42 28 7 697 799
84 73 7 2 222 384
55 1 25 4 361 486
4 34 30 4 453 525
76 48 9 5 481 660
6 3 28 3 375 536
40 81 13 1 631 734
98 31 8 5 239 408
39 72 26 4 636 798
78 1 30 4 482 731
59 8 6 1 220 321
94 41 15 3 495 639
20 76 12 6 334 451
51 2 15 5 384 523
6 85 5 5 523 634
58 82 9 4 582 727
64 25 8 2 596 713
61 95 8 7 447 550
70 69 13 4 217 499
37 27 22 2 349 546
47 31 9 4 243 485
85 8 21 7 418 690
41 55 7 1 390 664
69 53 22 5 237 451
79 16 6 1 409 503
20 21 21 3 496 609
55 88 7 7 448 744
45 38 22 7 390 597
83 50 21 5 226 515
73 15 14 3 324 550
48 30 15 1 217 339
9 45 16 7 224 375
63 14 19 4 250 504
36 27 14 2 334 499
94 80 25 5 245 398
50 83 14 4 232 461
46 34 11 4 607 782
39 57 22 1 368 446
85 80 22 4 266 342
37 47 10 2 542 662
50 85 21 1 207 275
92 52 5 5 210 337
49 76 25 1 248 514
58 85 6 3 592 692
99 14 18 3 270 569
98 50 27 5 215 506
57 79 25 5 446 520
52 45 25 3 538 711
30 62 24 3 238 408
56 70 18 1 494 751
30 61 6 7 567 794
13 73 15 6 363 442
100 16 26 6 391 597
44 72 14 3 613 675
70 73 7 2 612 759
80 76 9 3 390 669
30 34 20 3 463 600
35 72 29 3 225 295
33 7 22 1 522 769
19 33 19 2 355 592
5 96 9 3 458 666
74 35 18 6 562 747
4 26 22 2 221 413
50 21 29 7 465 710
47 91 13 3 705 779
62 37 24 7 383 504
3 10 22 3 216 339
4 82 14 2 370 433
75 77 27 5 207 436
97 45 25 6 419 541
99 54 12 1 605 786
54 1 17 4 555 663
73 46 12 4 262 435
97 84 23 7 480 618
77 75 27 2 370 453
76 2 28 5 415 677
54 71 22 5 338 488
7 41 12 6 307 490
8 6 20 1 293 362
91 34 13 3 260 523
87 0 26 2 398 686
84 42 14 2 359 482
22 7 19 6 236 428
84 79 25 2 383 560
92 41 8 7 419 610
62 1 27 1 404 490
72 67 25 6 343 614
57 42 14 1 413 622
79 50 20 7 402 634
37 57 18 6 218 469
50 99 8 3 324 503
89 89 28 5 234 307
37 34 5 7 346 637
76 50 29 4 546 791
11 66 24 1 265 451
55 16 13 6 289 402
96 26 21 3 678 765
17 37 10 1 584 759
5 99 14 4 485 641
73 5 28 5 441 538
47 60 12 5 209 432
37 41 23 7 264 371
92 85 26 4 418 692
60 46 9 5 588 730
89 55 28 7 541 679
59 64 6 7 307 444
68 66 21 3 452 718
45 90 20 3 316 421
27 28 25 3 461 596
51 34 30 7 592 687
29 28 7 6 677 754
15 76 20 3 423 493
2 80 19 1 667 775
53 70 15 1 573 709
58 18 11 5 268 537
30 17 8 2 577 655
83 2 25 2 344 504
11 24 24 1 246 397
31 21 27 7 210 272
41 74 27 2 269 401
23 77 20 3 275 458
75 7 30 7 329 408
69 27 6 1 417 595
88 91 11 7 599 694
55 97 10 6 492 691
50 28 23 6 265 485
94 9 7 1 466 608
38 58 12 3 504 737
90 80 19 2 538 680
6 29 29 4 625 751
26 44 30 3 532 625
73 3 27 2 608 768
62 75 27 6 286 545
26 5 25 1 250 487
30 0 20 1 254 447
62 78 9 3 419 593
40 74 21 4 385 630
15 98 12 2 605 686
