550
79 61 0 0 0 0
62 2 30 7 338 552
98 76 17 7 269 507
12 6 10 1 577 688
62 32 12 6 344 531
28 30 22 4 594 671
19 50 30 7 672 778
12 7 7 2 464 568
75 18 13 7 388 628
58 53 8 7 431 670
23 18 13 7 206 338
12 63 13 1 567 757
54 66 21 7 437 603
56 7 26 2 649 724
44 65 18 4 536 609
90 16 26 3 723 791
56 55 16 5 416 562
17 79 11 7 719 783
56 12 19 5 327 432
52 91 29 1 496 654
13 77 21 4 536 766
47 1 20 4 536 738
11 94 30 1 460 627
68 3 17 7 232 365
85 53 23 5 569 710
98 94 12 6 467 629
62 17 18 3 390 523
34 8 5 7 352 474
15 52 11 3 577 783
25 40 29 6 207 414
72 48 17 3 369 484
44 63 5 1 335 543
36 13 13 2 413 596
32 75 8 6 570 658
36 28 22 2 265 359
33 31 10 1 306 470
30 96 11 6 552 647
9 97 21 3 480 780
100 35 14 4 252 458
84 39 15 1 571 634
1 84 8 3 363 565
37 54 16 1 602 710
0 71 27 6 563 736
19 6 7 4 284 519
26 29 11 6 262 444
68 15 7 7 675 765
92 83 10 6 454 636
35 67 13 4 548 756
41 41 16 2 382 537
39 1 16 2 425 573
88 41 29 3 205 485
7 84 29 5 222 409
51 51 26 5 412 677
39 59 23 3 368 591
91 66 19 7 439 683
21 69 29 1 342 516
23 50 30 6 351 634
60 64 26 3 320 442
21 31 23 1 454 578
20 32 19 3 523 658
57 67 24 5 539 702
90 98 10 4 206 447
9 31 25 4 310 579
18 43 23 5 264 353
45 71 24 7 227 327
55 49 26 3 320 412
66 59 22 5 400 549
13 35 20 7 497 697
87 55 22 7 609 689
1 29 26 1 395 550
82 5 26 3 615 682
65 21 21 7 309 447
7 69 20 7 332 504
95 48 14 5 570 661
63 30 25 3 252 402
92 91 14 4 309 417
63 16 21 6 382 635
36 42 9 7 332 616
60 17 17 4 504 758
100 12 21 3 687 786
82 96 13 4 641 782
48 74 30 1 477 562
26 66 8 7 347 415
60 26 20 6 470 666
25 49 25 3 324 495
64 3 17 7 372 525
69 46 10 5 360 644
54 41 19 3 407 517
39 69 28 5 427 698
78 7 16 7 701 782
51 89 23 4 435 588
15 17 15 6 543 692
53 88 16 1 469 609
51 38 7 5 535 770
49 36 8 5 261 383
2 0 18 3 542 647
92 19 5 3 406 593
20 12 8 2 468 553
32 95 6 4 374 588
67 67 21 2 285 376
26 98 27 6 551 787
55 83 16 1 289 550
86 42 28 2 449 565
3 42 10 3 553 639
32 21 14 7 201 451
29 36 11 1 233 499
23 41 18 7 306 518
11 3 21 2 350 563
49 82 24 2 251 381
7 6 28 4 447 556
7 50 10 4 514 741
9 84 27 4 553 655
95 78 12 3 304 516
41 51 7 1 570 754
32 41 12 7 559 700
73 88 13 6 254 470
38 84 12 3 351 437
87 42 15 3 375 652
94 30 16 3 543 695
89 28 19 3 284 489
23 51 21 2 455 717
69 35 17 4 226 446
49 60 27 1 427 608
41 75 17 4 602 724
54 68 23 2 264 393
36 100 10 4 266 439
45 51 6 2 599 784
85 27 9 4 259 415
18 65 15 7 345 559
43 4 30 7 242 384
16 25 22 1 360 606
11 61 11 2 344 539
8 83 13 3 664 789
46 2 6 1 241 382
88 88 12 3 480 692
61 63 16 3 585 754
50 61 20 5 487 644
20 21 18 4 572 755
30 46 11 5 490 720
100 91 24 5 210 483
74 55 27 4 480 655
47 71 10 1 304 550
68 18 24 7 207 366
10 22 29 7 278 400
21 70 26 7 492 658
7 15 16 5 541 630
44 84 22 4 612 739
16 46 19 3 324 455
42 39 26 1 301 515
59 73 5 7 385 577
74 23 11 1 251 450
20 51 10 6 292 443
3 44 18 5 464 575
15 0 26 3 493 709
85 62 25 6 492 561
42 10 17 6 270 359
87 29 16 6 246 332
59 17 26 3 482 626
76 48 5 1 646 799
38 72 29 3 266 463
90 99 27 2 522 618
91 12 23 7 473 624
59 71 27 5 343 404
74 69 15 1 529 766
60 4 17 7 534 764
29 90 21 4 343 452
50 91 21 4 455 641
11 23 12 3 372 653
49 93 24 6 600 757
53 43 19 2 542 669
27 48 27 1 629 693
100 0 5 4 320 514
30 75 6 3 553 770
48 34 24 4 451 670
56 18 7 1 293 450
93 92 11 5 501 738
12 28 30 4 224 348
73 100 6 2 456 522
56 39 19 7 456 592
33 75 13 6 340 591
82 76 14 1 459 642
5 10 11 6 648 743
2 10 11 7 254 423
63 13 24 4 385 540
64 93 24 3 579 728
85 41 26 6 589 777
40 48 10 7 300 368
47 34 18 1 512 632
83 62 19 5 360 595
94 92 29 5 239 399
38 31 15 3 545 779
85 4 14 4 356 586
4 53 19 3 556 722
100 4 6 2 490 675
81 78 21 7 393 681
72 7 10 5 591 701
34 97 5 1 370 663
53 22 7 3 362 457
33 9 25 3 484 664
39 42 5 2 454 540
62 49 10 7 273 572
83 85 18 4 278 540
42 27 15 1 580 713
62 76 19 1 220 291
65 45 25 3 435 546
60 8 28 3 331 606
30 1 13 4 446 657
34 27 12 2 300 399
90 25 19 3 394 464
89 17 19 6 528 732
25 24 12 1 337 524
13 87 9 4 259 530
66 83 21 7 349 581
67 34 14 1 444 539
21 81 9 3 540 677
5 3 18 4 276 343
78 76 25 4 438 578
60 72 29 7 646 763
57 81 17 3 335 446
9 0 18 5 235 339
50 71 18 6 328 504
48 64 11 7 354 642
14 49 11 4 612 796
90 88 24 1 348 476
40 9 23 4 271 379
50 5 14 5 387 512
24 91 21 6 463 551
43 72 8 5 332 533
93 11 26 2 345 583
32 4 10 5 633 781
81 17 6 7 591 747
7 68 5 4 461 685
48 26 28 5 270 409
33 40 18 1 392 503
12 94 22 6 529 613
51 67 17 1 439 677
61 16 6 5 473 644
12 64 17 1 222 311
47 88 16 4 211 294
96 18 25 4 470 695
41 73 28 1 612 759
100 10 9 3 471 687
26 6 10 2 238 449
45 73 27 5 266 354
69 42 6 4 471 702
86 43 5 5 297 583
50 7 27 2 514 733
21 97 9 1 523 637
61 61 21 7 340 637
15 38 29 4 577 680
90 31 23 3 608 726
37 91 8 6 643 718
20 63 30 2 398 624
3 69 27 1 385 469
35 60 15 5 430 702
76 42 11 7 281 576
65 83 15 7 515 688
57 98 12 3 403 519
49 18 5 4 467 734
43 51 12 1 517 611
5 79 13 7 414 658
18 56 28 1 639 784
89 69 9 5 527 765
59 100 27 5 334 549
42 51 28 6 233 413
52 3 16 3 540 695
49 72 24 5 353 598
60 23 18 6 266 463
46 26 13 6 636 795
95 10 12 4 385 576
41 94 27 3 569 672
10 2 24 2 227 450
65 39 8 2 551 615
11 39 29 3 644 756
0 84 30 7 574 765
67 68 16 7 393 635
90 19 14 4 302 548
96 71 25 5 254 487
45 24 28 2 498 575
45 85 30 7 247 361
34 84 12 4 597 704
36 36 26 7 337 539
62 67 26 7 616 769
21 1 25 3 483 780
72 29 16 5 226 514
3 89 7 5 676 736
73 39 29 3 398 506
17 57 9 5 203 371
66 91 28 4 512 798
85 7 21 5 486 659
44 93 21 6 289 363
64 15 30 1 266 363
43 42 18 2 635 725
55 62 6 7 566 672
15 10 23 3 294 433
69 52 30 6 219 496
51 59 29 7 442 701
17 66 22 6 537 761
50 13 18 7 207 267
100 57 14 5 327 567
78 87 25 7 256 536
52 27 21 3 404 525
28 58 12 4 358 622
88 56 19 6 277 459
87 10 29 3 572 655
67 13 5 6 517 626
17 23 21 2 559 787
61 81 6 7 423 692
51 39 26 5 466 701
87 94 17 7 312 476
38 83 29 5 207 444
60 9 12 7 510 679
52 34 27 4 579 726
33 95 19 7 201 266
21 93 17 6 515 787
39 71 10 4 293 463
62 60 12 3 648 793
24 51 6 1 426 591
89 65 28 2 534 677
70 9 5 3 289 473
84 27 22 5 516 687
92 32 8 7 304 414
3 39 25 2 274 406
83 66 10 3 328 541
48 11 30 2 562 698
65 94 9 7 371 589
22 33 18 1 589 704
7 10 28 7 208 491
44 61 22 1 468 692
19 7 6 2 224 407
39 50 30 1 245 314
80 77 15 6 435 514
91 24 29 7 555 709
24 93 13 7 567 743
16 90 15 4 249 438
48 52 20 3 436 559
28 81 15 2 574 783
27 43 24 7 487 653
9 45 10 6 262 422
94 32 9 1 628 762
21 78 12 7 364 559
19 91 29 7 342 590
87 24 16 7 214 412
28 55 19 2 479 712
100 60 25 7 502 631
77 42 19 5 603 687
71 34 15 6 311 574
75 59 24 2 299 417
2 65 14 4 263 476
13 92 19 2 516 699
83 9 30 3 304 477
95 15 21 2 530 783
47 45 19 7 700 761
13 78 10 2 636 762
1 45 12 1 209 386
30 86 24 1 276 476
19 32 5 4 275 556
20 39 9 4 528 615
86 63 5 1 288 455
55 65 21 5 605 699
20 91 26 1 542 626
77 45 30 4 632 797
81 75 7 1 529 751
88 99 24 2 257 438
95 7 21 1 575 749
28 70 13 7 481 632
97 13 19 2 261 477
39 24 8 7 440 683
12 21 16 7 533 637
60 61 9 4 303 452
87 72 11 3 480 741
71 10 15 3 235 429
40 82 21 3 458 739
70 23 24 3 326 424
70 80 22 7 435 660
39 22 14 7 400 645
74 100 11 5 399 464
18 93 8 5 362 576
90 87 28 6 318 540
82 40 5 4 619 712
0 60 5 3 385 564
43 36 17 5 684 795
38 37 16 3 656 751
72 72 19 4 245 338
42 0 18 7 314 539
47 83 29 6 215 321
66 72 29 3 405 620
60 45 14 1 249 501
20 16 30 5 334 582
66 64 16 6 549 791
67 10 24 1 265 545
97 82 24 1 239 363
84 22 16 6 396 692
0 32 30 4 643 712
3 21 10 6 472 634
18 6 10 6 334 456
54 42 9 3 253 344
84 97 18 4 223 470
5 46 28 7 584 743
11 13 10 5 600 785
36 98 5 5 405 644
15 66 24 4 308 524
51 40 26 6 217 365
55 100 11 7 462 625
65 68 6 2 302 548
48 45 6 7 279 456
73 1 13 4 366 596
21 25 14 6 341 554
93 60 23 6 339 603
6 19 20 2 225 370
6 88 30 5 591 745
40 19 7 1 260 545
99 53 6 5 278 380
54 87 6 4 407 566
44 31 13 7 425 654
82 63 29 6 221 372
53 57 9 7 208 453
25 70 17 5 565 714
56 8 13 7 400 693
86 87 28 3 254 486
61 87 18 4 319 525
37 61 21 5 469 682
23 29 23 4 555 762
39 36 17 5 243 388
63 93 16 5 682 784
22 68 13 3 201 286
17 87 15 2 435 498
71 77 12 7 203 314
17 72 18 2 220 348
28 50 22 5 370 621
33 12 16 1 543 728
89 81 12 1 361 559
18 12 18 5 297 415
85 12 29 1 403 470
47 15 15 1 213 451
6 28 22 1 490 721
53 62 24 1 345 535
95 54 28 1 419 687
95 36 29 5 540 735
61 13 10 7 463 577
64 47 21 6 449 511
16 6 13 6 328 395
36 94 10 1 235 524
83 44 24 4 539 686
47 86 24 3 323 541
87 68 21 6 370 578
17 27 6 6 470 551
38 57 28 5 230 471
51 60 25 1 281 533
45 75 19 3 282 399
44 78 10 5 516 727
99 84 11 1 327 430
78 99 30 2 282 517
42 25 10 4 470 655
73 13 25 5 572 728
15 67 20 1 346 421
31 77 30 4 421 515
87 7 29 1 586 689
98 53 7 5 241 346
42 57 30 2 430 619
13 42 5 3 420 507
67 69 11 5 531 737
37 70 7 6 275 468
72 80 15 3 552 694
78 39 24 4 472 602
7 58 14 1 404 606
41 19 29 3 239 460
53 51 28 6 321 561
9 77 18 4 592 691
86 41 12 5 228 422
59 8 6 2 211 486
70 56 20 6 504 712
37 68 24 1 582 642
97 91 13 3 238 301
51 80 5 5 623 747
14 39 10 1 327 401
53 41 21 3 634 723
67 98 19 4 609 725
66 88 7 7 324 606
50 6 6 6 275 440
85 96 23 2 214 476
71 82 7 5 553 747
34 21 10 4 287 548
24 74 10 2 582 693
35 12 10 6 211 429
84 16 15 3 468 679
66 13 8 5 345 639
74 93 20 2 621 729
61 71 27 1 515 785
19 46 18 4 483 634
36 23 26 4 399 557
15 72 7 3 498 618
51 33 28 7 351 583
24 89 28 5 311 396
50 42 14 3 462 636
94 25 22 5 289 392
14 88 24 4 251 506
45 50 23 1 619 789
2 100 17 6 279 438
97 54 21 1 405 611
41 81 12 4 503 595
33 50 10 1 332 481
47 0 15 4 397 545
40 84 24 4 538 641
41 17 10 4 307 600
43 93 21 2 312 558
96 20 19 3 343 618
40 93 8 2 433 513
37 55 13 6 332 435
99 8 29 4 528 678
92 80 28 5 283 497
90 69 10 4 241 504
55 97 20 7 295 493
81 83 23 6 389 564
9 53 11 5 702 784
87 1 18 4 582 700
16 0 8 3 215 407
4 59 9 6 578 664
69 4 17 2 511 658
53 6 7 5 585 741
4 90 18 6 444 518
3 68 16 3 534 618
54 58 29 3 309 430
63 20 6 4 380 476
55 63 18 1 451 642
92 0 14 7 359 571
40 71 10 5 430 507
47 96 15 6 247 494
22 17 29 6 680 747
40 18 10 3 529 685
5 24 18 2 312 467
38 79 15 7 276 491
9 4 5 5 525 800
4 20 13 4 296 457
68 58 9 2 316 504
33 1 7 4 326 511
12 62 16 5 489 752
10 19 22 5 266 529
7 34 15 3 511 638
34 57 25 4 363 639
16 92 10 1 354 488
84 81 7 4 301 546
58 73 14 3 600 749
21 85 18 7 443 545
10 0 6 4 413 677
85 20 26 3 383 491
17 85 13 7 306 603
24 22 18 5 482 595
75 43 22 3 414 549
99 81 25 1 333 607
