1790
47 58 0 0 0 0
59 22 26 6 356 564
99 22 27 7 497 764
79 63 23 7 478 646
88 84 28 4 622 757
37 80 22 5 504 728
47 79 23 5 452 679
3 78 14 2 435 601
30 98 19 2 593 705
47 20 17 7 506 739
70 53 25 6 380 476
16 37 25 5 458 710
14 84 29 6 358 460
75 52 24 4 577 761
31 32 9 4 264 555
31 19 19 2 313 611
66 37 5 5 324 442
19 70 11 2 553 786
96 35 8 2 249 398
20 94 30 7 386 446
16 5 6 5 543 800
55 12 11 3 325 564
79 17 26 2 455 597
18 95 30 5 556 720
56 22 18 2 489 742
6 62 24 4 248 423
22 87 10 1 505 800
72 66 23 4 299 586
63 87 11 2 386 649
59 6 16 5 469 637
14 0 23 1 252 505
44 43 13 2 469 644
72 86 5 3 295 525
89 80 7 4 223 306
14 9 21 1 306 512
75 59 7 5 302 543
86 39 27 1 238 498
71 17 15 4 645 749
50 45 30 3 366 597
19 53 11 6 330 542
44 19 17 4 431 576
11 25 18 4 315 545
11 54 9 2 332 583
60 49 5 3 270 429
78 30 25 2 308 550
92 56 20 4 379 445
0 18 28 5 272 375
25 27 30 6 444 513
52 61 17 1 440 713
68 87 10 3 415 525
0 84 28 5 317 530
47 57 30 2 223 393
48 63 29 3 507 782
40 62 10 4 665 728
10 35 9 1 369 476
77 15 26 5 496 694
91 29 18 1 269 470
27 5 10 6 410 651
27 49 25 6 205 266
11 69 7 7 444 571
24 65 14 6 380 602
18 14 27 3 577 677
43 39 9 6 537 783
39 25 20 2 229 310
5 72 5 6 355 630
93 90 16 1 450 586
96 14 29 4 216 456
7 54 26 2 331 569
68 15 25 3 228 319
91 75 29 6 429 651
66 44 18 2 404 566
91 49 8 4 416 682
95 5 17 1 377 645
59 52 19 5 252 437
99 33 9 6 273 424
79 79 28 3 645 744
51 23 26 5 475 625
70 76 27 2 547 669
18 27 23 1 223 358
17 80 27 7 344 599
79 68 12 5 263 455
85 25 13 1 323 485
94 63 9 5 438 642
80 34 7 6 607 787
57 51 13 4 461 603
60 80 16 4 474 724
36 55 22 6 526 762
39 24 26 3 373 572
18 80 20 4 311 436
25 56 19 4 511 650
48 33 14 2 582 681
48 52 16 5 532 594
82 60 26 6 618 704
9 89 28 5 325 432
25 73 26 1 284 381
49 44 29 5 203 363
3 59 12 2 329 467
70 62 21 5 566 687
96 62 9 1 555 667
82 84 5 7 592 753
42 32 14 1 323 484
78 42 26 1 306 533
99 59 14 1 357 451
66 53 14 7 524 584
81 67 14 1 301 509
23 72 30 3 513 790
16 51 21 3 505 701
37 28 23 6 449 578
97 81 21 2 369 595
46 93 26 1 453 698
87 94 30 2 661 730
68 95 21 3 540 797
60 28 21 7 252 388
86 62 12 4 220 327
25 65 7 2 717 780
93 28 23 2 457 715
32 30 15 5 204 451
2 34 26 7 416 690
17 18 24 6 468 538
48 53 28 6 237 334
56 73 26 7 318 475
63 59 25 6 415 653
99 43 7 4 326 574
96 38 9 1 256 395
24 99 9 4 503 682
43 97 17 2 341 459
96 61 14 1 583 740
53 22 20 1 456 594
57 30 6 2 457 643
62 53 25 6 334 470
53 56 5 2 301 534
43 49 13 5 521 714
62 28 5 6 323 464
6 93 22 1 285 536
1 9 20 2 317 394
87 83 10 1 512 763
39 39 30 1 435 556
77 45 20 7 246 419
70 40 20 6 594 791
11 66 23 7 258 479
41 27 24 5 479 679
95 59 8 5 440 690
35 5 26 1 342 633
4 27 8 7 237 343
73 88 12 2 634 708
29 74 21 4 532 741
14 27 16 1 384 534
27 33 30 5 566 792
30 42 29 6 404 655
9 23 30 4 339 437
86 51 8 4 269 410
18 70 10 5 496 564
38 13 6 5 314 378
73 36 20 2 221 378
42 72 6 1 590 743
27 1 26 1 395 596
11 43 14 7 369 437
58 21 10 5 589 745
51 16 11 4 699 779
90 41 5 3 545 674
19 63 29 6 352 645
21 80 7 7 249 328
24 24 7 3 360 537
35 35 27 5 232 407
19 44 11 7 372 468
27 75 8 1 443 614
87 81 27 6 608 702
11 9 18 5 389 548
83 53 27 3 334 397
74 42 18 3 565 662
20 72 10 4 377 642
89 5 23 4 203 437
43 68 8 5 221 425
85 22 6 6 279 386
29 11 11 5 368 488
54 42 7 2 233 333
75 28 25 4 272 423
26 55 30 7 433 598
18 67 20 5 370 468
42 7 11 1 486 668
65 40 27 7 519 602
86 33 14 3 413 681
4 85 28 1 254 518
1 88 10 3 554 660
73 9 16 2 490 698
82 23 11 7 540 697
71 29 17 6 460 592
95 74 6 2 423 581
96 27 8 6 207 479
16 69 7 7 349 598
63 63 24 7 332 614
43 46 14 4 369 626
31 64 26 1 219 417
55 63 14 7 326 602
32 59 8 2 475 551
7 79 24 6 234 331
34 43 9 7 486 738
70 85 13 3 394 622
14 61 22 5 379 618
45 21 13 3 551 668
9 99 22 4 420 718
47 44 16 2 338 424
9 13 13 2 291 465
42 36 7 6 570 707
75 96 25 5 471 717
74 32 5 4 464 617
29 41 26 1 462 559
96 55 5 6 403 483
45 11 12 1 650 791
86 17 9 3 430 666
81 94 15 2 604 717
100 62 18 4 572 796
99 52 25 2 259 473
20 99 25 7 379 651
85 13 30 3 249 488
31 10 11 6 574 775
18 51 24 5 584 727
5 29 11 7 327 583
91 48 11 1 428 648
43 29 15 1 490 661
36 13 6 5 481 752
89 47 28 2 420 644
93 74 10 3 458 630
25 15 21 2 566 770
86 95 20 5 250 426
50 94 6 5 548 749
85 49 13 5 277 491
85 89 6 3 296 540
58 38 16 7 385 465
75 77 13 6 383 580
17 26 17 1 592 718
54 59 6 4 617 745
32 68 26 2 236 396
36 99 13 7 706 794
65 49 5 3 360 659
95 46 23 7 495 559
51 53 11 1 460 624
74 95 29 6 285 462
85 91 9 2 209 504
26 5 13 1 495 708
76 21 5 5 640 755
28 97 9 1 526 645
63 55 17 2 312 486
59 84 27 4 305 462
15 97 29 6 234 399
30 46 30 3 527 752
98 69 12 1 563 725
65 62 17 3 380 674
0 65 29 5 492 561
53 1 16 5 516 617
59 82 22 1 379 470
15 6 20 5 594 796
27 57 8 3 438 629
64 17 9 2 449 644
38 98 17 1 388 677
76 73 18 6 284 449
70 4 6 2 267 559
54 11 25 7 385 611
61 69 8 1 529 682
8 87 15 5 552 721
51 5 19 2 227 392
70 49 12 7 475 559
58 0 25 5 219 508
80 57 5 1 416 705
40 83 9 2 591 760
59 56 11 1 526 592
16 19 20 1 277 446
89 42 24 5 217 283
12 96 20 6 413 698
90 40 6 7 499 579
32 82 5 7 287 496
24 88 22 3 555 635
81 42 17 7 320 587
12 22 10 4 634 703
7 7 13 3 475 543
60 90 6 3 487 625
71 7 15 7 508 668
4 8 19 2 257 549
30 72 17 4 381 538
99 83 28 6 358 583
54 87 22 7 325 477
9 59 10 6 508 601
65 98 17 1 508 673
38 0 25 3 330 422
64 33 24 3 530 795
42 18 6 3 622 732
21 0 26 4 531 690
15 82 21 5 442 536
73 86 17 7 670 788
52 51 21 7 206 448
25 76 22 1 366 428
43 87 28 4 465 572
14 25 25 4 372 467
64 86 6 6 467 606
19 87 23 3 692 782
17 29 18 4 547 775
53 11 7 6 500 686
96 51 30 6 482 551
32 26 17 7 357 537
31 73 27 4 321 449
90 6 26 1 386 680
44 13 24 4 711 780
17 99 15 3 375 436
57 26 27 5 262 453
35 20 29 3 342 500
69 78 21 4 292 396
13 97 19 6 637 745
33 5 20 3 645 784
79 3 15 4 492 756
91 97 23 2 239 392
78 88 5 1 297 407
90 28 9 3 504 608
84 70 23 1 298 571
12 62 28 5 422 535
0 35 18 4 315 402
13 27 21 3 421 716
23 3 5 4 457 558
0 81 30 1 243 373
14 88 19 1 489 601
14 12 16 5 646 762
27 0 15 2 266 336
77 70 7 4 319 454
45 17 12 5 447 547
1 13 29 5 436 660
17 87 22 5 587 708
67 69 21 2 382 474
98 25 29 3 471 730
66 73 24 6 514 623
17 47 12 7 213 496
1 92 11 5 200 432
98 8 17 7 625 700
98 89 20 5 221 516
37 85 24 5 374 649
10 18 14 5 219 377
88 66 13 2 509 646
47 10 5 5 699 786
52 91 28 3 319 583
46 8 9 6 467 575
22 24 28 4 675 794
95 37 11 6 550 674
14 51 11 6 601 711
97 63 9 1 336 563
60 96 17 3 333 621
29 46 22 6 289 407
10 66 23 6 277 352
20 51 12 3 486 689
81 9 21 1 353 617
16 3 10 6 467 695
37 15 22 1 296 466
94 28 13 6 361 508
9 33 12 1 293 425
100 39 11 1 523 683
10 78 24 4 605 744
87 14 16 1 380 634
3 91 19 4 653 768
15 52 7 1 434 605
60 21 14 7 270 566
84 54 20 7 264 499
91 40 18 1 671 784
80 26 23 1 211 505
0 4 20 1 653 731
82 80 24 6 361 572
58 97 26 4 485 640
43 85 9 2 252 345
17 95 6 1 621 794
53 73 22 4 286 556
67 20 6 7 528 775
8 13 30 5 572 730
95 81 27 2 594 699
52 64 27 3 501 576
35 47 29 2 456 683
87 92 27 1 453 744
48 14 23 3 330 391
34 25 13 3 318 471
19 11 19 1 310 474
35 80 24 4 226 384
12 55 19 2 602 727
98 21 13 4 457 541
97 49 29 7 603 709
59 13 16 1 500 756
84 23 22 3 453 685
6 73 16 4 322 605
78 0 11 5 510 786
67 83 23 2 641 800
25 29 15 6 613 684
92 7 17 7 302 592
82 22 14 3 651 787
43 2 11 2 419 694
63 27 14 3 439 553
31 67 16 5 509 725
53 14 7 6 274 482
57 99 20 6 218 324
57 82 14 5 358 549
23 9 30 2 228 405
27 3 14 2 684 746
74 67 6 5 706 789
95 90 28 6 371 460
93 97 14 7 242 359
62 76 25 3 301 362
57 65 7 1 220 379
6 11 11 7 212 435
98 84 12 6 510 572
73 90 7 7 263 327
34 88 20 1 335 599
40 25 28 1 361 604
45 99 8 3 501 608
26 10 9 1 234 346
25 91 13 5 384 512
54 36 7 3 626 727
4 73 6 3 390 504
70 52 23 7 718 792
56 97 20 5 411 677
46 30 12 4 441 741
68 68 18 4 661 724
35 23 12 4 269 463
33 34 29 5 388 563
49 27 20 6 523 614
31 86 23 4 554 752
80 2 11 6 394 537
57 33 20 2 338 502
27 21 10 6 530 701
30 21 24 5 452 676
82 90 23 3 371 479
81 99 17 3 294 585
13 30 10 7 613 688
36 82 17 3 466 623
50 33 6 2 358 433
62 87 12 4 462 677
62 79 17 7 308 550
47 66 11 1 594 658
57 48 7 1 630 704
64 40 28 2 338 601
81 61 26 3 378 606
53 18 14 5 634 770
25 77 19 4 553 618
48 31 27 6 372 565
16 27 26 3 594 719
88 72 5 2 258 444
59 3 22 2 292 361
27 68 5 7 448 702
90 15 6 6 495 697
1 16 22 5 391 661
48 28 12 2 290 356
82 20 7 4 312 492
6 47 14 5 659 766
84 94 22 2 231 435
32 44 15 4 253 331
52 65 24 5 347 554
57 90 17 6 293 370
70 89 23 2 424 723
3 55 29 4 614 758
65 25 14 7 637 782
88 18 28 6 723 793
97 68 9 4 632 732
30 54 17 4 282 362
42 92 30 1 571 665
94 99 8 3 239 375
90 24 10 5 276 341
59 46 29 1 558 662
59 87 14 7 319 449
37 99 16 1 627 756
40 92 27 1 269 535
41 81 21 3 466 572
2 23 27 5 322 566
51 34 13 6 302 581
17 3 9 1 330 535
31 49 29 6 568 640
62 15 22 1 651 728
83 21 5 5 355 582
94 53 27 4 424 492
79 0 19 1 553 641
26 57 26 4 541 798
80 11 12 2 200 303
24 0 18 3 249 520
63 50 29 6 635 795
3 19 13 7 353 590
71 98 30 3 455 621
29 10 15 2 347 424
83 55 9 3 508 692
25 39 6 6 347 627
3 7 10 4 306 504
88 9 13 6 331 562
64 53 5 6 215 449
61 58 27 7 520 746
46 26 16 4 450 654
51 89 26 7 598 768
87 59 27 4 403 516
55 48 16 2 342 545
14 60 30 6 501 777
85 23 16 6 212 404
19 68 26 5 480 756
85 40 6 3 402 484
97 36 29 6 325 407
2 100 27 1 476 682
40 0 11 3 649 716
75 85 17 6 518 647
92 62 6 1 391 624
29 49 9 5 263 381
39 35 14 1 316 483
87 35 20 1 355 537
87 52 9 3 555 797
1 68 19 4 681 770
7 63 24 3 464 757
1 37 9 1 386 545
58 18 10 3 377 654
6 78 23 1 514 578
40 23 14 7 622 738
51 32 25 3 693 775
68 96 22 3 224 414
10 87 13 5 476 667
2 12 22 6 401 685
49 32 23 6 585 659
43 26 20 1 351 538
36 40 27 2 508 781
46 94 17 1 459 655
75 45 7 1 236 298
51 40 10 5 575 645
13 14 12 7 463 704
7 40 19 6 329 588
35 45 5 6 389 634
0 28 21 4 405 512
19 69 8 2 349 487
30 71 7 1 211 429
35 89 27 2 363 432
46 76 14 2 515 787
37 38 7 4 538 642
74 97 26 3 563 727
7 43 14 1 359 436
76 90 15 3 525 769
11 46 24 5 505 572
47 46 8 7 338 575
48 97 7 7 526 759
15 100 28 7 509 613
37 37 5 2 468 738
37 67 11 6 436 619
3 29 24 2 566 672
41 52 14 1 317 413
73 33 5 6 504 786
64 25 11 4 255 378
36 76 13 7 415 615
82 55 22 3 405 573
93 59 13 4 706 788
100 12 16 2 339 639
27 46 6 6 544 698
48 22 25 5 261 378
82 67 28 1 257 523
13 58 22 6 381 532
48 13 30 1 351 552
0 80 27 5 531 678
74 78 10 5 264 405
73 72 29 5 430 539
38 9 8 1 201 488
24 38 6 4 628 765
95 27 14 2 347 474
25 8 29 5 204 415
93 7 5 2 466 588
63 99 24 3 571 741
70 21 5 5 343 476
32 13 28 7 563 720
23 40 30 5 608 722
80 68 8 6 425 614
50 88 27 2 339 425
15 4 18 3 485 557
47 55 23 2 519 733
96 67 5 4 492 743
28 39 16 7 313 496
16 74 15 7 269 513
36 81 11 3 435 497
38 35 22 5 562 750
96 60 27 5 298 439
25 13 11 7 206 285
24 23 22 6 310 512
46 60 6 7 582 676
41 45 7 1 411 709
30 6 5 1 569 731
11 99 6 5 232 368
88 33 23 4 222 374
47 5 20 5 399 641
26 33 16 6 559 719
15 45 24 2 216 362
86 31 11 5 270 338
49 64 26 1 514 710
58 19 6 2 313 375
76 17 24 1 339 628
70 5 6 3 451 698
73 65 21 5 465 569
67 87 25 7 290 421
12 36 14 1 288 489
81 71 20 5 346 524
57 0 7 2 517 664
97 23 22 4 545 768
14 73 25 5 403 551
99 29 5 6 225 486
78 38 29 2 553 714
25 38 28 1 421 587
33 49 18 6 463 601
43 10 27 1 421 520
42 56 24 1 291 573
83 31 20 4 387 606
9 0 7 5 627 745
30 56 13 3 502 685
17 53 8 4 266 507
64 6 17 2 540 636
48 58 18 4 577 718
5 12 29 6 396 643
78 16 5 4 298 460
95 94 29 4 595 718
42 87 12 3 335 504
40 5 23 2 361 532
63 71 18 7 529 719
1 14 8 6 510 610
10 80 12 3 599 686
26 53 16 6 472 544
7 94 7 7 616 693
12 90 7 3 492 689
13 100 27 1 420 643
36 43 12 4 285 375
23 38 9 4 232 327
55 59 5 1 716 799
62 52 5 7 461 745
35 16 23 7 272 363
47 82 17 3 238 464
51 24 24 1 428 586
4 1 15 1 249 538
47 88 11 5 561 724
93 30 18 3 487 704
37 43 22 2 315 440
85 2 18 4 449 710
3 17 13 4 309 562
3 31 27 5 222 355
63 34 22 5 338 462
34 89 13 2 470 568
10 37 25 1 477 551
0 82 15 1 316 603
15 48 26 2 422 506
46 58 21 6 548 677
96 65 9 5 662 729
12 66 8 2 336 497
90 47 27 7 381 636
25 83 11 4 422 646
28 99 9 1 424 626
33 48 22 4 613 772
81 50 6 7 229 402
75 40 24 3 323 429
1 100 11 4 437 644
81 1 11 7 432 697
71 15 22 7 306 386
33 13 11 3 620 767
81 98 17 4 589 679
37 72 16 5 385 613
10 70 13 4 444 608
74 44 21 2 385 682
26 98 16 1 437 587
47 75 6 6 704 792
61 88 10 5 278 574
1 1 27 5 375 578
10 91 12 2 222 333
39 44 17 3 467 720
69 65 13 5 498 724
10 99 21 4 301 397
20 42 23 6 640 797
65 2 7 3 280 364
13 94 17 1 288 435
30 7 15 5 299 406
79 55 16 7 232 385
33 63 13 4 372 634
27 64 18 1 592 764
46 67 27 3 273 514
50 50 26 5 373 616
51 98 8 4 515 586
42 75 6 3 307 422
86 87 10 4 229 301
30 27 12 5 201 454
55 24 14 7 518 784
53 30 18 4 514 761
12 99 23 2 437 705
41 22 26 6 503 661
37 60 19 3 465 615
21 34 5 7 582 762
0 3 8 6 273 421
92 58 19 1 506 611
6 28 28 5 681 747
44 71 22 1 535 656
89 78 28 7 508 718
26 90 8 6 535 660
89 68 14 7 417 595
23 85 25 1 350 584
63 82 23 6 300 509
78 46 28 3 342 459
100 86 14 2 661 727
40 77 24 2 408 685
44 20 30 1 503 720
83 71 16 1 381 593
90 23 12 1 202 397
89 82 30 3 502 679
3 10 11 4 427 560
15 92 6 7 458 562
53 4 9 1 307 490
45 51 9 4 555 762
37 40 9 2 342 548
28 78 26 5 467 544
25 62 11 3 459 719
28 47 26 5 367 590
69 58 14 2 375 600
11 36 20 2 331 510
62 21 21 2 503 725
74 55 15 5 218 429
15 39 11 1 473 747
2 73 14 2 404 548
94 60 11 5 556 783
7 29 28 4 474 614
43 52 25 4 512 600
73 60 16 6 382 488
6 88 23 4 383 658
89 45 20 1 445 602
37 56 24 2 438 616
87 38 22 5 254 318
31 71 24 5 363 510
93 22 26 5 392 570
46 86 12 1 504 622
15 28 19 5 607 692
27 14 12 4 436 556
61 36 26 3 505 631
85 100 12 1 288 442
98 45 26 5 464 716
19 97 18 7 490 689
73 83 6 3 311 519
94 72 21 3 206 457
8 62 18 2 412 703
78 7 14 1 514 578
88 40 26 7 589 724
11 72 23 1 582 692
4 100 6 5 516 597
17 36 25 5 204 342
44 14 25 4 548 722
58 51 23 3 590 776
42 2 17 3 576 736
52 3 27 3 398 526
1 34 21 3 606 673
38 17 28 6 237 298
49 56 22 7 287 403
9 30 24 4 358 638
88 99 17 1 444 716
71 1 13 2 269 384
22 96 20 6 661 729
19 24 22 3 534 598
89 85 10 2 550 762
90 70 11 7 310 433
21 94 30 2 314 406
91 14 14 4 306 472
99 96 5 6 388 624
81 75 29 2 595 798
87 53 15 1 373 535
16 61 12 4 313 557
22 43 18 2 396 485
45 77 5 4 511 752
20 12 12 7 628 739
82 16 14 4 599 671
46 72 7 7 345 565
33 30 25 3 652 716
52 97 14 5 407 505
61 100 20 6 669 782
59 97 21 3 287 363
88 45 18 6 601 670
11 78 19 7 436 666
0 26 19 5 581 738
17 7 20 1 291 465
84 42 7 4 501 727
36 91 12 1 356 641
11 95 25 4 355 573
26 91 29 2 324 552
76 56 29 4 372 591
82 41 19 1 336 407
44 56 11 7 381 629
31 29 13 1 220 481
43 8 18 3 424 710
48 95 19 6 447 562
14 21 16 2 723 789
84 39 22 1 304 365
67 21 20 5 574 794
2 96 23 4 399 525
48 36 29 2 507 729
83 37 5 2 648 797
41 64 28 4 208 396
82 75 25 4 267 491
10 11 27 5 203 267
17 62 29 2 516 644
28 19 26 7 346 577
98 5 6 6 362 532
42 0 14 7 322 399
75 11 8 2 234 462
37 36 15 6 212 469
8 64 13 1 434 619
42 1 18 4 308 424
24 33 15 4 647 741
21 22 15 2 474 569
74 0 23 7 661 761
40 42 24 1 377 523
31 5 6 1 312 389
69 6 11 4 366 653
91 89 23 3 245 406
81 51 18 1 293 418
2 76 27 7 286 481
24 11 29 4 218 444
49 16 30 4 218 477
97 85 11 5 222 337
20 45 6 1 507 787
2 11 19 5 582 767
50 80 27 5 470 667
0 32 14 7 560 636
21 39 21 5 291 462
76 1 23 5 325 414
64 43 17 1 442 717
55 93 26 2 436 523
19 60 8 7 371 588
15 2 11 1 534 732
64 50 20 5 296 553
47 81 15 4 510 616
63 28 14 3 332 401
22 9 20 7 419 624
11 23 11 4 289 371
63 25 16 5 326 431
23 79 29 3 394 522
42 19 25 1 431 507
12 64 30 5 513 695
61 15 17 5 281 560
21 67 25 7 496 717
62 47 30 6 321 580
50 93 5 7 473 598
51 55 20 6 585 742
89 13 27 3 466 652
21 53 25 7 317 560
90 21 7 6 481 592
47 7 14 5 441 620
66 41 30 3 264 383
18 5 26 4 407 492
67 4 14 7 310 475
60 51 23 3 269 439
15 44 5 1 433 683
93 33 17 5 273 367
71 30 10 6 491 701
6 76 20 3 476 724
11 7 11 5 213 498
91 51 14 7 293 358
10 98 10 5 412 584
89 3 5 7 560 749
86 65 5 3 309 415
29 67 21 4 434 660
4 94 22 4 440 669
39 89 22 3 630 709
61 54 13 5 219 467
27 90 17 5 450 539
63 81 27 1 343 586
23 87 22 6 274 373
2 27 18 4 341 552
9 74 17 4 294 559
80 56 20 1 487 655
92 29 5 7 216 357
94 46 21 5 385 586
47 22 6 3 550 634
65 86 10 6 369 502
93 91 24 4 432 545
6 99 12 5 463 666
93 56 22 4 583 706
68 34 25 3 516 752
19 80 15 5 394 553
60 99 22 5 287 475
98 0 13 6 367 586
45 44 11 3 217 340
99 25 14 1 505 674
57 9 14 5 240 532
20 5 11 1 630 722
49 0 6 7 583 643
69 33 22 2 707 780
15 36 26 4 307 575
55 15 23 6 463 671
0 7 30 7 338 628
23 65 14 7 443 684
54 16 7 7 234 412
67 43 27 6 584 747
55 32 12 4 271 442
31 92 23 7 424 569
52 10 30 3 279 571
5 35 16 3 233 466
23 22 11 2 716 797
69 89 27 5 487 690
1 40 11 6 498 567
98 75 23 5 493 655
66 34 20 1 515 588
72 59 9 3 435 565
4 76 19 7 373 489
91 18 21 7 514 604
20 50 6 4 229 376
24 59 7 4 293 433
71 12 5 7 357 471
38 69 24 3 508 619
97 78 23 2 489 720
22 95 8 6 237 345
16 12 21 2 542 605
4 2 12 7 497 634
98 55 22 5 456 570
83 8 30 5 214 455
13 88 10 1 501 634
55 57 7 5 403 525
41 95 24 1 222 328
73 99 6 5 467 699
93 65 16 7 659 764
8 67 29 2 258 510
86 52 21 7 419 550
68 89 23 6 654 735
77 47 17 2 299 412
68 69 30 4 609 736
26 59 9 7 339 606
35 0 22 2 423 713
47 89 9 7 229 299
88 86 21 3 365 520
41 69 19 4 363 624
35 54 25 5 583 784
76 6 22 1 598 785
92 10 21 1 690 775
69 85 5 7 636 760
90 2 23 7 241 303
40 28 10 3 475 635
25 16 6 6 462 674
57 56 19 3 404 577
44 62 14 7 465 625
22 60 17 2 654 763
9 10 9 5 262 549
31 18 29 3 243 397
74 20 20 7 240 426
31 14 28 1 580 766
12 12 8 2 394 472
86 96 6 6 439 643
43 74 17 4 322 503
37 53 14 4 414 536
28 98 15 2 623 775
8 61 19 1 681 777
4 35 30 4 348 592
4 5 14 1 397 550
68 11 30 6 374 514
43 65 9 5 499 715
73 73 30 4 593 784
66 60 30 6 388 488
93 83 12 1 241 364
53 29 17 4 213 417
51 84 15 2 273 508
60 31 24 7 452 571
34 3 29 3 497 585
51 93 27 2 486 604
5 20 15 1 247 373
33 61 21 1 449 634
66 22 11 2 304 372
40 26 20 5 291 577
22 75 16 7 236 466
17 5 23 2 220 400
69 92 24 4 230 393
29 69 26 4 279 497
54 94 17 6 391 650
34 9 19 5 231 360
94 91 6 5 306 497
63 41 7 3 535 600
21 89 14 1 567 659
97 38 9 6 436 682
100 80 13 2 418 588
10 20 19 1 376 515
2 2 16 4 574 685
4 63 10 2 448 661
81 63 17 5 562 703
42 23 16 6 416 614
0 59 12 4 262 525
75 94 18 5 213 395
75 49 28 6 412 577
75 83 26 6 479 572
14 49 6 4 348 513
100 53 21 2 452 579
52 71 9 2 460 521
13 29 6 4 274 436
95 38 7 2 291 375
62 67 20 1 714 784
4 87 26 1 573 678
8 51 22 7 354 431
79 14 23 3 358 568
46 19 27 7 369 588
44 55 5 2 351 457
11 75 6 7 289 532
98 83 11 1 318 404
33 50 15 3 635 699
14 35 24 5 539 703
77 34 6 5 245 534
53 32 15 3 502 759
70 75 27 6 317 379
16 24 17 5 349 418
5 28 13 4 364 507
71 97 14 6 226 327
42 44 18 5 287 554
76 10 6 6 438 715
83 95 24 7 699 776
51 43 24 6 415 497
66 100 20 2 619 775
91 92 25 5 475 545
5 27 14 4 520 641
26 26 22 1 208 474
58 44 17 5 454 545
4 3 28 4 531 680
99 73 14 4 541 738
44 58 20 5 246 492
42 15 27 6 468 580
15 33 5 1 368 444
20 57 12 2 234 358
77 86 15 2 347 506
62 82 6 5 223 509
84 76 6 2 407 640
59 15 11 3 567 699
26 69 21 7 645 755
18 49 7 6 397 562
56 35 6 1 404 652
69 20 14 5 431 642
10 5 26 7 589 752
89 21 21 5 270 419
49 10 15 3 458 535
98 97 21 7 378 473
13 70 11 6 541 640
36 56 24 6 354 615
56 20 5 6 610 780
45 85 12 3 480 571
37 54 27 3 357 441
26 13 24 6 662 754
82 85 18 3 380 647
88 82 15 7 578 791
64 71 25 2 603 729
17 63 15 4 446 705
45 91 11 5 329 400
0 21 5 7 258 364
76 74 8 4 527 693
53 99 22 7 561 630
24 44 10 1 263 527
73 44 24 4 293 535
0 14 13 4 530 689
9 24 13 7 318 594
74 98 7 6 383 475
31 48 17 5 620 776
31 34 16 6 557 794
36 50 30 6 398 680
80 75 6 5 228 420
83 97 12 6 581 706
6 74 29 1 681 791
77 44 5 3 312 407
39 28 20 7 666 787
98 4 30 5 425 514
53 81 27 7 397 679
42 86 13 4 684 761
36 71 20 2 636 770
13 6 7 6 446 614
5 14 28 1 656 771
53 27 15 1 508 782
60 16 5 4 530 707
55 65 10 1 231 518
90 92 24 7 373 519
23 61 8 5 626 714
92 24 22 6 592 782
56 0 29 7 633 796
72 60 17 1 349 630
61 82 20 7 584 716
60 32 5 4 286 501
69 53 19 3 489 769
66 66 16 1 581 761
10 47 12 7 418 714
37 51 17 5 455 553
7 50 5 5 561 781
70 34 17 2 295 400
3 46 17 5 674 784
56 90 6 2 661 738
77 57 26 2 421 521
78 54 21 5 277 535
12 82 26 6 243 510
7 34 23 3 430 645
91 69 29 1 224 344
85 93 23 4 348 497
75 75 9 3 342 630
93 51 20 5 314 424
48 78 16 5 430 624
31 46 6 1 497 703
6 27 15 4 251 433
3 72 10 2 307 531
82 39 17 5 398 460
63 65 21 2 521 692
66 54 13 6 568 638
88 69 15 6 274 552
69 40 8 5 607 738
72 2 16 2 435 532
58 8 10 6 204 469
81 96 28 1 465 615
71 83 17 2 266 419
38 95 6 7 245 355
70 81 21 4 209 306
38 60 5 1 599 734
69 36 17 6 442 719
6 98 24 5 281 412
26 12 22 6 332 505
84 1 27 3 342 440
29 90 15 4 309 596
63 70 13 7 358 605
19 18 18 1 262 507
87 19 12 3 542 786
100 2 30 3 337 484
93 93 17 1 368 441
91 62 20 1 458 628
74 17 22 3 558 631
45 61 23 6 437 514
50 18 19 3 303 441
13 9 16 6 430 552
37 2 22 4 470 624
6 89 12 1 643 724
87 13 10 4 292 354
39 6 27 4 344 625
16 21 17 2 587 726
48 12 12 7 488 654
38 48 26 5 517 798
69 66 10 4 300 458
88 11 16 5 289 516
21 16 27 4 528 663
49 11 29 1 255 374
14 33 12 5 504 788
31 37 21 6 230 420
76 63 12 1 455 620
14 97 29 1 349 442
26 84 24 6 676 781
97 53 18 3 423 521
31 72 15 2 449 678
88 14 9 3 629 735
45 43 16 6 581 689
58 4 10 2 528 794
92 49 22 5 569 655
92 40 6 4 493 694
30 48 12 5 286 364
84 81 12 3 449 631
98 65 12 1 325 406
5 45 7 4 569 645
77 23 27 6 538 635
50 69 12 5 240 518
70 3 8 6 462 669
0 25 30 6 718 787
22 50 7 1 393 645
68 28 30 3 550 794
91 87 9 7 243 310
30 70 24 3 564 656
75 71 19 3 205 331
48 37 25 1 573 646
49 70 21 4 476 723
76 72 12 4 534 781
22 48 24 5 231 333
25 12 5 1 442 514
1 30 14 2 293 517
40 29 25 7 464 633
25 98 9 2 495 569
90 87 12 5 543 774
24 34 15 1 557 700
44 35 14 4 243 319
41 74 25 4 443 729
96 16 25 5 346 465
43 91 25 2 251 312
81 25 16 3 283 384
57 59 25 4 475 601
51 61 21 6 572 748
30 94 6 7 244 347
44 66 18 5 340 632
25 51 19 6 252 421
51 80 28 5 259 360
26 96 19 5 357 539
4 86 22 2 425 706
62 66 10 1 249 361
36 100 17 2 510 636
97 13 28 2 471 757
35 37 10 4 688 774
96 34 19 7 243 441
51 45 17 7 294 362
20 71 29 5 274 555
50 48 30 6 482 660
61 30 11 2 293 375
2 97 23 3 538 766
18 100 15 6 487 740
91 36 26 1 287 455
89 10 14 7 346 471
27 77 20 4 350 435
76 79 23 3 556 724
78 35 14 6 662 737
71 37 6 6 419 554
53 66 8 1 319 412
68 49 9 3 612 771
99 44 26 1 514 593
5 44 28 2 518 588
84 0 24 3 220 300
100 20 20 7 503 783
15 25 22 3 236 453
50 36 10 1 362 604
87 32 9 2 484 702
61 50 28 5 674 773
30 59 28 1 200 266
98 30 28 2 637 780
33 94 13 2 712 799
47 32 9 7 497 698
19 32 20 6 271 532
5 64 9 6 328 613
10 23 18 2 308 583
28 46 12 6 497 656
47 54 11 3 612 726
90 79 27 5 531 695
98 24 23 4 631 788
80 17 14 1 495 794
6 31 7 7 336 405
72 22 23 2 523 644
47 72 29 5 364 647
67 45 30 4 448 590
2 20 25 2 358 600
3 63 10 6 253 337
22 37 13 7 349 412
60 23 28 2 416 523
30 2 5 4 523 608
83 59 27 5 353 492
37 24 9 5 616 681
45 7 18 1 426 641
49 1 29 4 266 409
25 19 28 6 230 424
3 40 27 5 442 513
44 37 28 1 289 582
92 60 11 6 237 300
42 6 13 3 325 515
51 39 9 7 313 539
58 64 9 1 538 638
5 34 13 3 607 701
72 67 29 5 332 482
20 20 19 7 434 718
32 43 26 1 564 785
94 100 24 6 234 356
96 64 28 5 497 769
44 40 30 3 253 376
24 75 22 4 447 507
35 9 13 5 223 302
72 36 18 6 442 742
33 80 25 6 478 569
61 34 12 3 674 799
24 83 24 5 259 497
86 82 27 2 387 461
73 14 15 1 242 350
76 11 6 1 362 661
47 37 14 4 663 777
65 32 22 1 325 549
66 82 26 6 291 363
95 91 8 2 471 629
63 89 9 1 468 727
55 49 24 2 241 344
44 39 6 1 524 701
31 7 23 2 340 560
10 92 16 2 365 529
83 86 10 5 407 479
29 66 25 2 295 426
29 52 24 4 418 630
10 60 25 5 361 471
16 53 18 3 254 350
9 9 23 5 238 526
89 26 11 7 589 745
88 3 5 2 217 283
45 60 19 5 505 696
57 15 9 6 342 597
20 64 27 5 411 565
82 33 9 4 407 507
29 7 30 3 703 778
73 40 14 5 585 666
13 48 20 1 407 564
16 63 19 5 491 561
58 96 18 1 464 680
23 13 5 6 544 758
54 97 30 3 238 428
94 8 14 5 585 705
8 16 18 3 204 444
68 56 20 5 426 664
0 11 25 2 415 584
91 45 17 3 439 591
53 67 12 3 509 773
62 99 19 4 208 307
13 31 6 4 301 559
81 43 22 2 502 745
28 35 21 2 679 749
52 67 14 5 315 433
92 57 23 5 329 445
25 35 18 1 543 736
45 64 22 2 220 310
29 80 18 7 457 742
24 79 11 3 639 791
26 19 10 7 353 581
45 32 16 4 520 746
31 45 17 7 240 437
22 6 29 1 447 524
55 69 23 7 451 666
71 80 28 1 391 530
38 70 16 6 366 553
87 56 8 7 425 627
0 38 5 4 611 700
61 12 30 1 309 484
59 9 9 2 331 461
73 93 18 5 609 756
47 35 7 5 205 300
58 39 18 7 286 346
12 38 27 3 208 401
29 36 13 1 541 726
41 98 27 7 484 699
49 75 30 2 536 729
75 56 17 7 373 456
96 94 9 1 532 625
77 7 25 4 373 518
40 80 29 7 286 529
100 83 5 3 443 646
94 39 19 2 408 528
17 60 14 2 494 560
68 7 12 5 664 770
80 31 21 2 509 726
6 95 18 5 205 390
48 20 29 5 483 738
1 29 15 7 255 519
60 87 20 7 303 393
68 46 23 6 342 569
10 63 30 2 572 702
30 100 12 2 573 761
32 95 25 5 498 620
100 66 23 3 451 629
65 34 14 7 215 319
89 15 8 5 380 553
75 58 18 4 416 716
25 21 5 7 214 426
58 3 24 1 245 363
45 82 21 6 274 411
52 45 22 1 493 759
70 92 28 5 258 345
61 24 18 3 375 448
22 85 16 3 281 388
96 76 8 7 420 551
4 24 30 2 481 734
87 11 18 1 653 736
65 67 27 3 585 731
13 4 8 7 358 495
44 100 18 1 286 539
40 59 22 6 577 659
33 59 20 3 593 701
93 60 30 6 676 743
32 40 19 2 458 719
17 41 29 4 513 637
27 13 25 7 408 546
23 23 19 6 215 339
32 99 8 5 234 398
77 66 8 4 656 769
42 91 29 2 528 788
82 86 29 2 707 791
88 75 25 6 223 448
84 45 30 5 233 443
4 21 15 7 327 466
29 48 24 3 455 609
2 57 17 5 355 426
58 2 22 7 472 549
38 78 19 4 255 368
0 29 28 1 343 642
67 94 23 2 253 410
92 87 24 2 351 504
61 85 16 3 400 692
7 10 21 2 325 425
95 75 26 5 478 703
25 85 29 2 217 287
14 86 18 3 339 638
36 8 30 4 454 736
45 23 22 3 534 766
79 26 21 6 558 665
82 77 13 6 510 669
23 11 23 7 238 317
44 4 24 7 207 483
40 16 9 4 281 372
49 20 28 1 578 694
76 29 11 6 352 519
76 31 27 2 460 523
46 96 14 7 548 713
82 5 21 7 455 520
17 70 21 4 666 763
96 20 30 3 462 724
73 27 30 4 313 549
99 14 5 6 293 369
52 12 30 6 504 620
98 87 13 4 605 744
82 96 27 3 500 715
16 66 11 6 597 663
20 87 5 6 201 490
4 55 28 3 214 316
50 60 16 5 271 436
80 24 15 5 435 643
33 89 5 6 302 399
79 39 22 3 484 637
90 86 22 3 403 508
40 44 15 1 520 743
61 59 8 6 557 723
71 39 5 6 443 503
21 44 20 3 404 489
41 25 8 6 225 308
63 44 28 3 256 346
76 50 10 3 554 625
68 70 9 5 282 550
65 73 21 6 376 673
48 0 15 3 421 614
91 27 28 7 233 435
80 1 19 3 599 778
49 80 24 1 447 509
51 88 6 6 238 311
61 92 18 2 299 553
45 100 29 5 203 494
49 95 16 3 510 638
60 25 30 5 345 451
29 70 6 3 234 534
4 77 24 5 275 451
35 46 12 6 426 668
76 80 11 7 493 665
52 23 16 2 236 328
50 68 14 7 231 392
4 70 17 6 277 433
14 43 10 3 401 627
53 21 17 1 295 542
39 80 10 1 225 300
23 56 20 6 423 559
38 56 6 6 403 549
76 97 10 3 312 594
27 89 29 5 226 376
4 22 16 1 601 734
80 99 6 3 571 656
62 80 10 4 374 543
67 75 8 4 428 523
91 38 28 7 452 517
78 92 6 5 530 767
15 22 25 6 565 789
85 39 20 1 352 482
7 22 27 4 505 611
31 52 5 4 538 777
31 13 11 6 529 709
70 88 25 4 712 782
38 33 22 3 256 511
55 14 24 6 210 272
35 76 20 5 621 788
40 12 6 4 392 572
27 16 25 1 551 626
59 72 5 7 257 537
14 53 17 6 293 397
90 90 17 7 510 727
100 73 28 7 598 725
97 14 11 5 505 681
53 17 27 1 341 547
71 11 7 7 488 658
81 58 24 2 517 710
80 81 16 5 235 440
3 62 29 6 480 701
32 62 27 3 259 558
16 98 27 4 416 562
34 52 10 2 604 727
92 54 7 7 657 738
9 72 13 3 525 778
7 88 14 2 396 492
97 43 13 5 425 489
3 97 14 6 264 465
26 25 13 4 415 522
17 30 26 1 321 507
33 35 13 2 302 502
37 93 25 1 217 517
70 2 7 1 441 712
75 33 27 3 366 553
23 41 16 1 401 585
27 51 30 1 387 530
32 50 13 1 446 682
27 10 22 6 562 662
84 63 10 6 509 775
55 76 23 2 442 674
84 16 26 1 303 549
14 11 24 2 213 338
69 22 24 6 386 674
3 13 21 3 222 462
91 33 10 1 228 303
78 76 29 3 364 567
39 51 21 5 274 417
46 34 29 4 268 452
97 66 23 5 338 447
51 10 10 2 462 723
52 54 26 5 208 497
4 19 11 6 346 513
86 85 9 2 520 704
75 50 20 6 321 392
10 55 19 3 250 335
96 98 8 3 601 720
71 93 17 1 428 642
8 71 23 1 291 394
39 33 13 6 502 677
98 6 12 7 484 545
32 80 12 3 354 597
6 80 28 3 220 434
26 64 21 2 445 537
80 86 11 7 635 722
1 7 13 1 431 605
14 58 6 1 362 448
19 13 8 3 288 546
86 41 29 6 509 609
55 40 26 2 319 504
26 85 14 7 470 638
65 31 27 7 284 515
92 32 11 5 419 643
31 90 26 6 616 699
80 8 26 7 212 325
39 59 15 1 265 409
18 62 29 4 237 302
77 37 7 1 481 624
30 90 27 1 562 692
42 71 18 3 258 341
96 7 8 5 585 677
99 91 17 7 316 529
76 70 24 3 369 626
28 100 6 5 413 651
77 83 11 1 492 572
59 50 27 5 629 739
74 81 6 5 527 633
68 59 27 1 212 473
58 7 16 1 296 414
20 92 20 5 364 467
33 45 27 7 497 644
59 68 11 5 205 360
25 71 24 7 273 417
65 96 19 1 597 750
13 75 28 5 273 386
77 64 16 1 419 622
24 28 21 3 537 782
50 58 15 5 407 496
47 91 24 6 522 767
51 35 17 1 438 716
43 100 11 4 207 418
42 48 6 5 277 351
22 67 7 2 433 673
14 64 14 1 353 602
99 86 22 4 558 745
6 2 29 3 227 418
60 24 6 6 313 551
42 35 27 5 267 412
11 49 26 2 472 548
54 52 20 3 245 508
59 54 22 3 274 392
42 63 29 3 650 780
62 73 13 7 452 619
57 45 12 5 576 744
59 81 17 2 644 743
11 60 8 4 490 707
2 6 23 2 444 565
96 15 30 4 571 661
12 10 18 3 270 497
16 35 25 7 364 549
44 93 20 6 377 657
91 93 27 1 362 572
41 79 6 2 206 391
50 39 20 3 691 795
58 99 17 2 447 698
25 70 12 1 657 766
73 52 6 2 423 627
44 54 21 6 211 379
0 34 28 1 322 546
39 82 25 7 406 537
38 52 14 1 670 753
57 34 18 4 339 530
30 91 14 2 517 722
96 2 9 3 268 517
14 68 13 1 349 470
70 10 16 1 550 717
63 24 21 1 263 376
1 32 19 1 387 584
60 34 21 3 214 363
88 65 8 4 279 353
76 86 5 6 339 627
59 35 22 3 305 504
73 48 23 5 344 630
23 59 20 7 290 489
20 7 5 4 566 699
34 7 15 6 244 370
19 41 22 1 555 796
51 54 29 6 432 511
47 71 29 6 504 695
65 97 22 5 363 634
93 13 12 6 466 618
25 44 20 7 371 448
20 61 13 3 316 501
92 13 6 3 425 616
63 84 11 6 612 720
3 12 26 4 379 623
41 41 24 4 389 639
70 57 15 4 280 537
67 7 6 5 453 632
77 38 15 5 567 790
7 0 7 6 492 729
6 39 6 1 396 471
58 10 20 1 273 529
44 30 12 4 432 674
0 56 24 3 284 537
22 29 7 7 375 652
87 72 10 4 531 739
99 77 28 4 398 526
7 56 28 1 244 410
59 67 16 2 458 617
100 99 22 4 427 538
44 27 18 5 517 721
63 39 12 2 219 477
100 35 23 6 392 684
27 67 8 2 290 528
56 63 30 3 470 658
41 51 29 3 394 656
39 2 28 6 200 266
39 63 10 1 300 403
6 43 23 4 594 779
2 88 10 4 260 378
4 65 18 7 660 790
55 18 26 5 293 547
8 54 5 3 237 519
48 8 25 1 335 520
51 56 14 4 370 447
0 2 7 3 523 776
12 56 5 2 289 467
62 97 17 7 498 608
7 55 12 6 472 534
65 21 7 4 450 518
26 94 9 6 677 768
56 39 17 4 291 371
9 80 24 5 264 372
16 11 17 1 670 766
85 80 6 7 406 675
31 83 13 2 324 592
15 56 7 7 239 364
18 21 30 7 735 800
2 67 17 6 310 372
10 6 17 4 254 379
66 96 30 3 516 754
36 80 14 4 500 667
17 91 7 1 340 571
17 66 27 6 378 605
93 38 15 2 459 550
70 63 21 5 332 444
54 92 24 2 547 675
99 31 23 7 367 458
69 3 29 4 228 447
56 4 12 5 373 458
66 58 13 2 563 726
47 9 28 3 373 433
35 58 24 7 503 632
77 85 27 7 410 620
23 84 25 7 350 524
37 23 16 4 481 765
97 74 24 4 281 556
24 17 21 5 381 578
15 15 16 3 250 386
10 73 8 6 288 537
3 73 29 3 238 380
26 92 13 3 545 621
23 33 16 7 234 300
21 49 25 2 293 565
62 33 19 5 326 434
81 49 22 4 404 659
61 14 8 6 534 710
97 87 21 3 348 636
81 34 25 7 219 340
66 91 7 3 528 713
75 14 15 2 394 526
18 92 9 4 264 413
18 16 27 2 459 626
63 73 11 6 530 657
23 91 14 3 322 521
63 46 17 1 328 527
14 71 27 3 289 532
20 32 12 6 582 643
65 87 9 2 357 531
89 57 22 2 654 783
7 4 8 1 379 489
6 63 11 6 435 665
6 94 10 7 257 514
19 12 18 5 335 473
81 32 25 3 575 783
76 99 28 4 409 643
13 92 6 2 247 324
33 20 22 5 299 411
74 13 18 2 201 271
28 69 27 4 583 645
49 2 22 4 615 762
30 8 12 7 338 542
84 93 6 7 367 599
17 74 9 1 669 772
41 86 14 1 616 752
1 91 12 7 652 794
89 34 11 2 307 596
87 73 24 5 387 541
8 1 13 6 323 588
79 25 21 4 247 308
91 65 9 7 233 528
22 3 28 6 463 731
93 71 25 6 553 670
46 0 5 5 545 795
75 73 5 5 483 752
82 78 9 1 205 475
95 19 29 2 345 638
94 82 27 7 392 611
76 44 28 7 406 690
50 72 7 6 298 520
32 38 26 6 455 601
27 48 6 2 211 316
53 85 12 1 610 762
0 49 20 7 686 786
11 40 26 3 649 789
48 98 22 6 403 636
66 62 14 4 320 553
3 45 10 6 366 602
100 72 28 2 472 533
58 93 14 7 452 735
38 97 13 3 261 367
69 19 28 6 366 545
31 23 25 1 312 433
14 41 5 3 375 544
73 31 30 4 465 528
51 2 29 7 409 709
7 98 29 3 442 636
84 5 9 7 526 587
92 68 14 2 478 769
15 99 22 7 332 621
94 68 28 2 565 649
31 21 12 3 220 388
30 87 17 6 256 504
81 45 28 3 404 686
21 90 18 5 582 662
67 47 29 4 495 701
43 51 10 6 416 544
42 58 22 2 420 565
78 4 25 2 372 468
70 51 8 6 463 755
76 69 11 4 482 574
66 9 23 7 345 430
30 82 20 7 474 675
56 55 20 2 383 673
94 0 13 6 545 765
5 11 24 4 522 715
99 26 29 2 475 747
2 93 28 6 204 358
97 75 14 2 233 296
84 50 22 1 219 493
55 41 25 4 416 665
11 8 13 1 557 692
10 100 8 6 440 713
67 98 24 1 287 557
51 6 27 5 261 475
47 80 25 5 517 783
9 69 14 3 469 639
64 1 12 7 660 785
37 47 21 5 335 462
74 19 23 4 264 490
1 41 20 2 276 476
28 25 5 4 495 701
12 43 7 2 553 712
95 14 13 7 437 724
94 20 23 2 261 323
35 38 20 1 505 655
22 13 29 6 534 765
64 65 30 1 398 574
9 57 15 1 469 720
18 7 6 2 532 595
6 15 18 4 287 459
40 49 8 5 585 765
48 89 11 5 280 513
48 92 18 6 600 673
63 5 17 6 533 765
38 53 15 6 201 298
5 79 7 5 484 705
4 92 6 6 432 634
61 76 10 7 542 694
54 33 5 3 363 425
55 75 16 3 333 632
89 17 29 2 259 533
34 94 25 2 392 661
71 65 10 2 477 643
68 57 19 6 516 701
17 48 7 2 378 516
11 6 12 7 311 489
39 92 18 1 220 369
6 30 28 2 491 631
25 96 21 3 361 519
10 33 30 3 457 591
6 46 9 1 430 663
55 90 15 7 663 732
80 9 6 4 261 330
90 8 16 1 406 552
91 42 25 1 438 681
20 13 29 7 362 422
