1781
46 10 0 0 0 0
27 7 18 4 332 453
69 5 8 4 479 586
36 16 28 7 325 588
33 13 25 3 379 671
18 29 14 3 419 691
92 86 28 6 415 704
1 33 22 6 490 653
44 37 7 6 231 442
100 22 9 7 265 335
51 31 20 5 345 484
86 16 16 6 284 424
27 43 26 4 575 756
25 69 7 3 488 629
11 12 20 2 279 384
21 67 16 5 393 587
77 52 9 2 246 390
53 37 7 2 517 722
33 43 20 2 441 536
33 38 16 7 420 675
20 33 11 5 314 414
97 3 24 7 319 462
67 22 21 4 555 676
83 0 24 4 372 452
97 91 26 3 456 684
51 0 12 7 382 659
31 39 15 3 458 599
23 40 22 6 304 438
72 95 27 7 237 424
78 87 12 4 500 599
15 19 18 5 458 614
33 52 11 6 215 428
89 4 22 3 469 581
8 58 15 7 210 489
24 62 6 3 469 538
42 26 26 2 239 355
84 31 21 7 335 583
26 50 30 5 219 498
69 45 8 4 293 369
64 7 26 6 431 684
52 100 10 6 462 551
9 71 23 5 569 652
18 44 18 1 392 648
2 8 25 1 383 482
46 51 27 3 230 372
63 92 13 3 231 414
85 26 29 4 248 412
84 19 22 4 281 553
29 33 23 7 487 638
37 53 26 3 320 392
47 57 15 5 351 557
38 23 7 6 208 311
60 24 25 1 532 632
67 93 5 1 346 515
8 87 22 4 353 437
14 99 22 7 677 745
78 68 25 1 437 716
59 31 19 5 420 696
39 74 21 2 379 461
57 34 16 6 334 544
89 42 11 6 450 684
85 2 19 7 290 362
25 78 21 2 513 637
96 76 11 2 409 538
91 38 13 6 267 465
29 98 24 2 253 535
30 97 15 2 332 544
45 19 20 6 291 471
38 60 29 4 533 618
79 5 23 1 220 322
28 35 24 3 379 459
37 30 24 2 590 785
23 18 14 5 478 771
7 30 24 2 494 735
68 83 29 7 710 780
10 77 5 7 547 718
11 50 29 5 343 577
13 61 22 5 289 562
87 63 22 1 291 546
60 19 11 4 307 503
0 42 20 1 459 752
60 45 5 3 268 559
90 69 8 7 589 768
24 58 25 5 560 740
93 28 13 3 354 456
14 18 23 4 543 607
31 43 30 4 361 586
22 34 14 5 321 505
76 51 8 4 271 531
54 47 15 2 253 527
6 51 29 6 540 727
6 5 19 1 621 792
65 50 8 4 391 683
33 46 27 5 703 767
28 26 22 7 288 517
53 59 8 7 501 572
33 88 28 3 207 299
91 20 7 2 286 436
47 69 17 5 566 667
92 16 30 4 224 418
87 60 26 3 629 782
32 31 13 7 222 423
21 33 7 6 649 748
29 39 17 1 406 694
75 38 29 1 436 644
65 3 9 6 574 636
68 93 18 2 237 414
49 93 30 1 504 643
16 81 19 4 694 774
60 11 16 7 498 674
60 6 9 3 251 433
13 37 19 2 681 768
34 79 10 1 411 617
56 38 26 5 458 629
48 10 26 5 367 542
50 68 12 3 559 690
70 44 20 2 623 724
46 69 24 2 285 521
14 60 14 7 392 476
27 5 28 2 231 511
37 72 23 7 317 456
93 87 15 2 434 494
71 80 14 5 290 568
36 67 29 2 423 717
94 1 6 6 202 460
56 15 19 7 458 540
22 59 8 5 202 358
83 100 16 4 538 776
64 26 10 1 348 413
8 61 16 7 277 375
29 27 5 7 676 773
100 27 29 6 537 789
3 35 28 5 682 764
75 15 24 7 282 402
10 12 5 1 530 781
52 6 26 7 265 435
85 94 11 3 355 424
16 77 30 3 570 673
4 40 19 6 325 441
64 36 10 7 209 381
85 5 19 6 412 643
29 72 7 6 599 769
32 48 11 6 380 654
53 73 29 3 686 761
27 55 14 7 335 509
97 80 10 1 566 752
30 93 25 4 492 712
36 59 6 7 306 525
25 66 16 6 530 771
40 64 7 2 370 624
4 67 22 2 330 521
68 10 21 6 310 427
48 31 24 7 295 409
22 98 11 1 589 750
23 39 28 4 305 501
73 44 17 6 399 603
79 99 27 1 378 500
67 1 21 6 534 621
25 16 5 1 318 436
18 69 10 2 296 442
17 80 20 1 371 640
43 58 22 7 611 789
88 10 23 7 216 371
85 64 26 2 451 613
51 43 11 7 596 793
23 30 9 3 372 455
44 28 10 1 223 509
10 17 12 7 466 617
52 64 18 7 234 328
14 46 19 4 511 664
48 30 13 1 325 567
37 50 13 6 256 382
9 58 20 5 633 783
87 37 8 4 645 783
82 42 19 7 639 782
82 11 24 7 218 380
71 61 18 3 313 460
71 19 23 2 238 483
40 70 24 2 420 592
68 81 22 1 340 494
45 47 15 2 203 466
26 15 11 5 268 346
100 73 9 2 580 711
57 24 5 4 543 727
60 47 17 1 466 753
14 23 25 3 378 603
30 96 29 3 271 470
14 50 18 2 267 497
45 77 9 6 532 763
21 63 14 2 673 779
43 23 11 5 536 762
67 66 27 4 535 620
73 62 19 4 532 758
32 100 28 3 579 692
60 74 30 2 616 722
94 13 23 4 448 585
97 70 17 1 520 788
96 50 26 6 300 523
49 12 28 4 702 774
80 2 18 2 472 755
70 9 16 4 386 662
18 13 5 6 283 347
1 42 28 2 461 741
88 36 10 1 654 730
55 65 25 2 558 691
97 62 30 5 381 552
60 5 14 4 495 604
98 40 8 3 556 698
40 26 30 5 258 450
62 31 5 1 670 782
26 66 16 7 237 347
94 38 23 2 391 638
83 25 8 3 295 386
9 77 9 1 467 731
40 23 11 3 351 620
16 23 30 1 419 630
26 68 21 5 308 437
16 59 10 5 284 522
10 19 14 5 244 531
27 26 12 2 483 656
67 72 22 3 491 779
6 89 21 4 400 681
86 6 28 7 687 755
69 30 19 2 448 521
95 70 20 3 471 588
20 19 11 6 525 626
4 15 20 7 383 660
67 89 29 1 536 607
69 36 26 6 467 750
91 57 22 6 404 484
89 93 14 3 221 407
91 81 6 5 297 495
53 63 12 1 255 465
1 87 27 4 207 424
20 82 12 3 272 419
95 26 30 1 539 613
53 89 14 5 397 539
62 79 6 4 284 565
22 43 13 5 387 661
16 95 11 5 211 283
56 9 5 7 612 777
34 98 27 6 316 504
85 49 23 6 531 679
55 10 16 1 366 656
24 39 6 7 244 394
97 9 9 3 522 583
22 81 17 4 382 616
7 59 12 3 203 401
29 2 19 3 472 660
39 30 9 3 577 769
50 57 11 2 735 797
93 47 18 7 426 505
77 83 7 7 376 656
23 56 8 6 667 748
1 91 8 6 422 620
14 29 18 7 316 545
95 27 12 6 568 670
18 57 14 3 393 654
38 65 21 7 615 734
60 10 8 6 288 386
38 62 25 2 489 639
13 0 25 1 404 536
71 0 17 1 653 717
81 90 15 7 255 376
50 26 26 2 353 479
73 13 22 6 404 567
25 89 8 5 523 762
6 13 29 2 485 770
6 93 15 4 479 746
66 63 5 7 346 555
46 28 11 6 302 465
6 67 24 2 440 623
25 94 30 2 330 612
61 17 20 5 208 358
62 8 29 2 549 637
36 17 22 4 406 491
65 19 8 7 307 585
6 63 17 7 355 645
29 31 20 1 294 369
81 99 30 5 428 607
48 48 16 1 328 390
41 55 5 3 486 767
86 64 21 7 470 601
56 21 17 6 621 691
23 99 18 3 357 444
3 77 28 6 451 713
66 68 12 5 327 485
34 72 24 6 353 485
98 89 7 4 650 738
81 72 15 5 508 623
88 16 15 6 273 441
1 99 22 6 204 354
20 51 28 4 335 447
12 15 22 6 430 589
98 54 27 7 295 515
1 21 19 6 316 578
36 61 30 3 480 680
82 46 21 4 205 375
60 18 27 6 617 799
53 40 27 1 477 774
49 3 17 2 289 562
88 4 22 3 597 738
66 24 9 3 496 570
9 26 11 2 364 571
45 80 19 7 454 568
50 29 10 4 239 529
75 18 24 7 244 437
61 56 20 1 479 570
80 93 18 3 540 616
51 18 30 6 478 699
85 87 19 2 393 463
100 67 8 4 202 362
84 97 19 3 278 414
83 61 11 3 359 607
38 89 12 4 490 773
29 23 23 4 487 597
99 1 18 6 594 718
82 56 10 5 638 701
46 99 22 3 402 521
35 43 25 1 212 478
12 40 12 2 210 392
40 25 13 1 588 746
46 23 19 2 560 696
22 14 7 4 350 525
1 50 5 2 564 631
100 41 23 1 407 554
70 69 28 7 375 495
98 24 22 6 270 422
74 72 22 7 563 759
17 47 15 4 656 793
93 29 15 5 221 446
97 14 10 4 355 607
86 15 10 3 450 698
20 38 6 4 230 487
13 6 22 5 546 677
40 82 19 4 288 403
25 70 29 3 343 545
34 10 9 3 423 552
74 98 24 7 510 734
50 6 25 3 355 468
54 3 22 2 528 768
8 0 24 7 445 596
73 68 29 1 491 759
86 96 7 3 720 780
68 92 6 2 213 454
34 61 9 4 422 553
76 86 10 4 492 677
42 25 17 6 240 414
79 100 12 7 239 333
31 18 5 5 479 721
88 72 5 3 325 602
35 79 14 5 461 732
79 42 17 4 366 557
49 24 24 2 541 760
86 30 26 3 389 592
96 85 24 6 388 543
93 54 13 2 422 502
44 10 13 3 598 666
54 90 12 6 371 544
5 35 24 6 711 787
98 60 20 6 591 754
75 5 29 4 422 595
16 64 11 2 337 454
72 61 7 3 323 622
38 0 18 3 525 642
92 30 8 4 355 433
37 36 6 3 341 503
63 15 10 2 719 798
26 17 30 2 447 628
56 92 16 5 232 467
21 32 5 7 610 765
97 21 29 4 467 549
47 12 19 5 665 793
13 8 9 7 324 622
38 7 28 3 450 536
11 32 23 7 569 739
47 79 26 3 200 262
76 79 13 2 412 614
0 18 18 7 303 476
89 9 14 1 632 703
59 82 21 1 621 742
56 89 30 2 460 735
2 3 8 1 250 400
77 32 13 3 563 743
31 41 6 4 411 703
81 0 15 2 460 525
54 39 12 3 230 358
24 20 18 4 599 669
98 0 10 2 348 449
42 45 9 3 554 620
58 34 5 5 214 457
9 8 14 5 315 438
39 37 10 5 474 542
25 8 11 6 371 510
21 20 21 3 228 425
85 22 16 7 463 649
81 69 9 3 526 598
23 85 9 6 252 504
21 7 28 2 649 746
65 77 8 6 294 489
100 64 9 7 336 580
33 6 24 2 421 701
7 13 14 7 430 504
8 60 9 6 374 480
24 52 16 2 619 738
12 38 30 5 604 765
78 65 25 3 364 514
30 81 5 7 443 659
4 98 29 6 426 618
89 39 20 4 324 615
39 87 26 3 445 662
56 49 24 5 616 741
52 91 30 5 617 680
71 83 27 5 614 790
41 35 12 2 483 559
73 16 30 7 315 462
23 16 29 5 492 652
50 56 5 1 436 508
86 47 16 4 440 571
89 80 20 2 519 589
13 68 28 7 486 783
47 30 5 1 652 724
62 49 15 3 514 717
23 33 21 4 634 739
46 84 21 4 257 395
50 94 16 2 570 776
13 10 29 4 483 583
58 1 24 2 576 731
73 54 10 5 317 557
45 5 21 5 272 338
54 74 21 2 357 501
27 70 27 7 550 737
59 76 29 1 470 670
86 80 28 2 598 674
97 84 11 2 586 649
1 16 28 6 682 757
36 52 17 5 560 628
24 38 10 7 583 660
50 69 29 7 495 622
77 84 22 4 363 432
8 67 25 2 364 447
47 94 12 1 626 798
76 36 27 3 399 628
8 46 6 2 315 447
12 3 13 4 264 522
13 57 21 1 249 363
33 71 22 7 278 409
34 44 14 3 611 678
46 45 10 3 674 739
9 87 9 7 222 354
28 59 15 6 279 549
88 1 18 5 494 777
80 10 20 5 243 369
4 32 11 2 616 696
95 52 12 3 353 583
32 15 25 1 443 605
69 13 18 6 480 607
58 10 15 6 472 686
89 25 20 4 587 787
11 86 26 2 353 588
9 34 15 6 491 761
31 15 22 1 593 665
48 53 22 3 671 770
30 56 13 3 600 791
80 70 6 1 404 627
37 35 27 4 712 787
61 12 28 2 472 593
65 16 16 6 482 689
57 94 27 3 385 544
24 79 28 6 207 383
2 92 25 7 612 734
43 80 30 3 632 722
14 36 26 5 274 343
47 35 19 4 498 714
42 5 13 4 565 782
82 0 20 4 476 693
85 45 19 4 441 603
53 14 21 3 394 470
76 74 23 2 455 709
43 36 9 2 292 540
10 87 21 1 200 365
82 77 21 3 205 491
90 24 10 5 514 582
91 52 16 5 239 520
20 12 5 6 634 778
100 94 22 5 213 501
49 7 23 4 216 395
92 35 13 1 509 737
55 59 9 5 627 689
58 59 21 2 686 792
19 78 28 7 215 451
76 66 14 4 657 786
91 78 9 6 316 573
19 77 8 2 357 570
39 62 16 2 569 789
1 49 21 1 529 687
18 33 17 5 370 591
24 48 6 2 565 770
59 48 30 4 366 502
80 46 29 5 567 698
76 85 15 3 249 496
40 38 25 6 507 705
12 43 15 4 377 655
44 11 17 5 313 582
99 8 27 2 394 490
53 21 13 4 482 625
23 63 22 5 234 488
1 45 12 3 681 787
35 31 17 4 265 333
23 96 22 4 601 745
76 9 8 2 369 643
0 13 14 1 531 601
49 9 13 2 312 538
71 75 5 1 567 664
8 20 12 6 266 395
35 29 29 6 558 620
13 7 27 7 337 625
1 41 28 7 340 632
49 27 16 2 394 471
84 41 28 6 585 785
1 86 30 3 218 474
100 88 7 6 397 499
55 27 6 2 504 633
91 44 9 3 218 288
100 91 29 5 380 628
3 71 17 5 260 518
38 74 12 6 285 424
98 77 20 3 405 523
52 50 26 1 216 507
84 62 8 4 329 491
50 15 7 4 488 634
34 31 28 6 544 762
58 81 8 2 484 688
90 100 6 5 333 605
73 90 20 5 212 329
41 45 24 7 410 484
13 45 27 2 662 783
40 85 15 6 505 612
29 84 16 1 629 716
31 68 10 4 520 744
23 60 24 1 212 388
85 63 26 2 343 524
1 20 24 4 292 515
90 95 11 6 295 440
85 89 21 2 564 763
88 46 6 3 236 443
33 16 29 1 428 657
33 100 8 5 547 762
9 49 17 5 532 757
70 79 12 5 420 533
53 16 24 4 499 618
16 41 16 3 221 398
96 24 7 7 458 680
69 92 27 1 288 364
92 23 12 2 574 774
23 98 28 4 304 482
99 82 29 2 318 501
80 18 8 2 207 495
84 92 7 6 315 409
12 93 23 3 374 447
48 36 10 4 314 582
1 56 26 7 263 554
7 96 18 5 558 752
13 74 11 3 395 629
94 10 12 4 246 370
78 95 19 5 247 502
79 10 28 1 650 758
34 27 21 1 418 679
46 27 21 7 300 580
54 31 5 1 274 530
29 44 8 1 469 657
95 60 12 3 351 616
12 37 7 4 252 508
8 18 11 4 289 521
34 39 14 1 385 592
52 72 18 3 277 407
47 76 29 2 292 561
41 75 6 4 236 336
13 67 21 3 643 788
51 80 23 3 437 665
47 52 30 5 698 794
30 40 11 5 595 704
33 90 15 7 232 315
35 41 13 5 436 573
16 50 27 5 570 650
37 81 10 7 342 556
69 85 28 7 413 561
78 74 29 2 468 673
54 8 9 5 335 444
74 10 12 6 304 423
47 5 23 6 262 434
96 88 13 3 323 511
38 86 17 2 356 631
59 15 15 3 464 658
53 22 21 1 385 538
48 81 5 5 392 587
75 78 11 3 612 771
64 1 12 5 330 518
90 22 12 2 396 554
15 8 28 5 278 441
47 72 29 4 200 489
26 59 9 3 488 763
32 58 14 5 677 767
13 99 16 1 542 768
59 38 9 4 656 744
5 6 24 1 335 490
50 64 6 2 515 598
20 88 30 2 550 630
99 38 25 2 518 740
38 20 18 7 381 660
62 47 19 1 280 545
81 47 16 6 273 435
71 50 18 7 335 467
58 77 9 2 201 480
17 94 5 7 241 488
99 9 8 5 443 626
58 89 12 2 485 563
82 71 9 3 562 679
98 17 13 4 524 721
8 31 11 3 612 680
54 7 12 4 277 472
85 65 27 1 223 388
63 44 25 4 677 786
12 75 25 3 336 546
72 78 15 2 220 357
12 88 15 3 348 438
82 5 25 3 476 718
57 57 11 1 237 511
22 49 23 5 414 486
59 85 19 5 480 735
6 36 29 1 336 582
24 5 25 3 441 707
93 88 21 6 207 451
96 49 30 6 505 736
13 48 24 2 226 414
78 46 21 7 625 774
35 37 20 5 656 756
41 5 28 1 338 609
68 28 24 1 334 423
23 76 12 4 394 563
70 8 23 7 437 628
88 99 22 6 608 677
37 96 27 5 397 500
91 94 26 6 298 380
10 15 14 5 497 724
36 11 17 7 638 771
29 62 21 3 510 678
82 39 7 3 380 610
83 82 21 7 367 503
8 6 23 3 281 456
45 68 10 4 264 518
63 1 8 5 358 425
14 89 19 6 401 555
30 66 7 3 556 788
49 78 29 2 452 677
36 69 29 5 501 726
100 3 17 7 584 747
28 90 29 1 250 432
79 73 14 1 207 356
20 99 8 6 399 515
14 16 30 2 434 499
98 49 12 4 545 757
81 3 27 5 525 756
0 67 6 7 430 646
40 24 20 3 280 475
68 96 18 5 579 639
81 2 13 5 382 512
40 7 16 5 243 525
41 32 16 3 344 422
80 86 24 1 267 341
88 14 6 2 335 459
65 89 27 5 425 715
56 71 22 7 218 347
7 62 8 5 514 737
87 91 13 5 445 652
81 73 9 1 579 641
73 57 17 5 454 618
14 91 15 6 442 548
42 84 8 1 628 759
79 91 20 1 435 655
54 5 15 4 220 460
83 86 22 6 436 584
19 60 29 5 332 443
17 88 9 1 495 751
64 20 28 6 351 533
59 30 17 3 566 703
87 29 19 1 283 362
57 66 22 3 265 416
97 43 22 6 346 461
15 10 27 5 434 684
100 81 23 2 597 680
16 86 29 2 243 444
61 90 21 6 232 416
95 53 30 6 337 538
84 57 28 1 367 537
88 2 12 6 548 614
57 17 18 5 491 636
34 81 6 5 405 479
38 68 13 3 405 696
13 81 27 4 530 651
49 86 12 5 203 439
23 58 21 4 587 699
3 6 18 5 282 572
81 5 18 4 315 548
85 31 14 4 494 676
58 2 5 1 402 601
68 52 16 2 459 658
49 58 14 3 340 453
41 20 8 6 492 679
6 68 25 7 554 779
18 91 23 3 321 446
34 60 30 4 454 745
50 33 5 2 333 512
78 20 11 4 547 635
84 60 17 1 445 606
6 88 26 4 391 521
97 18 28 5 426 687
91 50 21 3 350 470
55 14 6 5 438 731
80 34 10 6 360 520
17 9 5 2 488 730
82 55 23 6 287 466
6 38 30 1 493 774
93 90 9 1 485 765
61 20 20 5 227 473
22 96 30 6 271 512
40 45 15 5 396 689
73 49 22 5 527 768
87 33 27 6 240 335
45 63 24 1 457 649
57 59 12 5 284 388
0 16 8 1 521 643
99 23 8 2 469 661
54 97 15 6 503 748
13 78 28 1 555 658
50 13 7 7 440 548
8 97 26 4 314 437
18 49 22 2 433 580
88 31 5 5 474 768
92 90 19 4 538 619
38 41 15 1 566 641
58 99 12 2 341 409
91 22 25 1 370 479
72 53 25 1 370 511
19 39 10 7 351 651
16 13 16 4 439 651
81 13 29 3 615 694
54 60 15 3 390 518
38 85 19 3 439 662
67 62 9 3 333 454
69 59 13 6 403 684
78 79 27 6 564 733
71 27 7 5 428 611
83 29 7 6 300 512
97 74 10 6 471 689
71 49 27 1 588 655
15 9 7 6 556 789
99 74 25 1 334 496
23 80 26 3 436 568
19 13 22 6 442 564
33 60 12 6 339 485
10 97 24 3 368 501
48 64 25 4 306 574
65 25 29 3 257 470
48 83 14 7 240 413
83 41 8 6 601 772
87 11 7 2 409 502
17 92 14 4 246 317
81 76 9 4 251 400
78 0 30 5 552 689
5 18 18 1 625 786
16 46 19 4 278 519
90 65 6 7 390 666
90 87 29 1 466 655
46 7 21 1 398 654
85 7 16 4 413 681
13 9 30 2 534 722
46 89 28 4 441 655
19 73 16 5 382 675
89 46 10 6 568 704
77 22 9 5 526 794
88 63 9 5 266 518
100 5 6 6 501 773
8 30 10 5 585 742
26 2 24 6 229 324
69 27 28 4 520 648
11 21 26 7 502 575
28 64 27 5 382 443
38 100 18 4 426 497
97 37 18 7 359 583
5 67 24 5 584 766
2 0 7 3 278 467
40 78 14 7 610 678
43 39 5 1 516 725
2 80 15 1 332 517
82 10 30 5 645 785
16 15 8 3 504 793
1 51 17 1 326 587
29 24 12 5 698 785
48 7 30 7 434 672
69 90 22 1 284 494
41 53 20 4 438 632
79 65 26 6 284 524
39 67 5 3 261 349
13 97 29 7 271 342
24 61 28 6 520 765
53 68 13 7 414 551
87 34 6 4 539 711
43 24 23 5 465 712
52 28 13 6 484 742
6 12 29 1 423 600
54 52 12 4 380 567
67 49 24 7 205 395
0 79 10 6 579 688
77 4 21 7 441 676
94 68 12 3 295 506
14 33 21 3 294 415
81 78 29 7 533 689
74 22 22 7 228 508
68 27 5 4 231 478
40 18 18 4 453 533
32 64 22 1 562 622
7 8 28 1 297 527
100 54 28 4 411 620
86 29 27 3 475 547
73 76 29 7 686 771
8 8 6 7 440 615
31 58 29 7 420 671
72 85 11 1 279 355
23 12 15 4 498 641
4 38 12 1 412 522
74 13 7 7 471 733
31 49 28 5 633 722
42 83 6 6 210 281
49 31 15 3 475 626
91 87 18 7 434 591
43 92 16 2 336 540
23 62 24 6 332 587
48 97 9 3 513 642
77 1 20 2 506 592
34 5 26 2 396 680
85 77 10 7 313 580
98 27 8 1 689 754
84 35 18 2 314 534
60 94 22 5 628 749
16 67 13 1 323 510
31 24 18 3 485 557
66 33 14 2 632 723
39 86 27 3 230 296
33 81 15 1 522 732
49 92 21 3 464 728
71 67 12 3 550 796
69 9 16 5 367 434
27 66 13 5 334 495
51 85 5 1 285 371
71 36 10 3 311 463
98 79 10 1 531 708
82 84 17 7 247 457
63 83 17 4 515 800
38 1 23 4 497 674
5 95 12 5 476 769
48 73 17 4 485 560
66 71 24 7 435 693
92 79 29 4 419 673
67 65 14 6 576 689
100 60 28 5 486 709
59 24 20 1 245 460
76 54 22 5 607 702
70 16 27 5 519 779
76 39 18 3 499 681
91 0 7 5 638 724
73 65 26 1 510 790
85 44 18 3 619 772
61 80 19 4 389 568
69 0 20 4 209 332
5 24 25 4 560 787
77 98 28 2 410 504
44 52 7 7 630 704
77 23 14 7 450 546
82 53 11 2 387 503
76 94 27 6 355 562
14 43 19 3 264 552
20 89 19 6 320 587
7 60 27 2 282 356
25 1 13 5 439 551
72 31 5 4 335 420
49 18 13 6 576 745
58 53 5 7 503 583
53 56 15 5 288 488
94 75 20 7 419 693
86 46 30 5 666 794
96 94 28 5 475 728
35 0 19 1 414 629
33 32 9 1 405 492
60 36 8 1 512 750
77 47 12 2 402 638
98 29 27 6 506 767
62 48 15 6 339 399
66 94 21 4 300 421
41 100 18 5 211 441
70 14 28 3 400 485
100 95 19 5 433 680
3 41 20 2 610 794
87 30 9 5 241 387
78 81 25 5 637 741
65 97 12 3 351 525
1 92 20 4 521 753
80 35 8 6 312 531
86 61 7 5 371 584
27 46 25 3 565 646
98 34 25 2 540 695
71 24 26 1 397 458
46 92 20 6 326 418
92 83 27 7 204 326
47 33 25 5 213 311
34 43 15 1 243 312
77 58 15 3 282 379
100 37 16 6 280 559
21 87 18 5 234 321
3 66 9 3 239 388
23 17 18 3 516 581
11 96 27 3 430 714
92 39 20 7 598 707
96 92 10 6 519 782
72 41 15 6 422 500
84 85 22 5 370 664
35 80 17 7 390 465
66 78 22 2 354 642
64 69 6 1 574 653
99 81 17 3 724 791
36 28 15 2 227 521
76 93 11 4 570 631
34 35 25 1 560 752
86 72 11 7 329 503
41 11 14 3 339 464
85 21 15 3 366 605
87 51 23 7 324 581
21 42 26 1 674 755
2 82 9 5 287 422
66 80 22 6 254 542
16 72 8 1 327 488
51 89 7 6 490 758
81 84 16 1 615 712
56 14 30 4 310 560
66 81 30 2 374 501
45 78 22 3 297 424
79 67 28 3 267 504
97 44 20 1 397 484
82 40 27 2 622 783
62 70 30 6 304 390
70 1 23 1 719 783
45 88 23 1 601 797
33 49 22 6 672 771
76 29 12 3 245 473
79 22 10 3 230 313
33 30 27 4 300 371
100 58 7 2 389 594
30 59 13 6 541 748
77 28 19 1 384 566
88 69 15 6 583 758
40 5 11 1 599 722
36 41 22 2 377 589
2 4 28 6 276 412
61 60 28 2 277 546
47 14 21 4 244 516
65 11 17 1 298 582
13 71 11 4 510 624
53 77 27 3 645 720
44 24 24 2 479 648
45 3 27 4 652 794
51 10 23 5 537 672
79 46 20 5 363 457
29 11 30 5 266 452
100 36 20 5 232 477
57 4 17 4 302 579
99 20 9 4 286 508
60 62 20 6 508 670
96 47 29 3 272 548
79 23 18 7 228 520
97 10 7 4 450 745
58 12 13 7 493 774
55 61 10 2 450 539
23 3 20 1 367 487
96 70 22 2 238 457
15 73 18 5 455 552
34 18 30 6 631 759
9 6 7 1 335 435
99 64 6 3 577 730
10 85 15 5 228 459
75 53 26 5 522 765
61 97 27 2 553 617
25 84 14 1 493 618
52 97 16 5 619 709
3 61 26 1 239 364
67 32 24 1 270 335
11 60 25 3 440 700
70 13 13 1 452 705
97 87 14 7 409 581
43 94 10 1 566 636
84 26 6 7 687 778
7 44 15 3 305 372
4 54 8 6 507 782
5 43 20 1 308 541
70 34 27 7 307 397
53 26 9 2 409 503
95 31 20 1 253 402
44 79 23 1 235 371
18 8 8 5 648 796
24 64 13 5 545 700
37 22 27 7 290 410
52 32 14 1 317 592
97 68 10 2 411 670
71 23 17 1 541 603
65 44 6 1 279 480
13 86 24 1 450 690
80 1 7 1 217 500
52 66 26 1 326 620
95 93 25 4 307 378
61 30 11 2 291 523
48 29 27 6 513 591
4 49 13 6 529 589
18 77 20 3 445 735
59 23 22 6 385 473
1 64 20 4 421 521
10 8 13 1 256 437
46 75 10 1 442 673
46 2 18 5 261 324
69 80 27 7 445 693
98 55 11 6 363 515
13 15 29 5 453 567
12 13 18 5 566 631
58 49 13 5 505 765
85 93 9 7 366 531
43 49 15 6 555 700
10 55 13 7 359 460
100 93 11 6 381 658
40 63 10 3 322 383
72 77 12 4 509 783
100 31 6 4 288 560
36 72 13 7 264 503
98 67 15 7 325 424
17 72 20 4 404 540
37 48 16 2 560 761
8 72 12 2 220 339
48 1 10 3 545 694
68 85 16 4 330 588
70 84 7 5 486 774
49 15 13 1 220 437
80 54 26 7 518 750
53 82 14 2 526 598
32 65 5 5 534 751
31 26 20 7 261 477
83 10 11 5 238 489
64 64 20 1 348 461
12 9 22 6 602 707
62 66 18 7 430 613
78 19 29 2 261 415
27 90 18 6 612 673
14 5 13 7 520 616
49 72 13 1 310 411
27 99 20 4 360 544
76 46 16 3 267 461
74 88 8 7 359 647
33 26 10 4 237 311
60 54 11 7 287 444
28 88 10 1 519 659
70 64 23 2 494 572
50 100 22 5 565 689
4 91 15 2 534 792
33 80 8 1 497 621
45 72 16 7 223 463
56 12 28 4 717 780
76 88 27 7 449 693
68 9 9 2 419 590
32 95 12 4 352 564
47 65 6 5 513 720
22 12 27 5 271 561
89 24 29 3 225 342
82 96 24 5 552 690
15 95 30 1 522 603
30 4 7 5 676 736
3 89 29 6 250 372
9 74 20 1 390 632
11 81 21 4 494 560
6 100 14 4 674 777
54 98 13 7 526 633
99 34 17 7 238 386
72 28 24 3 531 790
56 98 11 5 317 613
74 55 20 4 347 555
33 33 8 4 370 468
86 37 23 3 472 679
14 15 15 4 264 526
81 37 20 3 293 394
43 0 30 3 237 310
90 21 5 1 430 557
25 32 22 4 273 496
44 64 14 6 416 617
88 65 10 6 348 647
90 93 22 3 470 625
86 14 22 3 628 744
0 37 10 2 344 642
7 41 9 3 492 711
51 83 27 4 428 557
81 34 23 5 270 521
59 75 5 3 370 533
28 55 14 3 487 664
14 82 21 5 474 630
98 35 19 1 493 617
66 10 18 5 466 676
0 27 27 6 402 521
51 74 29 5 365 536
88 82 29 6 321 607
11 67 30 6 292 445
35 68 30 2 322 435
60 38 18 7 352 454
79 64 8 3 396 556
75 21 10 4 279 356
84 27 20 6 636 744
7 49 20 5 415 556
26 44 11 1 447 527
76 91 17 4 244 321
90 91 18 5 301 424
97 90 23 4 428 719
73 59 14 4 645 796
66 54 10 7 435 692
17 41 19 7 288 551
44 20 8 6 246 525
58 13 12 3 277 420
44 58 10 3 323 422
32 60 17 2 300 523
51 14 13 3 331 415
24 93 16 6 344 473
77 29 17 2 326 473
93 93 19 5 464 691
61 68 6 1 221 320
7 61 26 5 333 522
12 46 9 6 527 735
87 65 10 7 367 528
94 7 20 2 267 515
95 50 15 6 481 605
72 26 25 5 427 672
17 11 20 4 465 686
4 16 27 2 414 656
34 22 18 2 303 379
15 24 25 1 457 685
78 40 25 3 302 452
33 64 7 4 618 708
17 90 12 7 390 563
43 20 17 1 351 504
80 5 23 3 319 460
23 88 30 7 203 278
69 49 18 1 278 527
10 14 6 4 461 669
25 18 22 6 365 588
45 25 11 3 565 642
27 58 14 3 448 588
58 60 30 1 370 647
37 89 17 4 411 551
57 16 29 6 270 457
50 48 9 2 567 667
30 29 5 5 264 446
4 74 28 7 558 709
15 13 9 4 407 649
34 65 5 6 217 482
22 26 20 1 563 718
23 67 11 3 401 473
100 35 10 5 335 406
66 89 29 5 545 656
66 67 11 2 550 743
42 6 7 5 345 512
72 8 19 1 663 746
26 45 10 7 399 501
90 43 24 4 474 611
85 83 20 7 336 516
8 85 28 1 527 665
84 93 22 1 653 733
6 31 19 5 556 628
38 2 14 2 501 745
66 21 12 2 262 441
1 24 17 5 500 636
88 85 14 6 311 427
43 28 21 3 212 305
97 85 18 6 563 738
86 3 28 4 554 644
72 88 7 6 593 769
63 80 11 6 627 786
89 3 19 1 273 529
28 73 14 2 489 786
97 26 12 6 298 449
1 78 27 3 485 609
32 42 29 4 337 505
60 80 10 3 492 554
70 55 17 6 273 553
83 33 21 5 339 473
29 46 8 7 350 593
1 11 6 7 571 645
72 86 9 6 364 598
39 39 22 2 439 692
1 23 15 6 291 524
87 45 21 7 373 446
26 43 14 5 640 763
93 76 20 5 426 681
7 35 7 1 547 610
84 40 27 7 583 710
99 60 23 1 518 775
78 5 15 6 389 648
33 22 24 3 437 582
79 12 6 2 508 683
79 69 24 2 264 366
12 50 13 1 370 474
6 46 27 7 521 743
19 81 23 1 346 512
40 99 20 4 705 799
76 69 29 4 510 577
61 8 8 4 585 759
49 34 23 6 449 657
97 42 19 3 221 370
84 75 21 3 546 755
5 99 14 2 374 573
40 79 5 6 517 682
86 39 7 1 241 458
88 39 26 7 657 774
98 84 28 6 630 777
19 14 29 4 316 394
42 4 29 2 404 606
23 28 7 6 329 428
53 81 22 4 403 657
2 88 20 5 402 568
11 66 12 3 237 500
34 56 10 1 206 445
42 56 19 6 508 651
48 85 26 3 505 630
35 65 18 1 433 519
73 87 15 7 496 565
13 80 14 2 576 721
17 27 18 5 548 640
70 86 27 3 578 792
59 25 25 3 423 662
28 43 22 4 381 600
37 77 21 3 438 593
18 53 15 2 404 504
11 9 20 1 418 656
27 25 21 1 494 574
39 89 6 5 386 645
25 73 13 6 288 535
38 77 14 6 292 488
96 53 25 3 585 774
1 6 21 4 505 677
82 23 17 1 342 629
14 97 11 6 542 660
89 38 10 3 247 372
14 79 26 2 314 394
14 34 28 7 329 544
11 39 27 7 228 471
93 82 19 5 625 796
86 12 6 5 329 519
52 20 29 4 538 680
79 70 21 2 344 620
39 25 25 7 663 767
22 72 8 4 200 485
23 68 28 4 490 650
85 9 23 7 386 665
88 81 30 5 565 767
51 64 27 5 469 766
87 6 28 3 422 719
45 57 7 1 357 580
33 95 11 7 571 631
33 91 9 3 242 507
47 42 25 4 281 411
37 31 6 7 536 764
28 9 29 2 645 777
45 66 11 5 504 638
20 2 12 1 457 671
84 56 13 2 480 778
56 77 18 2 682 800
100 17 7 2 277 354
14 4 25 7 271 422
42 89 15 3 593 780
12 44 10 1 398 523
32 51 28 3 440 635
17 62 6 1 310 591
39 95 10 7 482 607
37 87 11 4 242 504
91 23 15 4 441 632
12 56 24 7 368 541
42 59 9 4 271 380
63 33 21 3 534 709
45 9 15 5 484 713
39 69 29 1 500 733
77 31 5 5 275 416
61 87 17 5 287 476
75 61 23 5 431 655
79 85 11 1 474 577
3 17 16 1 384 450
45 55 22 5 204 331
41 58 28 3 279 406
35 92 9 7 519 616
78 38 24 6 617 784
79 27 15 4 249 438
24 100 14 2 208 460
36 14 28 1 299 466
89 97 24 2 549 782
74 60 8 1 440 695
98 92 9 4 282 355
41 0 10 7 633 741
12 20 14 5 584 669
70 30 28 3 242 304
85 80 7 5 429 620
32 79 21 7 224 289
68 56 9 2 491 630
65 62 13 6 381 621
41 52 21 4 571 669
3 4 13 4 577 678
24 57 24 1 618 690
22 40 18 5 363 636
8 94 19 3 333 530
95 6 16 5 530 707
59 61 13 5 207 268
84 58 26 7 465 657
25 9 6 5 267 453
65 82 25 6 208 496
28 68 28 6 452 718
0 58 24 3 561 699
72 91 8 3 346 540
18 34 26 7 258 488
62 77 23 6 708 793
33 2 12 3 235 355
79 26 29 7 525 712
87 44 23 4 363 638
92 74 9 3 200 319
84 83 11 3 475 551
84 6 23 5 200 324
34 36 27 4 584 757
82 92 12 7 261 400
9 69 14 3 339 404
23 75 20 5 468 602
55 1 7 2 636 751
74 96 23 3 537 776
92 9 22 3 228 360
2 62 7 1 312 438
93 0 7 5 276 365
94 97 15 3 338 515
49 2 9 5 438 724
71 58 22 1 488 679
41 79 10 7 240 375
44 23 20 6 619 765
2 61 21 4 378 571
41 2 20 7 307 469
34 38 7 4 579 697
47 86 6 6 384 589
47 34 14 5 573 788
53 85 19 3 356 633
65 64 27 1 274 568
79 50 17 5 213 293
36 42 16 5 460 618
31 12 25 2 672 771
87 26 6 1 368 569
30 87 19 7 613 783
7 91 6 6 211 418
7 36 16 7 420 568
77 67 7 3 348 538
13 76 9 5 234 440
3 30 9 1 491 790
66 64 26 1 433 648
19 83 20 3 205 334
10 25 20 5 548 757
76 45 11 6 526 624
62 17 28 5 267 348
16 28 25 5 465 634
88 64 30 3 226 458
99 62 10 3 644 728
46 36 30 5 448 613
49 8 9 2 540 673
87 7 23 1 459 602
97 46 23 3 274 573
63 37 18 1 506 708
69 34 16 4 671 797
81 31 14 7 534 785
69 6 14 2 276 505
87 10 14 3 288 371
3 27 20 1 429 588
76 60 16 7 291 462
25 38 17 4 651 781
99 18 5 3 443 610
10 30 16 5 384 515
34 70 9 1 676 744
3 46 15 6 518 776
69 91 29 7 277 370
33 92 6 4 383 546
60 43 8 7 470 560
100 45 26 1 394 476
78 13 17 2 517 793
34 2 22 6 658 795
19 57 26 1 544 674
83 39 7 4 251 319
15 69 29 3 297 477
0 34 21 6 210 368
40 75 11 3 220 484
38 83 8 6 648 758
27 19 14 4 317 492
12 49 8 1 516 779
0 17 18 5 381 628
46 35 20 1 397 504
100 74 25 1 388 571
25 53 19 7 560 693
53 25 11 3 546 723
70 56 24 6 567 699
18 90 29 5 263 418
53 41 5 2 365 559
89 74 19 6 271 361
53 52 9 3 380 573
39 31 21 7 342 509
42 68 23 3 349 612
5 58 28 7 283 531
30 0 13 5 542 656
15 34 16 4 233 486
41 21 28 2 476 703
24 99 16 5 530 734
100 34 14 5 650 725
38 54 27 5 441 557
30 95 13 4 329 545
14 48 18 5 459 610
7 51 18 4 243 364
8 86 5 7 477 671
41 6 12 5 385 456
70 50 9 5 435 534
30 17 12 1 653 755
17 79 19 5 376 616
92 56 25 7 471 553
32 4 14 6 391 679
45 84 21 6 266 378
19 34 13 7 301 562
98 16 22 1 422 636
72 67 19 4 422 559
53 51 8 4 443 729
69 93 13 5 519 626
50 49 29 6 602 704
1 35 27 6 249 522
57 65 13 7 235 487
88 54 30 2 542 723
24 16 21 5 393 548
79 7 28 4 235 523
43 93 17 7 331 425
44 97 13 1 447 596
37 51 12 4 619 741
35 83 26 4 244 304
28 41 27 3 621 754
80 57 18 2 226 408
6 18 10 2 600 694
51 99 29 1 445 709
79 25 13 3 480 689
33 59 7 6 426 654
43 89 9 6 249 472
41 83 11 5 445 697
9 18 7 7 550 787
40 22 10 4 471 609
66 19 24 3 521 676
98 10 30 1 579 733
34 29 13 4 207 440
92 29 24 6 277 485
3 40 21 3 579 775
3 12 20 3 473 667
92 22 26 4 234 509
44 3 15 7 591 657
10 64 27 5 499 613
13 3 9 6 580 692
99 21 30 3 230 525
44 29 23 6 331 450
85 34 11 5 230 298
99 36 24 3 615 743
97 83 8 7 625 762
31 44 25 3 559 622
93 46 23 5 227 505
82 87 28 7 461 685
63 7 7 2 252 353
5 87 9 2 200 371
17 40 18 6 402 488
90 80 30 1 388 616
37 60 12 7 354 530
98 76 5 7 242 307
70 36 26 4 215 368
29 93 5 3 499 692
42 50 10 1 472 688
85 75 6 6 315 476
15 16 13 4 457 572
54 49 24 3 205 300
31 13 26 2 577 770
43 76 15 6 353 611
57 91 25 6 470 626
29 85 10 6 342 624
32 41 5 6 299 424
3 54 17 5 515 767
17 14 20 7 545 624
89 72 20 2 631 732
8 1 30 3 599 757
4 73 24 4 323 608
91 93 6 4 220 281
38 50 22 2 575 733
24 41 20 4 418 670
10 35 10 3 572 787
63 73 28 6 230 366
59 68 17 7 491 676
49 45 10 2 439 724
9 73 24 1 610 800
91 39 30 5 313 415
53 100 6 2 632 722
52 48 29 1 620 731
58 41 21 2 343 627
33 36 28 5 311 597
69 68 5 7 585 671
75 26 8 5 575 751
89 90 21 3 218 341
5 2 19 7 257 447
67 81 26 1 302 409
30 85 30 3 286 479
77 76 8 1 316 586
87 13 26 7 271 405
27 87 5 6 618 764
58 15 30 3 436 667
46 33 5 2 294 370
83 5 11 1 324 416
57 18 16 4 555 661
63 53 28 5 313 420
27 52 22 1 526 727
51 1 15 5 292 449
25 21 16 5 348 520
84 87 6 3 381 640
13 44 19 2 577 767
49 85 17 6 450 672
80 74 23 4 306 396
47 48 15 6 417 678
70 33 13 5 400 683
23 64 10 4 369 565
11 48 24 7 264 356
2 35 8 4 433 659
70 26 27 6 395 642
88 92 28 1 447 742
35 32 9 5 234 469
0 92 11 2 363 430
51 76 6 3 243 401
39 52 27 7 542 749
75 58 25 2 418 689
76 65 6 4 303 562
39 40 9 1 605 696
6 84 24 7 266 550
46 1 19 3 571 725
3 2 5 4 247 398
50 55 28 7 273 382
42 77 10 6 580 656
77 15 20 3 430 541
33 14 15 1 469 583
45 74 20 3 460 751
64 95 17 3 534 688
77 7 28 1 415 628
17 7 23 3 247 490
23 5 8 6 224 407
66 20 30 3 265 563
58 94 21 2 619 721
49 69 30 4 241 425
28 12 25 4 266 374
42 86 28 2 600 712
68 64 14 1 686 753
69 86 7 1 321 531
72 99 30 4 517 775
81 100 26 3 474 568
28 74 6 2 290 570
78 93 20 5 283 457
40 72 7 3 454 750
59 62 7 5 246 538
92 49 27 3 462 571
41 72 29 4 289 380
100 69 27 2 496 753
36 97 12 1 405 507
0 80 25 6 247 386
48 27 16 4 587 683
75 3 18 3 376 659
12 78 9 6 393 590
3 5 19 6 546 783
29 60 6 7 615 745
56 67 16 7 295 472
59 14 30 2 375 631
17 75 19 3 352 563
67 10 16 6 591 681
85 92 13 4 211 280
96 38 19 6 457 646
9 20 7 7 526 764
7 53 25 3 256 530
79 24 25 3 545 748
81 1 20 5 236 442
97 53 8 6 509 602
54 72 10 1 460 572
93 95 25 6 536 611
71 30 22 2 258 362
11 52 9 4 310 516
73 48 26 5 353 635
31 98 20 4 602 668
9 82 18 2 429 527
82 88 18 7 282 576
75 72 18 6 477 652
35 73 20 5 577 739
14 77 25 7 272 337
19 100 29 3 332 587
55 55 20 2 261 512
74 44 25 4 380 500
86 89 14 1 444 510
70 40 11 3 315 424
98 88 17 3 349 630
55 74 25 4 216 473
40 32 30 6 305 521
52 46 9 3 493 561
21 21 30 1 487 637
48 22 10 3 369 534
90 63 10 3 515 663
26 92 10 6 397 667
91 79 7 1 361 535
55 36 28 1 434 643
88 91 18 4 684 781
41 41 17 2 298 483
62 80 18 6 541 728
24 95 7 1 442 613
33 79 7 6 483 599
44 61 30 2 482 591
32 45 16 6 300 404
8 9 22 6 460 735
80 83 20 4 398 618
32 54 12 6 493 786
88 41 27 1 313 586
79 89 20 7 373 472
64 59 12 1 448 741
79 14 13 2 377 439
35 28 5 2 395 613
14 13 5 6 344 522
13 18 27 5 313 514
43 59 9 3 665 742
82 4 22 5 257 486
9 59 22 5 508 603
6 69 8 7 455 627
82 16 5 1 277 545
22 57 13 3 348 493
86 76 16 7 572 664
34 68 23 5 572 759
70 52 27 7 527 645
81 50 9 4 433 677
58 16 14 1 448 588
35 70 15 7 379 518
80 96 6 2 377 566
93 41 5 5 437 710
91 60 19 1 580 723
75 81 24 7 595 719
54 45 26 3 629 751
63 22 22 7 533 641
5 8 15 6 506 589
2 39 25 3 684 758
2 18 5 3 265 511
16 20 29 5 224 364
84 84 26 2 468 746
19 94 25 5 453 562
80 53 11 1 250 438
66 55 30 5 378 549
3 26 10 1 475 764
91 19 8 2 506 592
40 35 11 3 491 752
33 28 13 7 638 779
46 94 22 2 449 633
8 43 27 2 582 665
9 95 29 5 216 485
95 23 18 7 300 479
17 67 23 5 320 441
59 20 17 6 322 488
32 6 19 6 557 699
40 61 29 3 403 481
68 43 30 1 627 771
39 19 12 4 450 552
17 85 25 4 604 711
95 89 29 7 237 489
18 18 20 7 532 744
55 37 16 4 560 751
50 46 27 1 543 735
34 17 26 4 391 676
27 9 9 7 646 748
40 67 6 5 419 491
15 7 29 1 416 649
32 25 10 4 277 444
93 26 13 3 211 419
26 41 7 5 404 541
68 98 19 3 556 644
40 88 6 1 279 468
13 87 23 5 293 357
98 42 6 7 337 610
89 16 18 3 218 396
59 56 13 3 666 793
96 7 21 4 377 481
70 96 25 1 582 721
57 20 20 4 205 464
16 19 26 6 272 533
36 53 28 5 269 371
8 59 20 2 552 754
41 1 24 7 253 455
52 74 26 1 469 577
7 99 29 1 398 510
34 37 23 7 511 747
36 4 16 7 493 726
95 78 27 6 514 669
80 38 24 6 458 567
19 45 22 3 556 657
71 62 5 6 582 685
69 78 14 7 465 600
63 52 9 1 486 596
28 42 25 1 421 496
43 41 20 6 647 796
60 15 17 1 530 617
49 37 18 1 498 742
44 70 16 6 315 522
23 7 24 3 410 707
81 98 19 3 286 452
30 50 15 5 440 559
79 17 24 7 244 533
96 66 14 2 513 730
14 38 25 1 528 669
86 82 14 2 531 795
49 20 25 4 374 440
85 51 19 5 579 797
2 66 16 4 489 709
33 45 9 6 342 499
64 89 30 4 205 301
34 30 22 7 384 513
80 6 28 7 330 484
95 69 7 2 339 566
45 90 15 1 254 343
70 42 23 2 462 737
1 34 9 6 555 654
72 87 14 4 445 675
51 26 13 7 316 537
58 88 25 4 456 703
7 72 27 7 248 475
54 2 22 5 320 501
66 77 22 7 405 572
33 21 23 4 336 595
19 54 14 7 381 573
12 66 5 3 623 710
41 71 25 6 395 607
34 85 11 1 469 651
80 67 15 5 544 792
1 77 24 6 233 436
91 47 9 7 309 595
4 39 21 4 339 632
56 26 5 7 331 547
1 13 11 1 634 711
100 11 11 1 458 598
4 81 28 4 363 440
32 14 20 5 222 381
90 89 24 4 385 486
36 100 16 5 509 605
54 61 23 3 303 594
71 52 18 2 497 715
80 50 24 1 648 784
11 65 28 7 675 759
2 69 14 1 421 517
67 9 8 5 304 502
61 53 12 2 335 560
38 67 12 5 472 689
1 31 13 7 333 544
22 37 17 3 403 663
69 95 23 1 440 647
94 76 14 5 298 501
84 16 9 2 636 740
76 61 26 2 205 413
20 17 28 1 209 446
43 64 6 7 438 647
71 40 18 6 642 780
59 69 11 6 496 608
48 19 19 4 347 624
83 26 12 1 269 370
83 47 24 5 241 489
52 26 11 4 422 617
51 3 6 3 292 367
24 49 6 4 364 568
8 37 23 3 540 740
37 43 29 5 263 390
87 50 15 6 392 480
