1745
91 75 0 0 0 0
94 95 11 2 531 695
29 67 6 3 524 746
52 94 11 1 501 713
83 79 20 6 361 450
41 86 19 6 598 790
28 24 29 1 440 514
4 34 9 2 470 629
94 61 13 1 385 543
99 25 23 3 505 784
53 16 10 3 478 708
39 18 19 1 496 768
12 51 9 7 555 764
2 51 8 4 349 620
39 87 13 3 542 768
33 28 15 3 456 673
34 36 27 4 451 540
100 52 10 2 208 381
63 71 26 7 459 694
11 7 23 6 311 608
58 4 29 1 450 678
16 37 11 1 558 646
17 15 13 6 501 721
22 70 28 4 375 595
21 83 17 5 540 664
77 94 13 3 463 609
39 92 7 7 396 616
69 2 19 1 459 568
69 29 18 6 438 648
53 89 25 3 412 610
23 38 25 6 334 537
47 32 18 1 668 769
53 60 16 5 487 622
81 11 16 2 241 442
29 77 14 6 342 627
47 66 18 4 470 735
74 54 7 5 350 619
37 29 6 4 541 617
36 68 16 3 214 370
62 9 25 6 314 603
58 68 11 3 208 476
86 6 18 4 332 489
60 9 15 1 265 374
44 20 8 5 302 555
70 34 8 7 659 777
66 37 8 7 233 393
41 50 12 6 235 431
19 95 6 6 337 524
7 61 24 7 721 788
99 5 27 5 369 516
83 35 17 4 527 606
2 34 27 7 282 576
96 37 20 3 339 446
35 81 15 6 211 427
72 18 21 6 322 536
6 5 22 2 536 746
18 58 26 1 485 664
42 43 16 2 390 603
33 50 22 3 264 420
1 47 14 7 555 714
22 89 10 2 292 520
37 64 12 5 275 504
12 83 8 3 203 294
89 14 29 1 222 484
4 44 12 3 226 455
9 13 7 4 244 309
48 40 9 1 204 329
39 15 14 3 370 477
97 16 16 5 332 572
7 78 25 1 214 278
21 97 8 7 383 670
42 36 14 7 365 543
7 19 26 7 469 647
72 42 22 1 371 561
25 74 27 7 285 583
51 15 13 7 397 660
67 34 13 6 357 548
19 25 23 4 412 681
76 96 28 3 392 588
26 97 28 6 358 426
78 6 5 2 211 424
93 71 29 7 284 362
82 78 24 6 307 429
70 22 6 4 640 740
94 31 11 1 348 507
12 44 14 6 210 483
54 13 17 3 273 369
3 54 28 7 511 797
33 15 28 6 501 720
63 52 8 3 247 328
5 44 17 2 512 686
99 48 25 7 255 477
60 31 29 5 456 700
29 32 27 4 367 583
33 67 16 5 242 332
28 47 8 3 295 557
90 56 28 2 554 725
3 92 6 3 236 327
26 48 13 4 208 507
53 67 19 4 461 646
56 41 30 5 268 428
35 70 30 6 235 360
34 69 6 4 450 561
43 83 19 1 397 483
11 83 30 1 373 511
51 89 20 6 533 723
81 91 18 2 390 652
97 8 9 7 211 282
23 12 20 2 311 405
82 53 27 6 342 454
34 72 8 7 243 510
69 71 17 2 455 549
4 22 18 4 577 673
2 76 29 5 589 794
96 94 18 3 373 436
33 16 30 5 572 697
45 47 27 1 418 486
10 55 15 4 292 394
86 80 24 4 504 699
22 78 25 7 228 396
79 64 25 6 424 587
86 35 6 6 213 336
14 80 18 4 422 566
74 51 6 7 387 601
12 45 27 2 470 763
2 55 28 2 463 592
26 87 29 7 570 651
37 22 5 4 231 451
24 16 24 3 201 299
81 74 15 3 280 471
36 57 16 5 377 619
40 7 21 7 441 657
30 70 30 7 507 677
23 75 26 1 301 575
14 2 26 5 578 649
45 38 10 5 399 637
94 37 11 4 275 356
87 98 16 4 244 384
27 89 6 7 636 758
60 82 7 7 419 500
8 96 7 3 214 476
80 27 5 5 397 482
92 18 24 6 503 584
70 90 9 2 398 593
65 16 14 3 621 681
87 85 13 2 239 352
18 68 8 7 443 515
74 39 7 1 283 395
71 62 11 1 403 685
23 37 24 3 256 337
28 63 24 7 276 421
57 35 14 3 349 581
13 91 10 7 329 450
15 85 19 4 444 536
83 59 27 2 620 710
66 22 6 1 412 539
99 24 9 3 447 740
64 79 21 4 577 783
87 9 28 5 317 574
29 82 7 5 300 512
6 11 7 1 579 732
35 80 21 6 226 454
20 88 27 1 363 596
60 8 10 1 262 355
11 39 22 2 386 508
90 34 28 3 346 556
74 49 19 6 241 419
17 47 29 7 273 348
30 14 8 4 394 569
15 86 12 5 392 688
83 21 6 3 200 460
4 30 7 3 315 425
11 65 24 2 527 694
70 80 30 1 508 626
34 86 16 1 484 575
69 9 27 4 288 509
54 43 27 3 345 443
44 67 17 5 337 609
62 81 19 5 298 587
48 57 30 3 516 604
78 8 23 3 514 695
10 69 30 5 533 776
36 13 29 6 433 634
65 42 14 6 379 546
9 44 10 5 407 537
55 92 25 5 290 373
3 3 8 5 670 787
91 45 29 3 343 599
97 97 7 6 570 645
7 0 22 1 235 431
9 16 11 3 372 436
26 72 9 4 271 347
56 30 25 3 499 793
55 34 24 7 344 508
20 96 15 1 229 304
51 19 7 1 215 425
1 28 30 3 386 633
54 34 27 4 254 341
11 71 15 3 588 689
74 64 25 7 521 764
95 46 15 4 269 559
5 33 22 1 602 752
20 50 8 5 281 422
48 67 28 7 250 543
46 56 15 1 467 746
1 49 5 5 688 794
46 95 29 1 505 594
25 93 21 1 641 739
22 80 14 4 233 330
19 41 18 7 584 757
31 98 12 6 207 450
28 4 23 5 396 516
82 52 23 1 224 291
98 86 13 7 399 564
75 76 18 7 515 726
32 14 21 3 384 509
78 62 7 3 307 431
14 99 7 5 544 649
51 28 12 6 446 729
99 37 24 4 542 636
97 84 16 5 411 644
10 56 17 4 324 535
64 81 5 1 241 526
86 32 12 7 545 713
48 78 24 5 258 320
82 95 11 2 645 718
55 73 27 5 454 643
50 31 29 7 426 515
44 46 18 1 210 397
45 55 12 1 467 724
30 94 9 5 690 791
81 39 28 4 610 770
38 72 20 3 400 626
41 66 13 7 311 491
40 65 25 4 588 673
60 25 13 6 274 520
57 63 21 6 490 743
57 23 11 3 267 366
34 4 26 3 599 704
27 79 6 2 447 676
11 84 7 1 204 408
5 76 14 6 416 529
100 81 16 1 511 580
27 10 26 1 287 531
61 67 21 7 217 429
99 92 10 1 206 363
59 38 27 5 665 766
83 38 27 1 629 789
24 29 22 2 531 592
96 47 16 1 314 469
89 50 14 4 536 744
39 37 24 6 238 409
1 1 16 5 302 499
45 63 13 3 495 572
6 84 11 7 610 780
63 95 14 3 335 479
59 86 21 3 298 395
5 17 21 3 231 458
85 41 11 2 497 628
54 59 23 5 450 643
13 78 28 4 379 595
60 60 11 4 531 643
27 7 30 5 497 610
4 97 24 5 549 766
16 58 5 5 312 521
0 29 26 5 204 395
30 50 18 2 393 491
11 47 13 2 526 745
86 4 25 6 410 690
32 71 22 2 315 564
35 99 7 5 284 536
33 69 23 3 420 528
84 18 17 6 359 429
49 81 18 1 564 644
30 7 5 1 404 542
97 7 25 6 215 407
4 76 23 2 482 686
3 78 27 3 708 769
45 64 19 4 453 545
64 65 12 4 507 707
89 68 5 1 249 340
11 98 25 5 516 595
25 55 8 6 596 657
59 10 16 5 634 717
36 8 13 5 402 676
29 42 28 3 291 456
5 27 6 5 529 603
61 75 8 2 240 402
50 16 24 4 252 518
88 92 24 3 339 419
64 26 17 4 229 369
4 29 18 2 500 659
96 49 19 7 423 525
59 72 22 3 479 710
64 53 25 1 433 644
90 9 12 7 393 647
14 30 12 7 420 685
80 92 8 7 458 705
65 51 28 3 292 420
61 72 28 4 577 782
42 65 28 2 263 366
77 6 10 5 207 462
43 73 21 6 277 556
39 4 11 6 266 471
6 13 26 6 559 626
37 57 30 6 300 406
79 29 14 6 493 657
3 48 28 7 323 504
78 24 12 7 434 556
94 19 27 6 487 657
67 65 20 2 254 462
25 94 30 6 258 338
24 17 7 2 573 744
71 34 30 5 544 768
50 47 29 4 313 553
19 24 19 3 419 490
13 92 25 5 344 525
83 68 22 6 518 742
100 12 28 6 499 715
100 99 16 7 508 674
50 44 30 7 352 585
7 43 10 4 298 511
30 66 9 5 387 606
51 75 19 2 650 726
12 74 23 1 520 651
99 93 17 1 206 270
50 8 16 5 306 507
68 52 28 1 364 469
15 53 24 1 209 501
27 54 11 7 435 604
76 19 5 6 400 663
0 74 12 4 315 395
47 76 11 7 290 515
34 48 17 5 610 775
39 60 22 7 363 541
5 19 28 6 670 797
89 34 22 1 293 397
58 54 8 7 416 691
52 41 23 3 610 770
5 9 8 5 227 334
47 44 26 3 668 790
52 84 14 5 515 608
35 75 28 6 307 370
35 97 11 5 614 778
55 71 17 1 307 453
86 37 10 3 338 413
53 0 13 3 287 516
22 62 14 3 263 503
5 10 26 5 274 551
95 86 22 1 273 463
60 46 16 7 680 783
48 99 29 5 312 404
41 97 12 4 528 668
58 82 22 4 461 741
19 1 23 4 397 545
69 32 28 5 510 691
32 85 12 4 540 716
85 25 9 5 584 752
85 45 20 4 359 539
22 56 29 2 475 641
53 45 25 6 433 647
89 55 22 5 384 682
15 26 16 1 536 766
79 39 21 6 566 742
11 10 15 1 261 392
43 76 27 6 277 568
12 43 16 1 651 745
53 72 7 4 538 733
10 50 20 4 404 589
91 50 25 6 249 396
49 64 7 7 221 470
87 30 5 5 339 610
10 81 28 6 439 730
73 30 26 2 270 349
71 0 29 3 510 674
4 65 22 5 507 651
51 0 8 5 563 749
96 87 8 3 632 744
39 9 29 4 449 639
31 53 17 5 425 645
78 73 7 1 549 755
27 80 22 2 422 522
63 7 30 1 539 646
24 100 30 2 512 607
3 71 7 1 332 523
47 46 15 6 499 746
84 79 19 7 453 558
90 75 16 6 456 552
46 18 9 3 268 549
57 85 21 1 241 356
98 76 20 4 552 788
79 19 18 1 516 724
40 72 19 5 662 761
3 5 14 5 562 792
24 49 19 4 222 293
61 62 22 2 444 698
88 83 5 2 286 526
10 27 22 1 571 740
58 53 17 2 263 374
30 49 27 1 326 540
13 97 15 4 479 670
4 82 25 1 223 487
71 92 26 1 358 468
7 91 24 1 238 470
15 91 20 1 457 703
81 92 22 2 217 326
94 91 30 1 563 796
40 74 7 2 341 591
72 10 20 4 549 672
76 70 24 3 223 327
58 67 25 6 567 697
86 16 21 3 549 620
58 29 25 7 396 461
53 26 10 6 445 528
3 89 11 1 274 555
40 100 13 1 593 776
60 17 11 4 254 321
100 5 6 5 370 480
59 33 23 7 465 744
45 93 8 2 509 792
79 50 11 6 389 654
41 40 18 7 587 653
93 65 17 7 279 378
81 75 25 3 512 773
80 0 12 4 441 660
42 28 15 5 512 709
35 83 24 7 370 538
42 56 27 7 588 678
64 8 19 1 210 334
53 40 27 6 450 570
7 59 18 7 342 603
31 10 30 6 363 559
38 1 12 4 631 760
0 100 5 2 296 395
60 56 16 2 320 526
83 14 18 3 499 655
66 69 16 5 372 481
97 27 15 6 559 726
39 73 23 4 245 543
100 17 12 3 238 401
30 88 12 1 412 627
34 54 21 4 235 515
38 23 27 2 357 447
61 69 18 5 405 468
90 77 28 7 324 599
72 79 15 3 394 495
37 11 24 4 203 268
0 22 17 7 681 760
67 71 23 1 323 513
10 19 6 6 341 439
33 11 15 5 546 649
56 23 5 2 227 361
33 97 13 5 537 782
62 78 6 1 224 322
17 68 14 1 384 480
23 63 25 4 419 479
24 85 9 2 269 360
51 78 8 2 426 581
98 39 12 4 349 574
59 40 28 5 350 621
62 27 21 4 268 445
19 68 5 7 425 524
92 51 8 3 638 739
90 81 28 5 275 374
93 8 20 1 578 663
89 53 18 3 200 381
35 6 29 3 586 698
11 89 12 7 304 592
49 42 22 1 607 783
14 95 15 1 405 636
25 15 6 7 558 621
41 11 18 4 630 740
84 13 22 2 509 795
62 45 16 3 612 746
55 10 15 7 480 671
22 85 17 6 329 583
22 73 5 7 331 483
88 71 30 6 503 759
44 71 7 1 371 530
26 31 10 6 325 470
7 45 15 4 208 403
42 92 18 2 238 316
75 57 20 3 417 519
75 96 19 7 672 800
71 44 5 6 727 792
4 53 28 5 380 581
73 39 27 2 200 423
100 60 10 2 384 462
82 100 23 5 584 704
16 70 27 2 518 783
59 99 16 2 219 444
54 39 9 2 669 747
69 69 19 2 209 412
3 19 26 4 383 444
22 33 7 3 355 471
19 62 17 3 450 535
69 39 28 7 240 386
42 82 27 3 340 535
53 4 26 5 301 404
8 36 28 6 411 652
69 11 24 2 313 460
78 86 7 5 269 510
56 50 22 7 273 499
28 23 19 4 290 366
46 10 23 2 586 785
6 32 29 6 370 523
1 5 27 1 335 557
87 49 10 5 486 753
21 61 17 7 634 700
55 99 20 4 497 629
29 68 14 3 451 591
14 92 15 6 204 434
70 86 27 4 428 580
33 71 25 1 380 676
92 8 13 1 208 278
41 58 15 1 382 570
96 30 13 5 588 653
47 92 25 5 505 718
78 19 16 1 445 656
64 54 17 4 397 610
39 45 12 4 442 651
9 79 11 5 523 612
22 32 8 6 444 541
95 15 10 4 513 634
45 2 8 4 481 704
85 15 13 5 547 621
25 79 27 6 541 601
94 48 23 2 336 527
14 39 9 4 205 395
78 87 24 7 499 737
1 40 16 1 622 684
29 35 15 6 237 434
38 56 25 2 328 601
8 16 18 4 477 613
43 69 11 1 361 653
93 94 9 2 307 490
84 8 25 2 389 501
63 12 14 2 274 573
33 94 30 3 586 702
95 7 29 3 476 681
69 55 15 3 219 380
70 62 14 4 271 515
36 97 13 5 318 568
99 76 12 6 229 371
57 27 13 7 322 614
24 42 18 2 211 304
45 78 14 4 550 628
75 69 19 6 468 528
73 31 28 2 376 523
51 80 25 6 350 600
9 80 6 6 347 624
14 44 17 3 590 720
29 75 15 5 378 442
52 68 13 3 403 551
45 96 13 4 541 778
20 46 12 5 494 694
6 44 17 7 209 443
97 91 21 7 461 571
26 32 17 7 598 725
6 25 27 2 398 697
49 33 28 3 502 562
57 76 9 2 330 572
36 9 10 4 530 778
13 31 10 7 529 706
55 46 11 7 218 459
57 40 12 7 466 729
17 59 20 1 540 657
48 5 13 1 337 474
99 69 28 4 556 733
25 100 20 5 700 781
92 73 6 5 341 464
21 89 25 2 437 575
92 3 13 4 487 696
14 45 28 7 265 419
100 21 30 7 274 475
4 85 16 5 342 593
37 3 22 5 543 634
14 89 20 6 499 652
67 61 18 2 652 719
99 34 16 7 304 586
69 19 29 3 606 672
94 38 13 2 615 788
82 35 21 7 452 705
35 67 16 4 421 583
12 16 24 3 325 461
66 11 8 2 384 622
27 20 17 4 376 467
26 90 5 4 332 428
6 97 23 1 379 549
69 67 25 6 481 572
29 19 7 5 596 688
53 30 22 4 237 329
79 62 16 2 403 569
65 3 27 2 716 783
77 48 7 2 468 670
48 25 12 5 347 546
9 9 6 1 560 749
18 19 15 7 327 594
61 97 12 1 446 552
23 54 7 5 302 481
18 27 12 1 431 696
7 12 19 7 564 686
58 26 25 6 262 377
90 5 16 6 299 439
18 87 29 3 212 479
92 44 29 5 259 407
3 4 5 7 521 708
1 94 6 2 236 328
61 15 21 5 584 697
98 5 9 5 476 581
5 5 30 1 636 714
84 51 21 1 402 512
30 78 15 4 413 482
85 19 26 6 631 700
54 75 22 4 252 508
57 47 18 5 600 767
76 49 11 3 249 381
8 47 17 4 471 763
68 32 19 4 378 585
95 23 5 7 298 588
73 72 8 2 221 483
93 85 10 1 367 572
3 2 23 4 318 506
42 4 21 5 305 577
45 16 30 4 255 328
77 42 24 6 660 783
91 80 27 1 444 597
82 1 30 7 457 722
52 99 18 3 393 537
57 79 23 3 409 606
17 51 17 4 433 574
57 30 21 6 303 548
32 51 22 2 707 792
89 85 18 7 292 588
43 3 23 5 282 423
61 58 13 3 372 551
32 75 14 3 473 582
74 97 27 7 460 584
12 78 12 6 247 541
95 64 27 4 255 405
53 29 13 6 499 773
18 35 13 7 401 563
59 29 16 5 366 615
81 7 13 5 244 480
72 49 11 4 320 564
77 14 13 1 543 608
11 49 22 4 464 633
81 51 23 5 492 601
13 12 13 6 357 526
16 75 12 3 327 445
18 53 29 6 555 717
82 37 19 5 213 396
53 65 25 7 357 559
2 78 19 4 657 735
13 18 8 7 449 724
57 9 28 5 362 504
88 93 9 4 227 486
47 90 13 2 525 761
76 34 24 2 299 597
58 75 25 2 441 594
85 91 10 5 260 330
58 42 20 6 446 671
29 7 28 3 443 504
10 89 16 5 266 538
44 27 25 1 586 766
63 22 29 2 375 508
100 51 29 1 384 613
45 52 24 6 594 703
70 50 18 3 481 628
42 62 23 1 642 780
31 8 23 1 603 744
73 28 18 5 448 603
84 70 26 6 302 574
93 67 8 5 622 753
53 42 20 4 345 639
86 44 17 6 346 477
2 33 9 1 374 640
3 14 17 4 396 606
72 96 14 4 237 310
68 45 21 4 376 442
81 66 19 2 308 488
67 63 19 2 276 476
3 69 28 1 391 513
1 11 26 2 646 794
84 34 6 2 230 392
64 47 15 2 557 727
71 76 22 5 421 642
6 98 17 4 297 396
6 24 13 7 427 714
74 30 23 4 222 290
94 100 25 7 452 593
56 4 24 1 422 649
83 44 6 5 545 624
17 10 9 3 419 499
91 47 17 4 610 702
1 50 21 4 500 611
38 94 17 6 538 710
50 59 5 7 539 664
10 94 27 7 573 751
28 40 9 5 596 706
89 56 21 2 201 271
42 35 10 6 280 372
100 56 30 7 491 701
75 100 26 5 279 415
46 97 23 4 537 671
2 85 12 2 429 649
30 84 24 1 560 657
84 9 20 7 451 738
36 6 29 2 389 471
99 85 28 4 204 288
7 82 14 1 612 710
91 99 25 2 270 424
0 21 18 1 415 618
91 51 14 5 368 489
90 2 28 5 394 504
46 42 29 7 697 795
33 54 23 7 478 653
52 62 30 2 321 597
5 92 10 4 544 641
1 7 10 4 496 565
14 33 30 7 561 676
22 31 20 7 401 565
79 40 29 1 378 599
51 26 29 2 427 660
48 87 8 3 233 386
39 41 14 5 525 680
18 83 10 4 300 407
48 20 14 7 461 720
29 49 14 7 422 663
94 55 21 3 235 489
83 97 16 6 336 478
42 8 18 7 268 337
85 62 26 5 232 375
8 20 20 7 293 526
68 91 15 1 412 702
92 72 26 6 495 771
54 77 24 3 608 719
78 66 16 3 322 515
81 22 28 7 693 796
60 48 5 4 302 372
20 43 8 1 301 365
38 5 9 6 220 320
50 25 5 1 420 685
34 98 21 4 255 387
53 5 29 7 356 501
27 73 9 7 417 531
64 9 29 7 442 704
12 40 22 4 316 525
6 88 17 5 277 500
44 83 15 5 470 531
29 6 16 3 477 573
8 42 24 6 622 799
4 64 13 3 309 601
34 32 30 7 422 696
67 35 15 4 526 782
34 64 9 5 276 469
77 40 22 6 299 519
38 44 27 5 503 796
71 66 14 6 522 690
14 16 10 7 269 457
80 88 24 1 400 558
29 97 11 5 474 688
74 87 27 3 438 619
66 32 11 4 374 500
35 24 16 4 525 632
24 18 12 2 262 415
53 58 12 1 288 577
73 74 28 4 387 551
78 47 15 2 299 372
33 98 26 1 290 352
11 86 11 7 498 644
69 84 26 6 250 509
89 24 25 6 510 670
91 38 27 7 417 573
86 1 15 3 388 507
97 23 8 2 522 739
22 87 26 3 494 588
43 8 15 4 538 685
9 97 7 7 289 498
82 96 19 7 370 622
80 55 14 2 215 473
16 30 7 7 362 439
7 98 25 6 203 380
29 28 27 4 232 363
95 84 17 5 281 488
9 7 25 3 205 345
47 56 19 6 713 777
85 40 9 7 482 619
59 77 12 6 353 471
48 0 20 2 454 684
1 70 13 5 277 442
61 14 16 7 660 756
57 83 26 6 544 698
20 94 25 6 511 575
92 69 17 1 623 725
28 48 11 3 573 665
5 2 12 3 599 775
85 3 19 6 222 347
52 69 26 4 318 395
74 8 26 5 429 535
36 54 19 2 504 621
79 61 30 6 258 434
0 52 10 2 383 675
78 14 29 4 272 508
1 68 27 1 281 412
37 5 30 7 527 587
67 90 5 6 346 504
16 67 14 1 387 482
40 12 8 2 258 525
76 21 27 1 530 657
28 8 23 5 584 684
70 10 12 5 410 666
27 74 5 3 209 343
67 97 15 1 605 700
62 4 14 4 608 750
90 46 7 2 515 710
74 5 19 2 514 734
15 11 11 5 478 675
31 41 19 2 355 591
76 64 21 7 213 502
96 74 13 2 558 627
36 56 16 6 287 417
55 8 16 6 240 397
95 56 11 6 575 676
72 0 29 6 628 766
3 37 19 1 234 433
16 66 15 7 231 483
72 71 20 6 268 328
43 70 5 6 484 580
34 67 28 2 343 630
95 61 21 3 435 580
25 98 11 7 246 365
86 55 19 6 469 725
58 28 24 2 205 320
65 18 30 4 230 307
2 89 13 7 217 323
7 34 23 3 624 799
67 92 24 5 316 584
38 98 6 1 273 516
86 45 28 2 347 624
77 47 10 6 662 764
89 98 8 5 669 748
43 42 12 6 470 709
84 43 8 2 200 401
23 65 16 7 205 436
44 50 11 2 215 434
43 99 10 1 268 435
93 46 24 5 273 567
94 42 9 5 255 465
91 18 9 3 325 428
25 64 13 5 512 586
13 75 20 2 299 594
34 93 8 7 557 651
97 87 18 7 353 419
84 50 24 1 615 768
57 92 11 7 569 647
60 23 15 6 371 572
79 9 12 2 371 509
44 92 5 7 462 739
47 37 19 2 295 435
53 10 27 2 392 475
83 41 23 2 575 653
19 3 20 2 272 334
66 71 5 2 586 696
88 13 30 2 317 540
22 86 22 7 236 310
34 31 23 5 331 555
8 44 23 2 416 524
86 27 21 1 439 562
49 58 22 2 411 494
70 93 16 3 693 791
57 77 29 5 456 543
34 74 18 6 528 660
77 29 14 4 244 489
11 2 22 1 468 534
71 20 10 1 278 362
51 87 24 7 641 737
57 21 23 2 537 792
52 46 28 5 423 485
23 46 23 7 222 286
55 100 6 2 413 551
90 3 5 3 446 726
0 27 18 7 506 622
73 84 8 3 294 390
61 7 5 5 570 723
21 77 22 2 474 686
61 79 26 2 312 601
4 37 11 6 209 397
58 85 11 7 405 703
93 39 8 7 336 495
51 11 24 7 360 655
29 74 15 5 613 792
21 47 10 4 308 561
16 24 19 7 359 621
60 34 21 7 253 508
52 9 6 4 442 666
77 54 30 1 239 525
40 15 18 1 353 423
50 41 30 3 394 667
57 18 16 2 486 560
47 96 11 1 339 505
21 42 23 5 297 541
72 35 8 1 344 622
99 20 8 2 419 609
28 9 11 5 221 387
15 71 17 7 401 687
7 14 27 3 427 577
67 10 5 5 234 294
27 22 11 5 338 494
73 61 5 1 222 425
75 12 25 6 394 676
45 76 23 2 641 776
80 5 11 7 462 716
28 79 27 3 206 323
95 8 18 1 327 433
99 27 12 7 372 536
41 13 16 3 258 525
25 63 19 4 527 682
65 6 21 1 426 656
84 66 17 7 555 683
10 68 20 2 321 560
77 74 12 4 472 714
89 7 27 7 270 509
85 84 10 3 311 529
99 40 11 7 449 672
22 42 18 1 258 556
61 85 30 6 384 649
3 63 6 4 385 538
56 37 29 3 444 691
26 86 16 2 340 535
100 53 17 3 321 472
36 70 9 3 202 329
71 4 8 5 394 556
67 31 28 3 287 475
15 68 21 3 260 378
54 20 28 6 367 521
75 55 20 2 450 701
81 77 27 7 445 513
17 19 29 3 302 454
32 100 9 4 349 547
14 53 7 6 346 583
66 77 13 6 487 627
1 71 20 7 448 609
55 81 16 4 344 529
27 86 14 4 279 364
46 4 27 6 392 606
66 34 12 1 370 535
8 86 24 6 347 456
53 14 8 2 297 383
75 68 15 2 505 623
54 79 18 7 410 487
43 84 11 1 606 679
99 16 23 4 512 619
13 77 14 6 531 659
37 66 27 4 358 456
20 84 21 2 320 607
45 17 12 7 582 735
66 35 23 5 592 679
72 80 19 3 385 578
12 27 29 3 231 499
93 5 28 6 338 431
48 83 27 2 398 565
15 60 23 5 372 444
94 36 14 2 252 387
30 20 12 5 295 492
98 82 22 1 516 704
61 57 27 2 289 456
86 100 15 7 205 468
95 62 30 4 407 627
83 52 15 2 567 658
66 58 29 4 458 653
9 74 23 6 572 760
10 92 26 6 474 608
9 93 17 2 373 504
96 53 11 4 616 779
58 36 12 4 287 459
86 0 26 4 341 625
0 84 7 7 373 655
74 31 8 7 555 779
63 58 28 3 493 654
90 90 15 4 446 635
72 52 6 6 459 604
65 68 18 5 316 564
75 37 30 4 312 582
74 74 8 6 388 497
54 45 27 7 379 588
15 14 16 4 295 505
17 52 10 7 210 385
18 20 15 4 520 640
19 97 26 7 443 520
39 6 7 3 662 727
68 31 14 4 407 663
16 77 5 3 629 715
11 15 27 4 542 764
88 19 26 3 487 623
9 100 8 1 244 458
91 16 25 7 672 741
81 48 11 6 201 402
20 20 6 7 286 531
2 95 17 5 613 763
59 92 9 3 424 631
26 2 29 3 535 755
54 25 24 4 449 705
93 19 25 5 373 661
2 86 25 5 349 478
54 87 18 1 371 650
69 93 24 4 347 474
77 34 27 3 318 613
15 23 17 6 583 669
66 86 25 5 422 536
93 86 11 1 591 793
23 3 5 6 415 707
63 16 7 2 607 716
10 36 20 1 233 500
41 99 22 2 222 471
30 23 14 5 307 369
42 29 18 1 231 418
22 0 10 5 496 592
39 55 21 3 242 340
35 39 20 6 237 320
78 77 30 5 345 575
98 4 24 3 360 474
38 73 15 2 256 499
68 70 8 6 668 763
92 57 15 3 428 490
82 59 13 4 316 390
72 20 9 2 652 793
82 16 18 2 238 406
14 58 28 2 335 478
72 2 11 7 431 641
8 26 23 7 300 382
69 74 29 7 588 758
94 34 16 6 440 659
80 28 22 3 403 672
61 99 20 7 452 601
61 86 20 1 601 729
41 27 18 7 484 675
30 63 25 6 453 636
44 81 15 1 477 736
51 2 27 4 440 649
34 91 10 6 641 759
63 65 6 4 362 577
78 18 17 1 307 418
64 21 18 5 411 663
28 1 6 7 309 482
80 86 28 6 206 470
47 14 20 7 399 617
55 57 12 7 432 505
90 19 30 7 202 498
37 31 23 1 224 509
95 47 29 7 497 714
59 2 30 3 308 568
52 45 15 2 535 735
93 93 5 6 421 482
51 91 9 3 530 750
93 20 16 4 352 617
93 80 21 6 335 483
34 78 19 6 507 577
4 92 9 1 658 786
16 27 21 3 531 762
48 36 18 7 247 325
25 28 29 3 442 653
10 5 28 2 407 599
59 7 21 5 313 569
59 12 26 7 514 754
7 92 30 2 303 412
94 81 19 1 473 574
72 6 6 5 616 780
83 23 27 7 338 497
16 94 16 5 304 587
30 29 29 6 352 635
82 98 15 4 266 394
100 32 7 6 243 391
6 91 9 7 340 419
73 85 26 7 266 329
70 23 9 7 420 487
39 65 5 4 206 389
18 66 26 3 293 417
85 16 23 4 285 496
66 40 29 6 373 615
8 79 17 5 523 720
61 39 5 6 450 693
64 14 13 6 613 752
80 47 25 2 254 423
48 63 27 7 510 800
74 60 25 7 680 797
95 72 29 1 247 422
97 85 12 1 275 545
41 20 23 5 547 800
52 24 8 1 304 367
67 16 14 1 268 382
37 20 18 2 643 742
52 40 28 4 615 730
66 83 22 1 261 376
29 50 8 3 548 648
86 41 20 7 376 471
74 86 11 5 586 673
98 84 20 2 310 397
85 77 17 4 551 616
70 58 11 6 331 463
74 45 26 4 528 716
62 58 29 5 446 568
86 93 5 5 206 378
87 39 24 7 634 778
62 44 20 6 244 380
50 52 23 3 396 664
49 70 27 3 412 584
55 82 11 1 492 718
62 84 12 3 566 726
11 8 24 2 237 521
18 24 28 6 731 799
99 10 17 3 296 385
76 100 16 1 603 784
69 60 21 6 541 607
80 49 11 6 457 627
62 21 16 7 459 693
27 6 25 5 529 734
97 9 13 7 258 425
82 45 27 2 526 699
97 44 27 7 358 564
65 63 8 5 243 303
3 6 21 1 707 787
76 69 24 7 409 628
93 56 12 2 375 534
2 80 18 7 530 670
4 47 30 7 494 785
43 32 20 3 429 624
24 98 20 7 384 464
80 4 5 5 332 523
1 76 15 6 372 659
7 39 26 1 462 732
49 39 9 5 562 688
68 69 29 6 356 416
40 47 19 5 241 471
61 3 7 6 471 711
84 72 27 1 303 527
77 46 21 5 364 655
23 73 13 7 480 602
96 9 7 1 314 565
78 75 21 2 584 723
19 56 19 6 343 433
40 14 14 4 375 570
0 46 27 7 349 435
65 25 14 5 598 752
5 56 22 7 447 552
47 94 7 3 544 760
23 85 6 3 471 534
16 29 16 4 299 489
6 34 21 2 248 351
39 10 11 1 532 716
5 63 14 6 619 704
39 36 16 6 332 512
98 14 13 5 364 586
33 95 29 7 270 507
9 23 7 7 321 616
42 78 22 6 386 480
71 85 24 2 257 534
0 24 6 7 500 711
53 20 10 2 645 800
6 40 27 7 482 655
54 16 18 5 686 789
79 47 24 7 617 754
39 22 22 5 386 468
52 55 24 3 230 323
49 15 8 3 314 590
95 26 23 7 311 538
36 99 30 7 644 792
85 81 27 3 382 636
100 59 25 4 599 771
80 48 23 6 381 534
93 96 20 1 609 707
84 20 19 1 255 399
87 58 25 4 272 379
95 34 27 7 469 604
92 36 24 4 571 727
17 69 14 7 385 499
7 18 19 4 487 786
86 18 20 5 602 799
0 66 29 3 238 537
43 66 8 3 540 724
7 64 22 5 577 685
67 22 26 6 606 715
36 10 27 4 281 393
72 4 27 7 681 751
45 3 7 3 249 323
63 97 24 2 251 468
38 24 11 5 621 756
2 81 26 3 418 580
20 49 9 1 449 621
42 55 9 5 568 694
24 60 21 2 363 629
98 74 5 3 559 725
53 28 28 3 517 592
88 66 14 1 374 674
60 65 20 6 388 662
43 63 7 5 510 704
58 70 18 7 461 718
35 34 8 2 573 683
16 19 24 2 544 679
90 62 11 3 487 705
84 48 6 6 637 771
35 54 29 3 284 462
46 63 6 6 368 607
67 84 12 4 398 622
70 71 6 6 406 640
50 20 7 5 290 417
43 25 10 5 371 569
97 32 19 3 524 653
38 15 8 7 205 458
3 95 13 4 388 661
9 43 13 4 461 741
36 32 6 3 463 696
52 36 18 6 248 333
11 40 12 7 412 480
56 44 16 3 522 617
76 88 7 2 374 640
70 28 16 2 451 538
90 42 17 3 388 549
22 72 25 5 275 544
70 41 20 1 265 505
64 57 25 3 434 593
16 12 14 2 490 757
92 70 20 1 246 415
88 95 13 1 430 723
31 74 28 4 539 749
18 95 18 4 493 729
12 36 12 2 459 725
89 2 25 5 435 582
68 7 21 7 458 644
49 6 5 4 262 556
6 0 26 3 324 524
97 94 23 7 388 624
53 94 8 4 350 495
33 70 10 6 540 763
0 55 19 5 392 599
25 80 19 6 457 752
32 59 16 2 303 520
54 73 25 4 493 710
46 45 20 6 442 689
23 62 22 1 210 394
73 25 14 5 311 519
18 16 17 7 325 438
2 83 28 3 212 422
80 81 19 3 311 494
26 46 20 7 246 349
48 82 10 5 429 498
33 81 9 5 662 730
80 66 7 4 297 531
58 17 10 3 598 736
37 52 24 5 525 768
7 25 15 7 678 753
95 75 25 2 591 781
97 68 6 1 206 476
52 42 22 7 300 379
73 32 22 2 494 568
14 21 30 3 229 374
93 82 30 2 476 764
99 9 5 1 359 504
9 37 26 5 307 537
20 74 18 1 486 619
60 55 9 2 617 730
19 14 9 6 358 497
63 5 26 5 501 761
51 86 23 6 258 376
70 27 25 3 445 601
14 22 28 6 203 436
66 53 29 6 596 752
60 100 29 1 237 505
88 29 24 4 202 331
53 18 27 7 460 534
94 58 29 2 305 595
48 51 18 2 715 790
21 23 24 7 349 623
40 42 5 1 383 462
35 87 5 3 506 779
14 5 17 2 656 788
3 42 23 5 395 630
34 73 27 7 225 308
34 77 12 3 272 439
19 40 19 4 570 775
38 88 26 3 362 614
21 60 15 4 638 757
4 61 18 3 273 352
1 44 6 3 265 330
46 53 21 5 491 737
16 46 6 7 292 437
41 30 19 4 220 406
10 58 25 1 393 599
93 18 21 1 352 561
22 79 24 4 431 647
3 86 14 3 593 760
76 47 14 3 271 337
73 48 13 3 468 603
67 52 14 5 468 687
12 46 16 4 249 454
4 51 10 5 510 623
31 26 14 6 485 578
74 89 5 7 356 515
8 77 10 3 272 545
34 22 6 2 364 497
14 54 21 3 271 456
88 87 10 6 369 488
61 5 18 7 336 469
52 59 25 3 392 507
58 22 28 4 435 618
100 30 30 1 249 428
17 45 7 4 334 472
76 61 9 2 217 325
69 50 8 3 626 763
13 6 29 7 349 495
94 68 28 7 537 797
57 39 21 7 463 584
77 57 8 7 387 592
100 48 10 3 241 411
34 40 26 5 227 514
38 11 9 1 410 476
72 86 25 6 290 494
57 48 17 3 539 762
31 45 23 5 236 355
58 64 16 4 350 583
39 23 27 2 547 723
10 39 25 3 682 780
94 2 16 3 285 483
50 10 13 5 286 434
91 24 18 4 372 434
92 61 18 3 566 687
15 64 25 7 219 388
20 56 5 1 353 532
75 53 6 3 398 567
55 9 6 7 636 782
50 19 26 2 382 477
59 70 30 2 570 712
12 94 13 6 636 752
96 13 6 7 487 580
6 80 7 5 326 527
40 69 28 2 231 325
19 30 30 5 411 661
73 70 23 4 578 773
17 16 24 4 362 591
31 77 18 4 432 632
64 97 24 6 625 749
44 33 9 7 400 678
28 93 7 4 490 610
3 80 26 4 400 490
65 31 16 5 461 603
8 81 13 1 319 432
2 70 14 4 312 495
15 30 19 1 445 604
16 69 26 7 329 397
77 49 8 5 498 625
48 85 22 4 512 660
19 28 16 2 329 557
68 27 15 2 356 430
3 32 21 7 346 613
44 28 20 1 454 700
52 97 20 4 546 615
100 78 7 6 546 708
18 5 26 4 663 753
28 20 20 6 222 367
7 47 22 6 217 353
26 37 22 3 357 505
18 13 16 5 447 619
93 72 8 1 385 601
79 75 20 1 435 567
98 22 16 6 371 646
6 26 20 3 365 657
78 94 15 3 254 541
76 13 5 2 251 548
26 92 24 4 223 319
96 97 15 5 273 428
47 29 21 3 427 638
91 27 17 3 530 795
82 42 24 7 636 698
24 59 25 2 519 752
0 47 19 4 264 461
46 77 11 4 259 393
26 96 30 6 505 735
8 46 16 1 389 633
96 26 23 7 544 717
51 27 20 1 408 544
31 89 12 6 327 557
30 72 30 2 319 421
71 3 5 5 457 678
25 88 30 7 654 800
100 82 25 6 271 531
31 61 29 6 288 571
18 49 23 6 426 551
37 35 27 1 617 681
14 52 24 1 417 666
92 21 5 2 474 660
15 79 11 7 341 490
87 66 11 1 291 549
6 90 20 4 614 707
94 88 18 3 237 299
43 54 30 4 466 616
65 29 20 4 543 717
89 76 15 2 372 549
87 59 20 4 620 714
29 95 11 1 671 733
58 46 14 5 353 639
43 48 26 1 365 653
61 64 7 2 280 515
92 46 22 1 547 637
84 75 13 4 453 611
66 44 18 2 245 543
31 65 28 5 445 701
68 77 18 7 417 584
8 65 7 6 223 334
26 75 13 3 711 774
42 6 30 6 519 753
70 96 13 5 475 734
2 22 12 5 420 668
8 83 27 6 231 356
14 76 26 1 446 548
90 1 17 7 396 508
28 95 12 6 666 734
31 92 12 1 558 623
2 61 16 7 495 644
38 49 30 3 250 407
36 50 24 4 338 436
84 71 8 4 375 513
86 78 30 4 326 509
32 74 21 4 324 491
45 28 5 3 352 469
15 74 11 5 533 680
42 60 10 6 643 722
40 62 27 5 476 763
65 85 15 4 587 722
57 86 22 2 675 776
77 41 15 7 557 773
74 95 14 6 432 594
61 33 6 5 504 580
35 12 30 3 332 529
74 55 16 5 333 413
13 64 11 1 325 533
65 47 25 5 283 436
54 67 9 4 269 501
20 25 16 1 440 581
64 78 8 2 698 759
78 1 30 1 352 428
11 19 6 1 428 725
0 93 9 1 287 437
19 65 7 1 279 520
55 38 16 7 296 455
73 54 30 3 249 402
3 36 11 4 318 466
70 82 14 6 487 760
42 85 13 1 482 732
47 7 8 6 239 375
14 73 28 5 410 521
43 21 15 6 555 781
31 12 30 2 452 663
98 97 27 5 280 416
50 75 21 2 389 478
20 86 12 1 387 680
53 71 27 7 533 671
94 0 26 2 522 729
66 92 24 5 735 795
19 46 18 2 630 697
84 15 29 5 491 675
25 82 11 7 455 751
6 50 18 7 349 461
54 15 17 6 520 581
37 67 14 1 431 591
9 45 21 2 579 729
57 37 10 3 254 456
87 96 7 2 385 590
64 70 29 5 352 484
97 93 14 4 311 424
68 83 20 7 333 574
14 19 24 5 350 454
62 55 24 6 346 646
60 89 27 4 299 510
4 52 6 4 218 506
28 65 14 4 399 534
44 36 19 6 506 717
83 24 19 2 276 502
49 76 9 6 432 547
45 82 30 2 421 566
40 5 5 6 290 351
8 41 21 7 467 534
73 76 28 7 211 421
1 65 7 1 379 599
51 32 20 1 524 616
95 87 25 1 344 605
37 4 24 2 577 759
85 44 11 2 539 640
77 32 7 1 592 778
24 75 23 3 509 656
48 52 21 1 553 705
63 49 27 6 267 475
67 55 11 1 398 540
31 75 20 1 605 759
64 34 11 7 365 445
89 58 29 7 403 515
31 19 26 2 329 620
54 52 10 6 300 409
37 10 23 7 368 451
66 3 13 6 590 737
64 31 12 6 390 636
38 16 19 1 702 785
37 82 23 3 440 636
70 100 24 4 467 578
71 6 23 7 676 769
94 24 11 2 244 323
11 1 8 5 526 670
29 2 16 7 388 642
96 11 24 5 615 788
31 69 19 3 319 465
3 47 25 7 613 735
57 82 8 6 292 531
25 58 14 1 561 770
71 94 25 4 379 531
16 47 18 1 384 528
52 12 11 6 486 756
70 33 10 4 255 395
33 74 24 1 627 760
16 18 20 7 331 584
48 56 17 1 220 320
50 28 25 3 221 336
72 1 11 1 629 776
79 74 18 3 335 427
34 18 19 4 399 613
78 83 29 4 567 639
71 95 10 5 405 588
21 62 7 7 516 732
68 21 11 7 635 703
22 18 28 7 522 779
96 38 6 3 486 760
77 67 12 3 381 613
96 14 17 3 617 767
7 90 22 4 246 399
12 80 13 5 403 631
8 59 13 7 336 402
52 1 5 6 218 321
27 2 12 2 313 511
47 59 19 7 308 424
42 24 5 6 499 739
84 87 24 6 222 431
8 11 24 2 246 334
48 98 22 6 260 408
53 93 24 2 470 637
20 55 24 3 392 496
85 98 5 7 204 472
58 20 20 5 499 662
37 41 21 5 471 724
25 52 10 6 487 715
79 41 9 7 359 591
42 54 7 7 427 573
27 92 27 3 674 771
77 82 20 6 416 651
3 22 21 3 211 279
23 21 21 6 381 586
99 68 24 2 246 520
36 15 24 3 355 496
26 80 6 5 264 343
57 95 21 6 226 319
61 17 22 7 552 656
48 24 20 1 411 699
29 83 20 5 217 467
84 52 22 3 422 524
37 21 18 7 270 508
96 8 17 5 262 480
14 68 26 7 473 749
41 73 26 6 451 714
91 3 16 2 398 478
48 32 15 4 334 400
75 82 11 7 558 672
54 89 8 6 356 469
86 7 20 3 595 678
80 13 10 6 217 320
47 54 9 1 446 739
79 63 19 6 427 703
84 77 24 3 489 614
69 6 23 4 490 655
83 11 12 7 621 681
76 16 19 6 340 498
48 80 11 7 214 512
10 80 14 6 343 576
24 1 28 5 472 690
29 57 5 3 313 425
2 40 10 4 203 490
37 7 16 1 275 482
52 10 17 1 420 628
21 69 8 7 435 640
56 78 12 2 677 789
13 80 28 2 245 384
55 7 8 4 214 287
0 65 29 7 407 679
0 81 11 2 614 692
56 18 16 3 472 731
97 45 19 5 642 732
1 99 26 5 605 692
54 95 13 3 326 417
29 81 15 6 332 521
81 3 30 7 585 693
59 57 29 5 534 770
97 46 15 7 237 382
79 27 11 6 514 612
64 77 6 5 293 573
96 34 8 2 480 693
71 27 9 1 273 455
70 7 9 7 454 560
91 63 7 7 337 607
74 38 15 4 369 561
22 51 23 1 212 424
12 90 5 3 389 590
21 91 18 2 499 763
81 88 23 6 460 672
38 99 25 5 210 298
19 60 9 1 665 766
58 88 21 5 339 590
62 95 26 6 359 539
85 56 30 3 470 657
36 34 27 2 494 678
99 66 30 3 382 484
100 3 16 3 351 469
28 36 23 2 602 716
59 97 27 1 338 549
50 26 12 6 502 665
81 87 21 1 274 468
10 10 10 4 503 679
76 30 15 2 545 610
54 40 27 1 243 478
34 46 16 2 337 554
89 92 23 3 450 542
79 13 24 1 569 725
63 47 24 2 491 702
37 25 22 4 344 556
20 1 25 7 623 779
33 17 7 5 302 377
26 78 22 1 304 464
100 26 30 1 370 462
8 33 24 1 205 306
67 11 25 1 500 773
71 89 26 1 341 518
60 53 9 5 627 800
3 31 11 4 544 719
18 34 20 3 458 547
9 66 27 2 321 594
45 30 27 2 234 334
18 72 29 2 317 402
17 83 25 2 521 614
84 16 23 7 308 606
15 45 20 1 588 739
27 38 8 4 374 455
32 67 27 6 392 643
52 53 11 6 296 523
88 62 24 3 599 774
65 38 23 7 545 623
19 13 25 4 348 532
24 14 14 1 543 718
42 100 19 7 615 748
3 33 11 2 280 395
13 36 12 3 291 484
2 38 13 4 412 630
9 11 11 1 617 744
89 91 5 7 464 630
90 98 22 7 370 529
74 33 24 2 220 316
25 22 20 3 521 668
56 26 14 7 230 435
11 48 27 2 407 547
5 71 27 2 615 722
11 81 15 1 447 711
40 87 23 1 372 441
15 61 20 5 549 754
54 11 23 2 561 774
10 47 28 5 230 350
68 75 17 3 587 666
15 20 27 1 220 361
80 29 6 2 428 510
74 76 12 7 510 694
2 92 8 1 615 698
5 96 21 4 620 713
29 14 22 2 295 552
20 66 8 1 311 523
60 29 12 5 563 721
20 12 17 6 232 439
15 27 26 3 338 442
86 38 9 6 616 740
91 11 6 6 602 672
80 77 14 5 222 488
83 42 15 5 497 641
31 82 8 1 332 478
71 57 23 4 269 406
60 3 30 6 252 492
88 75 18 5 283 444
71 23 7 2 480 681
40 94 16 7 480 757
36 60 20 7 314 422
84 93 28 5 379 455
27 76 5 3 468 560
76 77 6 3 308 586
62 80 12 3 541 655
85 82 15 3 420 521
13 85 16 6 280 408
80 32 9 1 231 506
58 33 24 3 459 724
36 49 30 3 256 538
55 59 26 7 500 607
80 11 11 4 505 721
60 59 26 5 283 553
64 73 13 4 616 705
62 52 28 2 395 618
79 88 17 3 462 731
30 59 24 7 495 602
44 17 21 3 289 541
55 21 10 1 555 616
12 73 25 5 370 656
0 20 25 3 314 430
26 62 21 2 417 582
21 35 26 1 283 368
24 65 5 1 216 357
56 15 29 6 243 520
19 72 19 5 544 788
91 52 12 6 329 455
91 5 15 3 288 466
84 30 17 5 355 612
80 100 11 5 589 666
75 98 5 3 281 437
33 90 18 5 341 605
0 1 29 6 318 541
77 60 11 2 534 719
61 4 21 6 443 653
27 78 18 4 634 785
27 0 7 5 241 467
28 60 12 4 485 674
70 67 18 3 540 600
46 75 19 3 476 637
50 86 17 2 416 630
72 99 8 4 255 347
7 67 25 5 375 656
45 0 6 4 389 684
86 88 22 3 403 477
89 63 20 5 281 489
90 21 13 1 414 579
11 43 12 5 270 414
31 71 30 4 233 499
73 96 10 6 343 545
92 4 5 2 271 489
91 81 14 4 631 723
97 82 17 3 275 479
34 2 16 6 421 659
14 72 16 7 329 549
