1085
60 31 0 0 0 0
0 99 6 4 203 290
10 82 30 3 561 624
64 60 26 7 560 685
44 58 26 7 271 530
47 71 10 7 242 445
84 3 8 2 502 697
30 36 23 5 508 703
39 29 11 1 250 354
5 64 21 5 224 507
76 30 16 3 356 501
64 19 9 6 286 371
0 61 17 1 233 302
47 90 29 2 353 502
2 7 18 7 528 794
85 38 25 5 219 370
88 96 5 5 254 425
53 69 5 3 302 552
55 32 9 4 310 499
78 70 25 4 641 711
96 27 8 3 656 726
2 50 9 3 433 527
35 91 17 1 344 492
20 36 29 1 472 655
15 31 24 2 492 599
93 18 24 3 374 657
62 26 13 1 283 380
86 37 8 3 667 739
34 35 29 4 201 347
4 93 23 6 607 759
37 68 7 1 335 438
47 65 24 1 647 798
100 62 19 6 274 393
89 69 14 3 344 496
24 93 30 1 206 453
38 34 7 6 416 510
47 50 26 5 344 517
38 2 14 1 481 745
29 0 13 6 238 522
79 99 7 3 257 490
38 86 22 7 282 391
2 97 9 2 339 619
95 2 22 6 449 607
47 47 7 2 508 672
16 28 20 6 271 395
48 88 7 5 290 532
38 17 30 6 466 754
45 39 21 7 289 506
74 46 16 2 258 500
31 50 25 7 443 538
26 36 27 3 262 388
5 16 16 6 278 509
8 88 8 7 517 610
71 53 6 3 269 378
34 37 11 7 471 725
2 26 19 7 328 471
57 51 30 7 260 424
30 50 23 2 492 607
24 82 8 7 430 586
88 23 8 2 290 553
31 39 7 4 364 616
22 65 10 2 317 539
89 21 20 7 520 781
58 81 19 4 431 730
80 9 20 1 341 519
24 27 25 4 325 431
95 18 9 4 483 747
24 52 10 1 229 492
83 31 18 6 598 676
16 90 17 3 254 467
51 0 30 2 585 748
77 54 15 6 617 715
38 25 11 3 397 633
85 86 8 6 517 602
98 100 13 4 423 521
20 96 21 1 255 343
2 92 9 4 515 602
97 59 30 7 262 418
45 26 8 4 222 329
54 85 8 1 413 681
58 86 26 3 545 688
84 82 24 5 452 569
94 16 24 3 485 613
88 59 18 7 568 654
88 81 19 6 254 473
97 74 22 7 378 473
60 24 22 7 320 456
55 91 9 2 373 481
45 64 11 1 480 673
98 30 29 7 433 581
49 75 29 3 648 740
100 96 9 6 624 781
33 72 20 3 512 742
17 95 19 5 454 684
0 39 12 1 388 504
26 80 20 3 228 362
92 84 26 7 525 800
25 85 13 6 628 748
93 77 11 1 434 500
73 58 23 4 432 716
75 8 22 5 335 517
5 3 28 4 328 483
53 68 23 3 527 679
64 21 20 3 394 481
35 8 17 1 305 484
30 76 9 4 457 733
68 43 22 7 447 575
95 77 6 4 693 791
90 9 20 1 211 289
31 80 11 1 319 430
20 58 14 6 357 489
21 62 21 7 323 512
81 8 12 3 639 785
39 66 17 5 432 633
43 58 7 7 238 517
83 20 12 2 421 593
83 78 6 2 329 459
50 97 17 7 519 784
30 86 30 6 623 739
14 93 26 2 641 727
79 23 22 4 423 508
94 92 8 7 521 688
50 52 25 6 205 302
5 25 26 6 446 522
67 22 16 4 665 760
5 34 25 3 374 523
65 93 18 7 390 668
78 26 25 4 339 624
47 2 29 1 272 430
91 84 16 3 203 364
25 59 22 2 509 745
81 0 19 6 532 702
18 16 24 5 296 457
91 6 18 2 344 454
82 5 5 5 504 714
56 81 20 1 265 366
70 86 14 6 201 492
92 72 26 1 333 460
88 62 28 7 500 800
1 52 25 1 376 480
33 50 7 3 439 600
30 9 25 1 453 696
29 41 8 1 279 479
38 22 13 2 386 523
17 46 22 3 314 539
93 47 12 4 357 441
43 91 6 1 576 738
55 57 21 7 298 456
77 52 12 2 465 734
16 35 13 4 707 770
76 83 17 1 563 679
18 78 12 2 448 620
20 40 18 5 218 293
83 1 30 6 490 644
20 42 25 1 226 357
93 79 5 5 436 693
54 63 28 7 466 760
87 69 25 6 451 631
78 94 8 6 360 644
10 65 14 1 488 646
92 94 26 1 278 452
13 65 15 7 354 486
3 12 10 6 271 391
27 75 29 4 285 554
100 91 9 6 292 584
65 67 18 7 406 501
15 18 21 4 400 500
13 79 8 6 364 559
5 48 17 6 429 649
94 9 29 6 513 596
29 66 20 5 650 726
78 13 10 6 437 524
2 53 23 1 288 417
11 6 6 3 401 593
12 7 29 6 253 376
6 82 14 4 665 753
34 10 14 3 512 694
78 27 9 1 410 494
95 45 5 2 518 607
89 19 14 3 254 453
10 20 12 3 452 744
98 11 29 2 549 706
47 86 20 2 248 482
60 29 28 4 540 797
60 14 27 5 541 778
5 91 29 4 500 625
72 94 25 3 213 402
51 11 23 2 428 628
42 37 22 6 676 790
14 94 18 6 630 748
75 6 25 6 413 664
33 62 24 7 305 427
1 32 7 2 370 619
20 37 16 4 220 383
26 3 27 6 598 762
88 32 16 1 364 472
86 99 21 6 517 610
37 92 13 2 210 454
18 29 29 3 255 320
64 77 12 2 677 741
85 24 17 5 279 344
46 36 5 3 528 621
28 14 7 7 315 605
57 18 18 1 335 528
89 44 28 5 209 297
30 26 30 5 685 763
92 70 29 1 340 414
79 32 19 2 280 425
47 54 30 3 230 320
93 41 19 7 529 591
14 56 5 1 589 654
80 38 7 5 549 788
68 71 28 5 367 494
1 80 11 5 383 569
83 35 9 7 429 572
3 73 9 1 664 800
53 35 25 3 421 494
40 26 7 6 478 612
93 95 5 4 579 721
95 38 28 4 566 799
20 75 8 7 320 496
69 44 21 6 202 399
87 81 16 2 291 508
70 83 5 7 507 704
67 63 8 7 277 430
37 33 20 2 590 742
71 0 18 2 261 379
0 94 28 1 349 469
1 65 13 5 265 507
16 62 30 4 589 733
74 80 25 1 519 749
16 79 25 3 431 612
94 32 18 5 402 700
67 24 18 1 404 527
84 30 9 7 392 649
81 46 9 1 262 448
34 39 29 5 512 712
11 86 14 3 279 494
64 90 29 5 561 630
18 93 20 1 369 649
84 72 5 3 483 636
42 52 28 4 568 756
26 9 27 6 461 612
12 4 8 4 549 697
84 44 5 6 416 505
16 57 26 6 293 537
31 85 11 1 296 581
29 91 18 2 257 360
38 95 27 3 314 493
29 74 18 6 502 594
16 100 22 2 223 408
39 8 15 7 398 473
86 3 21 5 205 418
84 26 6 6 662 771
46 73 7 1 230 393
40 15 27 4 280 358
89 68 25 6 598 739
31 40 11 6 533 762
81 83 9 5 281 514
87 45 6 3 530 765
55 1 21 4 385 557
41 0 11 5 519 719
2 52 18 1 377 556
67 59 22 1 525 670
86 60 14 4 280 502
74 35 16 1 459 580
12 41 30 6 515 674
37 48 5 2 218 449
76 80 5 6 530 628
57 73 7 6 533 658
81 96 5 3 530 603
22 13 27 7 375 504
56 90 24 6 400 530
79 38 18 2 214 317
75 98 5 6 628 783
92 67 15 2 365 601
82 4 9 5 232 355
29 55 17 7 444 562
27 21 24 3 312 404
8 65 30 1 490 750
86 11 14 2 277 339
63 16 30 7 499 786
33 71 12 1 481 747
88 29 27 2 220 295
10 48 14 5 238 352
6 16 11 3 597 680
33 1 6 2 462 635
21 67 26 2 230 530
33 97 30 3 297 521
30 95 27 6 344 423
62 62 24 2 206 340
59 48 11 6 700 789
51 43 28 3 536 659
94 55 27 4 306 597
28 59 14 2 523 711
42 53 6 2 724 798
78 18 9 3 482 571
41 57 17 5 410 667
18 79 5 3 390 523
54 70 5 2 306 554
3 55 29 7 381 579
81 50 7 5 307 519
38 87 22 2 621 764
19 28 23 6 311 424
21 96 9 2 340 460
71 79 26 4 263 527
7 60 14 4 565 671
50 72 6 2 345 446
59 23 28 2 217 491
88 64 27 4 245 372
50 16 25 6 535 733
88 43 21 1 337 472
63 57 16 7 218 436
12 30 23 4 299 507
63 20 28 4 501 796
23 7 19 3 389 660
83 65 12 4 548 788
74 94 16 3 597 689
43 9 10 7 431 624
37 6 9 5 578 654
46 93 11 3 351 623
69 89 15 6 531 734
67 70 30 3 639 776
38 73 27 4 351 598
72 43 6 6 577 741
2 30 15 5 351 541
52 22 21 1 407 582
23 37 6 2 479 581
28 60 18 7 414 499
59 31 15 2 318 539
2 0 11 6 307 381
30 100 20 3 578 772
20 44 10 1 531 710
87 100 16 3 644 718
69 54 29 5 340 530
86 84 18 2 490 605
62 43 14 1 364 424
14 66 6 3 488 718
23 62 18 3 282 367
24 44 6 3 302 483
37 25 14 3 606 762
19 66 7 3 506 573
48 4 13 3 472 588
7 10 28 1 440 546
51 95 8 6 304 456
90 34 8 7 558 668
83 59 11 5 413 581
56 60 20 3 650 717
80 33 25 1 524 756
24 49 28 6 579 639
50 56 28 3 627 790
98 72 25 7 729 789
2 91 17 6 309 568
95 17 7 6 650 783
32 87 22 5 336 614
32 8 30 4 235 381
7 70 27 6 247 319
3 57 21 7 330 512
19 34 23 1 441 627
31 41 27 6 268 411
91 60 13 2 452 585
11 22 19 2 585 706
98 95 19 2 508 575
50 91 10 5 301 393
94 30 26 5 443 571
69 48 12 6 398 635
45 50 29 4 365 428
90 94 26 3 533 652
75 63 5 5 358 443
76 91 30 5 260 373
46 77 9 1 504 734
67 57 9 7 386 471
35 55 30 5 308 502
6 67 15 5 661 779
55 80 23 4 352 459
20 72 29 7 554 631
25 5 9 3 517 600
85 63 11 6 367 600
46 100 8 5 579 770
61 89 23 4 304 422
67 31 11 2 239 465
55 71 30 1 331 443
72 75 14 3 662 796
68 63 21 3 335 541
64 94 5 7 446 633
60 60 18 6 344 435
20 21 13 7 316 540
74 86 13 2 319 487
96 20 11 1 355 604
98 58 23 6 365 549
50 32 6 7 271 546
34 20 18 2 301 554
64 42 6 3 211 340
76 10 25 1 222 471
53 20 12 2 210 296
38 78 19 5 597 790
69 0 7 2 231 507
4 27 13 5 502 668
23 78 18 7 543 712
61 96 11 7 332 429
93 33 18 3 290 492
0 5 21 6 308 595
34 38 10 2 249 370
6 19 17 6 228 387
91 65 13 3 395 483
88 18 25 3 355 458
60 72 14 5 407 655
81 60 7 4 499 718
18 69 28 2 573 735
46 83 9 5 355 511
40 93 12 6 593 728
52 54 16 6 263 467
77 6 10 7 437 535
89 97 20 5 342 625
52 92 14 3 368 591
13 16 23 1 619 781
100 100 13 7 561 621
76 40 5 6 377 586
49 9 17 3 344 527
63 91 8 3 587 783
39 97 24 4 383 508
36 2 11 4 239 479
82 79 18 2 588 766
27 69 24 3 314 464
13 26 16 6 390 483
69 90 15 3 560 641
93 67 17 5 516 744
51 25 25 2 468 625
26 50 10 3 590 790
53 87 7 4 548 766
17 16 21 2 215 337
13 91 30 7 454 620
39 50 13 7 398 656
29 18 14 2 419 508
43 10 15 5 612 760
1 3 7 5 443 517
41 62 9 7 492 741
27 93 9 6 281 345
42 65 24 4 348 633
18 90 23 7 381 563
46 76 10 6 336 576
69 23 27 6 484 628
52 96 28 4 533 793
4 44 22 7 456 627
27 29 19 7 253 457
11 16 15 2 381 658
62 20 21 4 538 702
98 28 17 7 606 750
31 37 17 6 453 712
1 36 14 2 413 481
43 97 23 5 479 557
58 82 25 6 448 677
62 63 15 1 220 506
82 52 24 7 541 660
28 75 28 3 723 787
93 92 29 6 535 764
69 79 18 3 613 692
87 1 24 1 402 560
4 67 17 3 618 686
27 88 5 3 276 469
50 4 19 6 511 790
22 89 22 5 450 733
87 23 18 2 332 497
15 81 8 6 450 636
14 65 23 1 538 685
17 6 23 3 240 481
25 55 7 6 277 423
1 92 14 2 518 616
55 99 9 5 210 384
36 23 28 4 508 747
0 91 12 4 391 584
93 9 16 5 453 728
35 73 12 7 370 610
63 47 13 4 222 388
84 90 18 4 208 321
1 100 26 1 461 558
27 70 23 6 486 554
10 32 6 7 489 749
20 14 14 7 656 758
44 39 20 5 406 559
60 80 20 7 356 464
50 24 18 7 342 561
99 66 6 7 375 653
5 37 18 2 299 492
59 40 15 3 453 553
61 87 14 7 229 502
64 62 30 5 300 543
7 64 27 2 326 401
16 31 14 3 317 490
38 65 19 1 434 684
27 83 22 4 579 650
19 61 8 3 663 724
44 57 10 7 442 583
47 40 17 5 420 704
12 53 20 1 620 738
69 24 22 5 385 637
72 52 7 4 479 639
3 86 27 6 289 395
59 97 23 7 273 450
39 7 18 4 345 581
10 39 23 7 228 408
59 89 23 3 346 645
82 65 11 3 607 760
39 96 14 4 498 688
65 92 13 4 600 670
23 81 27 7 294 405
95 93 21 4 521 705
51 17 13 2 607 757
52 87 17 6 227 460
73 10 29 1 346 627
93 54 25 4 248 350
48 0 7 1 455 620
17 98 21 3 371 565
58 21 17 3 328 460
48 78 15 4 309 520
86 1 19 3 387 582
71 36 25 4 564 721
86 93 6 6 281 369
57 8 8 6 239 397
76 6 20 6 382 571
87 59 12 4 223 334
61 32 20 4 350 539
19 10 29 2 243 465
0 35 13 7 204 440
7 56 25 3 643 714
36 5 5 1 607 762
88 44 24 5 297 522
57 15 30 2 210 464
71 75 29 2 355 498
59 95 30 4 213 345
12 79 6 2 611 752
32 53 12 7 556 722
29 73 30 3 399 520
31 25 24 4 430 708
66 17 5 1 348 505
70 77 13 3 359 529
53 33 9 3 661 742
95 68 28 2 320 614
81 99 10 6 703 788
19 25 18 2 570 682
23 28 24 6 469 620
93 73 29 4 301 566
34 71 29 6 598 709
48 22 13 4 263 396
19 14 5 7 218 308
58 31 21 3 266 340
36 87 6 3 361 464
55 75 20 4 529 798
37 8 16 2 230 353
52 71 6 1 383 600
8 6 26 3 484 762
2 96 20 1 564 635
68 54 8 1 494 710
82 0 26 2 448 706
77 30 5 6 291 351
46 27 16 6 203 275
49 79 21 5 455 599
86 91 6 6 309 568
11 81 6 3 245 318
1 42 10 2 207 408
9 49 14 5 453 674
32 14 6 2 297 594
18 31 21 2 266 332
81 52 20 6 425 693
19 3 23 6 301 419
2 72 10 6 539 774
34 51 17 6 230 452
23 5 10 7 444 545
57 88 7 3 213 291
22 37 6 7 268 431
94 40 20 2 503 728
83 52 15 4 424 663
27 91 20 3 446 566
19 100 21 5 400 593
24 70 24 7 432 611
55 67 30 2 251 315
99 23 21 1 473 639
70 0 10 7 547 792
33 49 7 2 570 792
4 40 6 5 446 596
15 95 5 6 500 605
15 19 29 5 332 539
1 47 29 1 320 495
9 74 14 7 364 519
22 55 29 2 232 482
3 63 9 7 463 561
33 14 30 7 223 350
5 51 8 4 347 576
89 42 10 4 428 542
98 12 18 3 527 788
54 15 13 6 664 756
89 82 6 5 436 591
25 0 10 2 330 503
75 73 29 2 350 450
64 57 7 5 596 726
14 34 22 7 348 461
41 73 23 6 693 795
14 76 18 4 339 633
3 6 17 1 585 722
82 99 19 2 247 513
47 27 17 6 263 433
53 10 5 7 482 670
31 74 10 3 548 644
74 2 18 6 653 747
100 88 20 2 327 526
91 22 15 3 251 447
70 52 27 4 484 772
51 59 19 1 444 670
27 64 8 6 457 642
1 85 20 5 536 697
10 73 10 5 621 691
23 67 19 5 352 614
35 36 8 7 398 610
60 73 12 5 441 531
6 84 9 7 413 548
24 73 8 6 585 791
15 74 7 4 561 730
77 75 9 3 360 455
67 79 15 2 307 524
81 6 16 4 519 780
2 21 30 7 557 660
32 32 9 5 489 762
89 31 13 6 400 688
95 23 8 7 274 481
91 97 22 2 211 441
75 54 5 2 649 776
23 77 27 1 475 748
62 95 13 3 639 794
94 22 29 2 413 495
43 36 14 3 454 698
4 83 15 3 462 700
88 34 10 6 425 504
47 8 6 7 666 734
73 72 14 2 402 528
91 43 5 1 537 766
65 87 5 1 599 664
87 87 7 2 462 628
97 35 11 6 220 298
64 34 18 5 473 686
74 4 7 6 302 390
32 33 10 6 591 673
55 74 27 7 202 499
41 61 24 7 536 714
84 51 5 4 495 578
83 40 26 7 303 546
10 62 27 5 224 400
26 26 22 3 608 714
49 20 15 2 577 799
17 50 23 4 221 520
43 29 22 1 347 573
85 14 8 2 250 405
79 57 10 3 293 516
86 5 17 1 261 474
28 65 30 4 480 767
51 82 12 4 264 525
57 13 27 2 536 796
100 13 5 7 504 568
13 61 5 1 633 791
84 61 12 5 603 731
55 45 7 6 426 713
30 84 25 6 306 416
71 29 7 7 230 448
21 1 5 3 341 554
53 84 22 1 352 614
70 37 21 5 537 693
20 0 8 4 352 423
48 87 30 1 651 746
52 36 12 2 467 599
92 95 29 5 420 583
15 34 10 1 267 561
92 92 19 5 263 479
5 54 12 5 416 635
32 65 17 7 455 562
75 46 12 2 517 620
30 82 5 4 450 683
41 81 5 4 690 777
43 88 11 1 444 541
98 47 19 6 401 555
91 33 6 1 515 602
42 89 24 3 256 514
96 78 13 6 500 562
69 18 29 2 412 640
84 22 10 4 235 466
24 53 13 2 643 749
50 66 12 4 313 442
70 40 27 1 643 709
92 100 26 1 590 688
14 39 20 5 560 682
84 75 18 7 509 760
41 35 10 6 380 512
97 8 26 3 562 742
99 81 20 5 556 760
53 24 8 2 417 577
79 83 11 6 216 377
31 17 16 5 398 552
7 5 6 3 282 505
52 89 15 2 362 559
12 92 11 1 351 483
99 85 27 7 343 420
55 94 17 6 488 701
56 62 18 2 469 554
33 35 11 2 317 530
55 12 19 2 388 566
21 32 24 4 489 656
4 96 19 1 487 714
72 50 14 4 479 564
84 71 24 5 467 602
20 49 22 5 384 510
49 69 8 7 546 709
22 42 6 7 357 460
15 47 12 1 527 680
40 66 12 2 515 581
61 25 21 1 607 725
61 69 21 2 252 438
78 79 10 4 274 511
80 49 17 2 294 487
83 8 17 4 647 778
72 58 14 2 243 488
7 49 12 6 294 354
96 8 14 2 335 457
92 47 6 2 395 487
10 2 6 2 342 642
13 22 5 7 232 444
31 98 11 5 586 690
92 75 24 1 362 563
12 98 21 5 430 578
9 96 7 1 262 517
56 27 19 3 477 744
91 89 13 7 469 558
80 59 28 5 560 759
83 43 15 7 413 566
18 65 29 6 203 398
74 1 24 3 215 352
91 7 21 4 393 548
13 62 26 6 381 539
74 37 16 7 415 701
46 13 7 3 472 724
89 35 19 7 643 751
14 3 15 2 215 480
70 56 25 4 561 793
12 78 12 4 301 540
88 74 19 7 209 297
21 21 15 7 557 720
36 54 25 5 307 396
84 69 26 1 634 710
93 46 6 3 408 616
74 45 27 5 234 417
90 35 11 1 492 609
72 34 27 4 500 595
38 44 26 5 671 744
11 76 8 3 466 641
15 84 25 1 409 607
76 0 8 5 326 491
22 51 20 6 400 581
48 35 14 7 448 559
22 34 30 5 401 620
23 91 17 3 465 539
20 41 30 1 402 481
100 16 23 2 601 733
50 26 26 7 416 487
100 53 11 1 458 733
53 73 20 5 556 681
3 67 17 6 546 750
71 59 30 2 305 480
14 71 7 7 410 544
72 76 24 2 264 406
30 37 28 6 567 665
5 79 27 5 435 701
54 1 10 3 593 668
61 68 21 3 503 573
11 4 10 2 545 779
56 44 8 2 243 407
95 70 13 3 363 473
15 33 25 1 514 772
77 48 5 7 569 750
8 94 19 5 243 394
0 72 17 1 611 672
30 25 9 5 387 531
35 40 23 4 238 397
94 19 10 4 318 395
4 16 9 2 463 741
8 64 14 1 220 511
81 39 15 3 372 459
95 79 6 4 398 459
17 62 7 3 697 780
27 0 19 6 355 633
0 76 16 5 390 636
83 56 20 4 476 672
46 44 7 1 503 576
17 14 6 4 461 574
41 29 23 2 487 743
91 62 17 5 512 581
38 79 11 7 584 661
34 77 10 4 228 295
79 43 10 6 548 635
20 23 8 2 660 782
3 14 20 4 633 693
88 90 25 5 535 677
99 18 9 7 360 575
89 28 24 1 249 393
79 70 11 3 211 394
85 4 11 5 365 500
55 17 19 3 560 655
30 10 30 1 360 446
1 38 11 7 500 699
16 11 7 3 437 624
57 99 17 1 388 452
24 35 22 5 284 546
24 67 26 2 558 671
45 91 19 1 303 429
55 50 12 3 277 419
90 81 28 2 234 374
0 86 24 6 231 444
100 28 28 5 427 521
98 70 28 6 215 471
8 51 9 6 456 671
62 77 26 3 238 308
77 95 23 1 313 581
27 18 8 1 314 585
70 70 27 7 340 595
98 48 22 1 340 517
24 41 26 6 297 539
85 58 24 2 273 556
37 40 28 3 623 799
40 75 9 3 657 787
41 27 23 3 516 763
93 40 24 5 254 496
23 80 8 7 349 623
15 59 27 5 461 597
28 66 25 3 300 497
82 11 15 6 265 522
88 39 17 3 616 754
59 14 23 3 419 615
74 65 14 3 246 424
87 19 11 7 538 682
79 82 8 1 520 599
65 53 19 1 292 510
98 9 15 3 412 483
58 48 5 7 368 620
17 31 14 1 433 687
11 57 6 1 330 393
93 3 19 4 447 543
5 81 13 7 342 541
50 31 15 4 449 580
55 20 24 3 549 722
36 18 25 2 442 618
22 11 5 1 339 604
10 19 16 3 260 519
86 87 14 5 483 632
32 16 21 5 431 670
23 90 14 3 223 514
56 24 27 5 368 588
73 20 20 6 334 587
12 13 23 6 573 715
80 80 29 2 322 578
89 32 8 3 415 714
44 54 11 5 256 351
76 48 6 2 341 403
67 47 26 7 265 387
72 84 28 3 313 534
10 97 14 7 670 792
89 78 16 4 511 594
42 61 19 5 213 414
79 25 18 4 406 525
45 73 7 1 531 723
20 79 29 1 446 617
83 4 8 4 317 539
66 77 11 4 203 428
75 2 8 5 316 517
6 49 23 6 505 698
64 14 14 3 415 633
42 57 25 6 206 499
7 21 6 7 561 634
19 91 23 5 551 751
87 35 19 3 513 736
66 75 6 4 359 641
22 84 27 2 284 559
10 95 23 5 533 696
68 55 23 7 683 780
8 9 29 2 357 614
5 93 5 5 283 432
71 23 10 2 581 702
9 65 17 4 309 498
62 40 13 5 611 741
69 6 28 4 429 709
70 33 8 2 217 517
39 28 14 4 317 512
0 23 20 3 323 422
28 41 20 2 361 466
55 73 13 5 238 298
60 27 12 5 305 408
13 81 7 4 400 480
5 86 22 4 436 582
83 26 8 1 455 746
90 39 26 4 639 772
45 23 19 6 368 437
38 71 17 6 278 476
40 46 27 5 417 653
30 38 8 5 213 337
99 57 29 1 601 795
26 74 6 3 522 760
76 64 15 7 378 606
48 85 5 7 295 441
48 79 12 1 413 504
35 74 26 3 545 656
96 4 14 4 574 693
14 99 19 5 265 429
75 84 22 6 219 359
14 36 6 6 388 632
29 4 26 5 252 519
60 91 26 6 628 699
41 78 13 4 284 583
69 97 14 1 248 486
50 8 18 5 537 706
100 0 23 6 543 759
18 30 11 5 345 622
44 19 24 4 564 752
87 99 24 6 410 583
79 90 19 6 364 527
75 65 8 1 226 313
93 30 25 5 517 679
4 94 21 1 445 650
81 61 30 1 297 572
58 79 7 4 487 723
82 48 13 6 469 614
49 94 24 7 457 645
50 14 12 3 627 773
57 52 19 5 529 700
0 81 24 4 507 632
72 48 5 4 338 516
26 69 29 6 308 412
43 19 10 7 229 508
33 98 16 5 435 502
79 5 6 4 532 641
28 46 19 7 282 578
25 58 29 5 652 744
70 66 9 6 247 421
77 94 24 1 608 676
55 39 22 4 498 696
15 22 21 6 288 427
14 44 19 3 213 421
7 82 16 6 215 380
9 54 5 5 361 625
9 27 7 7 559 629
24 5 26 2 430 681
55 52 26 1 292 456
58 5 28 3 656 796
73 5 6 3 241 380
9 52 27 3 375 510
38 31 26 6 205 408
89 54 10 6 279 385
66 34 6 3 309 535
41 7 5 6 393 481
57 40 9 3 227 460
41 12 12 7 449 701
59 20 27 3 249 449
58 67 12 1 216 301
24 19 30 1 372 556
66 40 8 4 306 403
22 92 15 2 539 743
89 30 24 6 485 710
72 87 24 3 552 655
53 11 29 4 276 516
9 85 28 6 566 799
9 35 7 6 275 442
71 39 29 4 655 784
31 81 5 3 417 625
16 99 21 4 232 372
6 13 8 3 259 431
36 83 7 2 266 463
59 59 30 6 538 622
94 77 10 7 572 752
91 36 21 5 273 427
76 20 7 2 258 378
10 86 27 5 461 720
39 10 17 7 210 348
13 49 25 5 273 436
78 89 10 7 512 742
5 27 23 2 531 620
44 35 21 4 318 536
54 14 13 2 322 465
70 67 13 2 612 678
71 95 17 3 420 631
72 67 16 2 659 720
1 93 30 3 342 463
17 1 8 2 258 428
57 48 17 1 678 772
44 40 13 2 361 501
4 89 20 1 246 378
77 96 10 3 291 533
35 54 9 3 495 691
81 27 17 6 596 667
49 95 7 4 551 789
44 89 26 2 424 484
6 40 11 7 230 471
68 66 30 2 483 563
50 99 9 5 351 557
88 100 28 5 604 746
56 18 15 1 425 602
63 46 21 5 317 457
93 43 18 4 582 708
43 31 10 4 527 720
2 100 8 5 621 688
49 60 22 1 550 761
92 71 20 2 295 390
56 80 16 1 659 793
57 36 21 5 608 675
7 86 9 7 609 712
13 82 25 4 617 770
69 16 11 1 258 330
33 7 22 5 220 495
49 14 24 1 366 460
11 51 9 2 212 336
8 12 29 7 346 453
1 21 26 3 478 735
56 42 28 3 450 648
11 95 5 3 508 787
54 67 25 1 644 718
77 56 30 6 427 617
47 48 19 1 484 769
12 91 25 7 489 660
73 50 11 6 498 618
91 70 26 5 407 478
44 32 9 3 424 541
38 74 29 1 567 731
1 81 28 3 307 437
86 33 22 3 323 487
29 35 26 5 668 796
7 38 25 4 398 615
30 1 9 7 370 503
17 38 27 1 262 509
81 5 28 3 223 399
10 11 6 6 267 499
62 69 29 2 438 561
22 5 18 6 360 656
50 85 28 6 459 528
39 61 21 5 527 766
14 20 16 7 290 461
49 25 20 5 549 625
9 97 26 5 362 593
68 25 8 7 519 784
95 91 23 7 536 725
57 60 27 6 453 552
12 68 13 6 398 468
87 13 14 4 520 709
51 98 17 5 356 609
40 80 12 4 698 784
59 37 19 4 692 753
38 67 22 1 350 495
45 49 19 7 243 322
29 32 19 7 234 463
80 88 7 7 266 429
70 12 18 5 485 640
42 15 17 3 462 582
69 30 22 3 432 692
77 82 18 5 388 577
91 31 25 5 411 571
57 27 13 3 220 384
93 8 8 1 541 772
25 48 22 3 667 794
11 59 26 5 337 529
67 90 18 5 432 712
42 21 24 3 359 455
64 26 20 2 578 642
66 79 15 2 567 707
94 74 27 7 569 795
77 40 14 3 429 709
66 19 28 4 288 502
18 80 15 7 486 754
27 92 18 1 604 738
22 30 22 2 390 655
6 47 8 4 285 430
45 95 5 5 575 668
57 34 30 4 490 695
62 97 18 1 280 349
36 55 13 2 306 477
20 97 18 3 514 617
46 62 30 7 460 543
70 98 26 6 420 602
13 19 26 5 535 755
81 11 16 1 588 693
99 94 16 7 421 609
91 1 25 5 668 749
14 31 23 2 337 540
9 0 23 2 499 693
