1651
51 41 0 0 0 0
22 91 25 4 627 704
88 86 30 1 426 633
39 44 6 5 201 315
45 12 30 4 518 723
67 6 22 6 598 727
53 25 23 6 566 788
73 47 18 4 438 730
20 73 14 4 248 530
51 17 21 6 201 266
37 41 8 5 347 458
3 28 22 7 242 343
16 46 16 4 614 684
47 7 5 1 241 336
45 22 23 4 294 381
23 49 19 3 208 386
6 79 6 5 350 609
93 54 7 3 548 653
18 22 8 4 213 474
20 33 29 5 272 566
11 39 30 5 553 679
37 3 20 1 290 350
72 24 9 4 654 716
34 45 19 7 392 643
12 47 20 4 378 615
38 41 28 6 213 328
40 57 26 7 291 383
2 87 13 4 607 667
33 60 14 3 476 623
67 79 19 4 286 460
40 97 11 3 552 621
79 83 26 5 395 508
80 25 5 1 495 764
3 59 13 6 414 474
30 9 30 6 683 763
94 18 20 2 492 745
44 20 6 5 440 577
45 52 25 2 327 576
94 35 23 4 248 548
46 84 28 3 444 522
46 87 7 2 583 785
16 16 30 1 275 422
82 86 9 1 381 585
23 96 12 5 354 470
67 28 6 2 654 738
56 100 6 2 400 599
26 61 29 1 402 531
64 14 11 2 504 595
40 71 21 6 515 625
59 78 15 2 556 680
55 41 22 1 458 571
74 87 19 3 515 781
14 73 20 3 284 425
96 40 16 6 533 691
63 77 21 7 617 691
42 62 24 3 471 607
23 35 17 4 476 686
43 54 5 3 460 567
31 48 14 2 498 765
88 58 5 7 493 595
61 85 18 6 390 561
10 51 22 1 526 634
17 75 5 1 403 486
68 20 17 4 497 648
99 65 22 5 567 750
78 98 11 1 488 772
70 75 15 6 402 579
20 62 28 1 318 581
8 98 20 4 671 755
28 69 14 2 460 749
35 5 24 6 388 538
0 52 14 2 651 728
60 69 10 6 556 721
26 40 27 7 208 411
26 51 17 7 403 645
2 93 22 5 234 355
33 45 25 5 486 782
57 74 30 4 216 354
42 49 24 5 412 538
1 74 25 6 522 731
33 91 7 3 299 562
79 70 20 5 574 758
73 5 9 7 296 507
95 44 27 7 265 454
89 49 16 3 567 791
5 53 22 7 230 406
95 23 15 2 467 731
88 64 16 3 416 534
1 63 23 6 402 581
92 45 22 5 394 633
70 99 9 4 398 520
65 65 22 2 433 621
54 42 23 6 408 522
72 28 23 3 331 471
87 45 5 5 388 564
21 77 6 3 298 435
64 89 5 6 450 670
55 96 29 5 381 506
31 58 27 6 347 411
12 53 21 4 205 502
24 99 30 6 421 560
11 82 13 1 207 297
36 26 22 3 485 555
73 14 27 7 462 738
85 64 18 4 430 708
42 80 21 7 526 601
64 64 17 2 427 682
34 84 29 6 219 504
48 99 9 7 219 360
96 32 28 1 506 775
87 2 7 7 451 670
2 44 15 2 452 704
64 16 5 2 328 559
63 22 11 3 327 512
14 93 13 1 285 354
1 19 25 5 469 724
21 93 13 7 268 440
6 49 19 6 375 539
87 44 21 5 500 748
64 31 7 1 487 629
43 11 27 7 226 384
82 56 29 2 429 545
79 29 28 3 497 598
20 63 27 4 668 772
4 94 17 3 250 476
58 63 24 1 502 609
69 1 5 5 396 460
95 90 20 2 324 496
77 30 23 1 271 373
48 4 28 4 334 499
95 35 11 4 385 671
93 41 10 1 469 538
40 46 8 5 539 774
97 71 24 5 523 602
40 74 7 1 291 391
18 57 16 3 242 500
71 90 21 1 313 484
41 83 24 7 483 641
24 67 19 1 687 764
31 6 14 2 333 413
22 29 24 3 632 733
13 90 29 3 565 776
78 4 20 1 397 498
97 19 8 2 421 482
52 30 15 1 535 746
36 73 28 3 481 748
31 85 24 3 538 729
78 92 11 1 555 765
33 15 11 4 232 488
17 69 21 1 442 554
3 78 13 5 615 707
50 22 7 3 305 443
63 53 23 7 497 589
23 28 11 4 311 420
71 81 29 2 209 382
35 74 24 6 387 537
57 9 18 6 453 527
49 8 23 7 363 470
65 18 7 4 400 544
82 15 17 4 490 671
76 35 16 5 655 724
38 52 11 4 214 509
13 84 16 4 212 337
44 2 5 6 231 462
28 52 14 7 548 711
24 68 19 1 267 343
64 80 28 1 491 718
89 27 10 5 389 565
43 87 25 2 314 403
77 23 29 4 386 558
13 7 25 5 585 695
11 2 16 7 229 482
3 65 10 1 555 705
45 14 14 5 518 611
26 81 10 4 252 527
14 97 12 1 442 605
80 95 24 5 439 523
100 14 12 2 457 641
73 49 5 1 511 584
66 56 15 4 480 689
92 11 23 4 596 680
13 45 22 3 458 520
39 0 13 6 269 470
70 38 20 4 493 573
14 17 27 2 216 328
61 71 23 1 223 290
79 75 22 4 301 420
14 90 10 3 234 324
4 84 28 1 602 686
13 96 30 2 349 592
92 29 11 4 427 654
3 20 23 1 328 494
48 49 28 1 242 474
32 48 28 7 234 492
18 49 21 3 615 687
45 93 19 3 333 533
56 61 8 3 210 482
100 46 17 4 317 514
99 33 20 7 519 753
44 30 29 7 424 722
45 47 11 6 566 744
23 91 5 4 301 367
94 78 28 6 571 713
44 13 12 6 550 651
73 57 13 7 470 752
3 22 14 1 420 490
33 65 8 7 494 713
15 17 5 4 432 542
65 46 21 7 570 650
58 60 9 4 306 525
17 91 13 2 210 405
86 15 12 1 357 460
6 41 15 4 503 697
43 18 29 4 412 634
36 11 17 3 244 470
39 58 24 4 236 342
67 23 27 2 390 640
5 22 8 5 597 685
78 86 11 1 344 548
51 50 29 1 431 636
47 63 21 1 403 658
0 40 29 5 416 534
3 47 28 3 398 621
33 13 27 1 515 723
90 99 16 3 418 521
82 70 11 7 503 696
50 56 20 6 215 316
74 39 28 2 228 435
100 61 16 2 397 642
50 11 15 5 483 608
87 75 16 7 478 595
20 89 5 6 450 731
51 47 7 7 308 389
89 64 8 2 332 402
15 8 19 3 643 770
92 63 21 4 535 625
63 13 25 4 478 573
100 65 26 1 692 793
94 19 20 3 214 479
20 1 6 2 211 398
64 38 9 6 550 707
7 48 25 1 501 612
95 38 18 4 657 766
81 42 15 2 439 655
64 46 18 2 262 514
47 76 16 1 369 582
36 60 24 2 496 637
89 31 15 6 569 774
95 25 22 6 352 651
86 75 24 3 230 383
3 74 22 5 539 693
58 29 20 2 213 475
48 52 24 1 232 447
2 25 18 3 514 761
72 42 25 4 309 503
43 17 10 2 533 783
58 27 6 6 596 783
31 77 20 4 200 479
92 0 25 3 279 484
42 90 20 7 384 555
23 83 17 4 519 737
70 59 19 5 239 327
47 53 6 2 350 639
20 79 13 7 373 562
70 69 24 3 554 614
9 94 26 4 511 778
94 41 25 7 548 610
91 33 20 5 371 536
53 13 11 4 323 528
80 62 20 1 645 729
22 80 30 2 388 539
83 45 11 1 487 737
45 11 30 2 467 532
13 3 14 7 524 712
37 30 11 4 537 702
54 62 29 6 577 764
68 68 15 2 360 583
41 23 14 5 303 403
26 91 17 7 505 694
35 38 24 2 325 560
65 85 19 7 270 481
48 23 14 6 518 590
3 49 11 5 622 696
99 82 16 5 466 693
11 75 15 4 545 797
85 3 24 5 462 572
86 72 15 4 382 500
12 77 10 5 599 778
72 8 15 4 243 508
9 14 7 1 409 678
46 93 13 3 559 631
2 17 29 3 238 471
96 26 15 2 221 503
33 71 13 3 263 446
58 88 25 6 250 408
48 30 23 2 255 457
85 79 29 5 334 423
78 94 21 2 240 314
80 26 7 3 453 594
99 90 27 4 536 704
86 39 27 1 493 786
38 74 17 3 501 580
72 31 19 5 419 492
85 20 27 4 659 759
78 99 24 7 425 676
83 40 19 4 504 753
91 62 24 5 360 453
70 19 7 5 437 587
59 49 19 3 204 490
82 22 5 3 361 494
43 45 15 6 524 612
25 76 9 7 512 666
75 31 12 4 297 390
42 41 18 6 327 529
35 48 14 7 450 613
59 51 22 7 350 602
38 33 5 5 432 716
63 61 7 5 253 492
16 1 24 5 210 476
66 21 23 4 415 540
18 77 9 6 313 569
56 64 27 4 568 692
42 33 14 2 460 722
33 10 18 7 318 480
71 54 14 1 725 790
0 85 16 6 375 502
95 98 30 2 663 738
34 99 16 7 394 671
32 62 24 6 242 335
81 91 9 1 524 697
62 63 20 1 323 394
16 92 18 6 303 381
100 64 28 5 468 631
71 75 15 5 410 500
13 88 7 1 213 442
44 33 12 4 580 783
72 36 25 5 327 585
72 15 19 2 555 619
95 79 26 3 259 365
36 33 22 1 234 318
35 33 16 4 411 495
14 55 14 5 531 705
43 83 24 4 629 729
61 24 19 1 308 516
64 73 23 7 645 771
96 4 25 6 247 447
15 24 27 5 503 603
94 1 17 3 370 597
73 73 14 6 340 537
21 87 23 4 361 522
10 84 25 5 368 519
45 18 8 5 464 603
2 59 7 2 600 716
79 59 23 5 229 362
0 0 30 2 305 502
28 18 13 2 255 386
88 8 14 5 626 706
65 80 5 5 580 787
12 37 7 6 354 614
15 61 7 7 325 487
72 50 5 4 501 625
7 11 24 4 372 661
73 59 18 2 333 475
25 52 26 1 380 624
81 28 6 6 333 576
10 14 13 5 410 524
78 34 14 2 334 549
6 65 22 6 234 480
49 48 5 4 617 726
45 100 20 3 201 264
50 57 27 2 253 435
47 43 14 1 476 640
96 62 19 5 487 615
52 64 19 4 361 476
58 11 27 5 446 639
16 2 13 7 550 755
6 21 26 6 517 795
31 23 11 2 484 699
83 79 28 2 503 796
59 35 25 3 355 513
27 19 10 3 495 648
50 12 6 6 355 537
54 97 24 7 435 609
59 73 25 6 502 754
45 96 25 3 571 762
72 75 17 7 427 563
21 12 13 6 562 751
1 28 5 2 294 507
95 65 22 5 323 402
66 24 11 1 380 482
61 83 5 1 437 638
46 55 9 1 370 441
15 35 28 6 568 636
31 51 14 4 220 481
51 61 16 1 212 400
87 79 24 6 401 624
33 70 8 4 501 788
84 84 29 4 292 490
79 42 15 2 375 545
12 18 24 5 288 534
29 60 9 3 216 497
58 74 6 6 568 754
16 75 22 3 208 444
96 35 23 1 402 660
39 92 24 4 349 593
41 74 16 1 607 723
54 18 21 7 345 584
16 50 22 3 386 517
47 32 12 7 536 701
92 100 7 6 270 505
48 85 7 7 558 749
11 32 29 2 318 426
89 12 17 2 503 632
45 23 28 3 244 306
62 36 12 3 391 691
3 72 25 7 261 326
78 40 23 1 337 431
10 50 5 5 237 459
72 63 7 7 541 797
72 77 6 2 264 492
71 80 9 4 543 716
2 79 24 7 488 592
98 87 28 1 205 294
46 75 18 7 337 507
98 1 18 3 456 665
72 89 5 6 443 621
6 78 12 4 528 643
9 99 5 1 361 542
86 53 6 7 327 582
97 11 17 5 560 744
46 39 22 6 208 375
84 26 19 4 655 770
94 64 29 3 537 634
50 70 26 4 417 716
10 5 12 2 321 392
66 2 28 1 534 602
26 88 22 1 396 548
33 22 22 5 465 643
50 97 7 3 233 395
2 95 15 2 469 755
53 16 13 5 624 759
23 67 21 2 277 503
63 9 29 2 262 515
76 50 21 1 317 470
77 1 30 3 207 458
39 82 11 7 217 389
64 96 29 1 287 470
25 72 15 7 663 788
20 37 5 1 264 469
56 3 9 2 406 697
44 83 21 7 353 538
72 45 8 6 256 346
29 66 22 6 247 379
65 71 15 4 471 554
86 26 27 7 416 565
24 64 18 3 534 659
50 94 14 1 267 435
28 93 21 5 396 557
26 83 15 6 216 493
94 84 18 6 245 400
11 42 5 5 371 628
97 51 9 4 369 492
21 47 21 6 379 520
99 99 13 3 629 709
3 58 25 4 401 544
9 35 12 1 629 745
94 12 17 4 206 311
60 18 25 4 249 468
78 77 12 2 308 453
78 65 5 6 403 555
72 47 29 2 640 718
3 73 22 5 222 309
71 0 17 4 456 658
81 19 13 4 239 461
18 21 6 4 607 719
50 38 17 5 514 609
37 87 25 5 208 387
83 46 14 1 358 574
1 29 5 2 646 798
12 55 26 4 441 556
5 65 14 4 551 628
85 24 27 4 280 573
86 59 29 2 218 491
41 70 8 3 527 768
3 1 26 2 395 630
49 6 5 1 559 657
32 65 9 4 265 543
68 10 18 2 388 575
40 92 25 5 240 391
77 45 17 1 392 557
42 19 6 4 543 706
47 80 21 7 265 534
33 75 27 7 265 357
93 36 7 5 422 560
30 0 22 7 216 500
12 61 17 7 257 386
100 29 6 2 356 513
20 80 5 5 351 602
79 2 14 7 326 548
44 68 16 2 304 382
54 21 13 3 240 308
48 76 24 6 487 593
51 72 13 7 250 329
39 41 18 1 431 565
7 7 28 5 566 766
79 85 10 4 201 312
38 96 20 6 535 765
77 73 5 3 427 532
54 92 5 5 701 764
48 81 7 3 474 588
73 20 17 1 452 669
67 9 21 3 466 607
7 24 19 1 455 696
13 22 17 4 401 570
83 96 11 1 721 795
100 20 30 5 575 714
62 53 23 7 511 659
22 77 27 4 436 560
38 39 22 5 390 540
70 63 13 2 434 626
42 26 16 1 528 637
30 80 19 1 528 613
40 29 13 5 290 382
93 15 21 7 578 778
69 70 18 3 383 557
9 71 18 2 208 485
11 18 14 1 559 793
26 29 18 7 202 369
25 17 26 7 257 482
76 3 28 3 576 737
43 71 17 7 371 563
93 31 23 6 391 583
80 39 23 1 331 435
40 21 14 4 445 717
31 45 5 6 294 430
98 65 29 1 215 443
42 81 7 4 476 734
87 74 10 2 254 474
96 83 25 2 488 650
81 100 14 7 210 454
93 35 30 5 494 700
9 90 29 4 234 371
46 96 10 2 329 492
21 27 11 4 302 444
16 55 15 3 449 728
17 54 26 4 320 564
62 39 27 3 452 684
4 54 17 4 250 468
92 72 24 4 636 742
8 14 20 4 504 787
92 47 5 6 473 688
37 48 19 1 213 486
16 85 22 3 483 629
61 41 13 1 349 429
66 25 5 2 218 342
61 70 17 7 432 510
44 63 26 4 296 516
25 2 10 1 315 458
39 12 22 5 389 550
27 67 26 7 654 789
11 36 20 7 263 402
72 64 17 6 290 562
35 80 9 4 453 592
40 37 7 3 238 457
89 45 6 5 389 672
50 63 20 2 631 794
99 73 28 1 597 702
8 88 8 2 532 620
83 64 20 1 278 404
25 80 21 7 514 686
31 71 11 4 283 527
17 67 25 6 447 598
47 86 20 6 626 698
16 3 5 6 234 501
7 93 29 2 216 516
70 95 11 3 499 606
24 75 27 2 474 595
17 0 14 6 451 747
0 81 23 3 421 651
44 48 6 1 265 347
68 4 18 5 496 561
68 84 20 2 396 499
4 53 30 4 610 744
5 73 23 2 251 323
28 55 6 6 212 415
98 3 22 1 508 632
53 35 24 1 613 684
25 93 20 2 578 735
100 86 12 7 438 516
65 77 30 6 259 366
30 98 8 4 245 445
96 91 17 6 669 790
89 88 5 2 573 636
96 47 25 6 545 609
74 94 9 6 654 721
8 70 6 6 423 602
85 81 21 3 521 614
82 78 21 5 360 621
25 19 24 2 611 783
61 50 8 2 500 791
25 28 14 4 315 400
41 13 7 2 407 519
60 26 10 5 481 581
35 49 21 5 248 341
96 59 12 3 291 490
62 81 26 6 293 559
49 75 11 3 239 326
46 95 15 5 528 754
5 77 30 4 306 402
80 78 13 4 540 773
73 87 12 7 625 702
90 92 8 6 597 689
69 61 27 2 344 424
96 36 13 4 268 461
32 86 13 5 341 501
16 6 14 6 641 709
64 9 7 4 686 785
46 37 15 5 284 544
64 40 29 7 300 361
10 79 15 2 206 449
44 23 25 2 487 636
20 87 17 6 498 773
25 77 14 5 468 668
74 17 27 4 493 633
15 18 15 5 272 565
64 8 13 1 548 679
89 50 30 7 329 496
11 8 8 2 397 543
9 49 26 4 554 624
53 74 28 7 510 736
16 33 9 7 359 603
89 87 9 2 291 545
18 81 26 2 641 704
23 33 8 6 289 538
90 54 16 5 373 663
54 31 18 6 281 361
99 77 23 2 273 489
42 72 28 6 398 536
67 47 22 7 405 567
89 98 15 2 304 489
71 37 25 6 260 346
71 74 7 3 480 684
71 95 10 3 619 711
45 90 13 4 282 525
63 29 10 5 572 758
80 94 16 6 365 512
62 9 29 7 482 551
21 94 22 1 310 595
89 8 22 7 483 708
74 36 17 5 229 499
70 18 6 1 450 599
35 87 16 3 472 602
42 74 11 2 426 558
15 63 17 2 409 474
68 78 14 6 532 618
2 62 16 4 541 777
39 4 11 4 573 677
83 94 28 6 284 385
18 73 23 4 347 423
90 28 27 3 204 317
15 3 23 1 354 594
0 78 29 7 328 541
41 29 9 3 619 734
54 98 5 3 522 591
36 71 18 4 498 659
85 29 8 2 472 611
34 9 9 3 208 469
99 31 27 4 276 433
11 53 29 6 502 740
50 77 24 4 223 296
18 8 8 4 325 459
4 57 22 3 554 672
100 32 6 3 412 700
35 96 25 2 547 657
62 3 25 6 410 633
62 91 8 1 604 727
37 19 24 4 688 757
20 16 22 1 294 553
53 12 30 4 296 418
1 85 20 3 568 681
65 41 11 4 384 462
97 12 9 4 361 534
73 28 5 4 294 578
91 4 25 2 481 689
0 4 7 6 562 790
46 53 30 4 499 703
1 11 12 3 597 729
51 51 29 6 474 591
96 72 18 2 402 616
98 89 25 3 355 547
41 56 14 7 451 665
45 62 24 3 623 755
90 85 15 2 431 673
17 61 17 4 471 676
41 92 7 4 463 648
9 47 9 2 307 417
9 63 12 6 292 528
63 44 9 4 475 735
11 72 15 7 485 764
35 7 18 7 514 619
43 69 18 5 286 546
91 59 24 7 409 545
83 84 6 4 377 601
21 11 12 6 505 725
16 71 12 6 474 573
42 39 5 5 424 492
68 44 12 1 606 739
5 60 20 5 205 329
21 98 30 4 399 681
1 92 30 7 492 776
21 63 15 7 262 380
72 100 6 4 712 773
94 50 28 4 308 539
51 71 15 5 347 490
74 92 15 5 211 358
51 23 22 2 299 578
53 69 27 3 390 471
33 19 12 6 483 776
61 35 11 3 289 359
19 63 16 6 265 466
86 100 11 6 498 572
28 75 28 5 531 743
62 97 9 2 464 530
60 80 10 5 534 783
70 81 15 3 372 497
36 44 13 7 487 740
93 80 7 2 550 797
50 87 16 4 284 537
9 75 22 6 442 587
98 88 8 7 295 388
6 73 28 7 451 601
79 0 26 6 278 458
96 16 19 3 465 551
25 95 26 1 418 629
13 49 26 5 448 708
96 25 10 7 258 556
54 51 25 1 333 600
12 69 16 4 245 470
78 80 29 2 553 785
29 24 29 6 237 306
63 57 29 4 635 781
39 78 14 7 525 684
25 97 27 4 475 625
41 54 6 1 511 607
35 17 21 7 612 768
18 50 14 5 558 727
24 78 28 4 217 393
24 55 10 2 645 728
77 96 15 7 605 798
94 66 12 1 379 651
95 54 22 4 265 458
38 42 23 3 552 694
32 51 7 6 720 781
29 52 30 4 240 300
70 74 26 6 333 514
100 71 5 3 293 518
79 26 21 1 300 517
78 75 8 5 256 458
96 23 16 2 365 611
56 41 18 7 342 516
53 34 22 5 395 667
17 20 23 5 231 488
7 50 29 3 324 580
21 75 21 4 480 664
66 82 15 5 278 389
42 17 29 3 323 403
40 81 21 5 301 497
33 90 24 6 539 618
96 13 17 7 477 682
21 25 19 1 218 296
93 87 28 2 445 527
78 47 7 4 419 537
60 58 26 7 373 672
23 100 15 6 397 473
94 60 23 1 658 753
43 56 27 2 224 451
86 85 11 5 408 491
54 44 24 3 619 794
17 47 25 2 321 427
83 91 13 6 644 753
23 37 22 3 384 448
71 40 15 5 420 518
18 86 19 5 270 369
52 26 11 6 356 520
93 48 9 2 561 725
38 35 18 5 532 697
66 55 7 7 588 752
30 71 28 7 501 571
85 26 16 4 660 750
66 7 30 7 544 677
0 99 17 3 491 742
79 96 9 7 548 774
40 45 25 2 320 381
33 51 16 7 414 568
16 57 15 3 527 657
96 54 8 6 503 666
80 43 18 2 621 761
22 86 17 3 419 556
49 63 26 2 306 602
26 56 15 3 206 270
14 67 30 2 300 420
46 34 8 4 465 647
45 69 28 5 422 544
15 83 30 2 501 727
25 79 30 5 445 633
43 67 9 2 235 448
10 38 10 5 231 524
66 85 8 5 238 326
100 27 30 4 548 740
33 97 25 7 302 592
80 6 25 3 608 686
47 12 14 3 469 540
38 43 17 2 639 723
66 26 23 4 311 605
34 34 28 2 574 773
80 15 19 3 226 378
18 71 19 4 236 346
78 91 5 6 245 466
49 84 9 5 283 422
96 8 8 7 436 582
34 89 14 1 578 751
12 7 20 5 648 782
70 86 18 6 444 523
41 100 17 4 572 661
67 96 7 6 474 545
79 32 10 6 518 744
13 74 8 1 424 597
32 88 28 4 348 530
59 88 24 5 308 594
21 21 8 3 474 687
73 42 27 3 295 426
31 10 19 3 453 555
0 64 20 2 236 507
31 98 18 6 247 513
11 71 23 5 436 540
40 33 27 6 273 571
60 28 30 1 309 491
81 50 26 3 206 333
97 77 13 7 438 512
44 1 26 4 621 681
98 39 8 1 455 716
3 97 24 4 325 605
68 36 25 7 644 780
54 27 14 3 316 467
14 38 11 6 209 314
96 55 11 5 483 607
1 44 13 1 359 611
60 49 10 5 466 661
40 26 9 2 339 634
46 41 19 6 682 767
91 10 11 7 579 799
75 57 17 3 485 719
30 85 14 7 384 552
34 14 29 1 489 650
39 13 16 6 599 704
95 47 20 1 600 790
53 99 12 7 416 690
92 96 7 2 400 570
95 59 28 1 305 551
6 12 20 5 241 492
86 20 6 7 580 720
81 66 28 4 457 702
76 47 29 4 376 577
51 74 27 2 555 619
35 29 23 7 486 626
42 27 30 6 420 504
41 95 10 6 219 350
3 99 24 1 439 555
93 16 14 7 486 546
60 30 27 7 303 392
20 7 22 5 695 797
14 12 27 3 290 505
54 12 21 2 484 568
93 71 27 4 278 493
93 43 29 2 509 673
37 58 30 1 236 481
57 4 13 5 557 665
19 86 24 2 573 737
34 62 16 7 247 469
8 69 25 2 518 591
4 92 25 6 279 549
72 61 23 1 678 792
89 69 28 2 479 690
95 1 8 7 344 471
86 94 18 5 316 587
78 97 22 3 380 605
76 59 8 2 618 785
64 85 29 5 403 469
99 66 15 6 326 471
98 7 16 1 667 772
54 11 19 4 543 679
0 19 19 6 567 663
4 41 22 7 619 763
22 88 26 4 427 700
69 17 21 6 520 695
27 18 22 7 354 650
92 25 9 1 392 485
90 60 28 3 375 618
50 79 10 6 212 507
91 72 24 3 277 538
73 76 8 3 404 611
5 46 9 5 580 712
59 67 26 4 276 565
19 17 9 5 482 587
49 53 25 5 326 582
81 13 18 1 215 495
18 27 30 2 241 384
41 53 11 1 334 634
47 47 9 2 484 598
17 63 26 7 502 568
43 28 14 4 434 580
98 47 23 4 223 498
35 81 18 2 623 787
25 43 19 1 702 774
96 21 25 2 241 477
42 59 9 1 395 536
28 36 23 6 469 733
25 69 28 1 537 775
53 8 28 6 516 710
21 18 30 1 416 574
60 10 24 7 375 471
79 10 7 5 406 701
79 18 30 1 356 441
66 72 11 5 298 572
79 66 7 1 461 665
65 51 24 1 488 673
37 94 13 1 438 701
31 82 20 6 206 322
4 93 28 6 465 628
18 15 24 4 203 298
29 91 23 3 622 686
5 5 13 6 555 778
88 83 8 7 438 662
17 93 17 5 222 365
68 72 23 2 282 419
85 77 20 6 404 530
48 47 12 1 201 461
35 64 25 2 607 738
63 35 22 1 538 702
90 80 30 4 324 420
54 15 22 7 274 450
74 18 14 2 410 671
14 50 11 6 428 491
39 27 26 6 353 477
96 30 7 1 601 770
95 39 6 3 537 647
12 25 9 1 265 437
18 28 5 5 455 686
61 100 27 3 512 743
37 59 26 2 295 544
25 78 27 4 495 597
11 4 29 7 652 778
84 33 15 5 281 532
1 76 26 5 392 487
17 99 16 4 522 784
19 2 29 6 326 581
57 26 19 4 269 457
37 44 8 1 225 291
73 85 21 6 515 633
69 32 30 5 457 721
99 79 14 1 460 697
40 12 11 4 390 479
83 81 5 7 580 641
37 28 9 1 443 726
93 21 9 4 223 464
27 89 26 2 218 421
33 2 15 2 689 796
19 10 26 5 304 539
23 3 17 1 700 795
75 95 6 6 454 560
100 35 10 1 513 766
55 32 17 1 465 753
77 85 28 3 338 521
21 38 17 1 448 624
1 52 28 3 558 715
35 10 22 3 230 317
57 13 11 2 333 488
17 1 23 5 579 680
22 74 20 2 261 413
8 40 18 5 434 711
50 15 16 2 478 613
36 24 29 1 419 531
32 66 24 4 305 372
42 38 28 6 517 726
0 34 5 3 501 576
15 32 19 2 326 394
33 89 11 4 589 682
29 6 9 2 335 574
60 53 19 2 642 711
69 93 7 7 349 590
5 84 10 6 391 462
21 40 15 4 498 703
92 2 8 2 292 588
52 56 7 4 349 558
37 84 24 2 368 565
94 67 19 4 281 473
72 34 8 4 247 415
24 93 19 4 212 437
33 3 30 6 421 621
15 34 15 4 471 552
46 4 8 5 226 416
95 82 16 5 293 432
45 49 10 3 401 516
28 27 19 7 544 693
54 7 12 4 458 589
10 15 30 7 213 368
23 43 24 4 389 500
67 56 8 6 449 549
60 75 7 5 398 632
28 47 24 4 234 518
100 81 8 5 392 637
8 86 17 4 212 402
78 14 13 1 269 417
24 27 21 1 488 704
92 18 25 6 596 677
80 41 26 5 214 309
75 32 12 4 370 651
32 26 10 6 282 544
49 3 27 1 482 651
37 39 20 2 307 510
50 45 27 1 579 781
64 77 28 3 338 514
50 49 6 4 385 543
66 46 12 6 440 589
8 5 17 3 549 664
61 32 20 3 634 748
89 76 7 4 360 514
51 54 24 7 603 699
12 95 12 5 313 468
99 55 7 7 210 490
38 99 11 2 460 723
100 95 18 3 416 639
76 76 16 7 339 529
98 38 13 1 464 556
85 35 16 7 361 436
40 85 16 2 498 721
23 14 10 6 409 644
66 6 9 6 211 419
98 12 29 4 474 655
40 25 8 7 487 687
19 43 27 2 453 523
41 27 16 4 482 566
67 19 26 2 215 392
42 22 12 5 331 438
27 0 10 6 220 450
83 80 22 2 239 301
70 83 24 2 470 748
75 35 24 7 444 545
26 75 30 6 384 608
96 0 28 2 440 546
53 86 8 1 389 556
59 90 9 5 260 507
89 17 27 4 372 612
20 83 14 7 673 770
56 92 18 4 306 472
61 54 29 5 465 600
84 15 23 3 295 376
84 69 22 3 587 728
33 93 22 3 307 392
93 38 10 3 207 358
28 71 22 3 541 780
15 99 22 4 552 704
44 5 23 5 382 502
10 91 30 5 244 319
84 73 23 5 221 344
1 45 18 3 689 785
4 69 5 2 212 306
79 11 10 6 204 444
73 58 27 2 505 591
33 57 5 5 547 701
10 45 9 7 269 483
25 14 18 5 375 610
97 27 16 1 285 438
23 32 27 2 215 364
20 30 27 7 623 748
72 38 6 6 336 600
26 57 30 4 548 620
42 1 15 7 525 630
76 2 15 1 292 491
18 94 8 1 575 704
33 88 14 7 297 549
43 33 6 1 543 623
12 38 20 3 479 549
26 77 11 5 695 799
5 29 24 2 368 491
34 20 18 4 431 621
67 90 16 3 400 658
11 83 15 6 586 701
14 78 14 4 644 732
42 45 23 6 350 572
19 38 17 6 291 562
21 0 17 2 330 508
5 6 18 6 315 489
90 52 16 4 466 705
1 41 24 4 547 761
29 62 5 3 444 521
21 68 26 2 558 674
19 40 20 3 554 724
14 40 30 5 550 655
20 32 9 7 422 572
46 83 12 5 383 533
10 19 5 7 419 637
9 78 24 1 510 654
65 30 12 3 281 411
32 100 23 6 423 570
3 98 10 1 241 399
32 59 14 6 203 446
96 29 29 6 435 497
46 80 30 4 527 739
15 26 5 3 417 487
46 5 11 3 388 519
33 42 15 3 435 716
25 54 18 2 567 795
22 39 10 7 345 431
83 61 25 6 303 574
76 93 29 5 519 749
85 73 22 7 314 542
43 46 8 1 260 348
42 76 25 3 390 630
69 66 29 2 641 766
56 71 29 7 251 408
77 37 19 5 316 604
51 25 15 3 344 584
73 90 21 4 570 678
24 5 23 6 330 607
19 51 26 4 548 794
15 7 20 6 599 666
79 57 5 4 648 725
42 32 15 5 259 437
67 46 25 3 217 333
7 28 26 2 381 649
54 3 6 7 606 793
27 33 20 7 437 503
69 73 29 1 367 448
35 98 26 7 514 765
70 78 6 7 347 537
58 80 5 3 407 501
86 55 9 1 445 570
9 85 25 6 388 686
82 74 5 5 362 454
56 78 16 3 421 669
88 34 28 7 477 552
72 10 24 1 658 718
22 62 24 5 556 653
93 39 17 6 571 744
18 34 12 7 245 337
31 61 17 3 299 525
60 47 6 1 397 682
56 42 18 1 413 485
88 46 24 6 521 700
8 37 29 4 587 685
92 50 5 3 267 471
19 42 19 4 375 648
17 66 14 7 568 749
98 34 30 3 326 521
24 84 20 4 601 674
81 65 9 5 445 567
87 25 26 2 637 776
26 42 22 3 318 575
84 44 21 4 647 733
14 39 14 1 391 613
55 51 14 7 379 640
89 65 9 3 415 531
95 52 18 2 569 686
63 93 27 1 288 486
32 16 6 1 430 706
78 9 27 4 574 779
8 32 19 3 440 572
22 23 20 6 437 571
16 37 6 2 624 722
34 5 28 2 608 736
62 29 26 3 577 797
34 95 28 6 277 534
97 3 12 6 587 742
81 97 28 1 229 379
44 94 6 2 371 598
9 37 5 4 463 651
70 25 30 5 461 544
68 37 16 2 444 607
99 98 10 3 521 606
15 15 29 1 658 779
7 41 20 6 415 616
73 24 12 7 352 471
49 14 13 4 600 674
22 14 14 3 457 738
23 19 20 1 450 614
5 56 21 2 338 467
90 86 19 1 507 577
81 29 9 2 509 575
10 63 21 2 379 619
1 16 8 5 398 674
9 68 26 7 226 429
48 11 23 4 522 654
36 40 8 2 243 482
99 8 21 6 315 565
24 82 23 3 571 669
84 35 22 2 375 446
35 63 9 1 418 686
71 38 6 3 239 369
10 88 26 2 482 543
59 96 21 7 501 789
37 18 14 3 433 565
98 10 13 1 503 581
14 46 23 5 345 554
68 41 14 5 539 748
7 34 28 5 520 641
92 99 5 3 332 406
74 38 11 2 288 383
34 71 6 1 542 777
19 62 11 2 647 760
53 10 21 6 206 300
76 23 24 5 518 605
69 42 25 5 374 599
49 44 18 7 225 431
49 10 23 1 292 497
89 54 29 1 284 368
12 74 29 5 321 612
3 93 18 1 339 591
48 96 14 3 258 415
54 14 18 7 440 727
57 57 17 6 409 612
14 77 10 4 411 606
83 60 10 5 285 441
10 70 24 4 659 769
5 34 28 3 457 631
79 25 5 2 426 687
61 80 28 7 515 741
59 76 26 4 325 485
18 69 10 3 206 275
75 77 19 1 403 648
60 32 7 7 401 554
62 92 6 3 263 400
83 55 30 5 282 453
91 45 5 4 671 744
21 46 15 7 457 672
30 90 17 1 540 667
63 69 14 1 286 484
24 53 30 2 644 767
27 93 23 5 200 449
40 54 8 6 611 683
40 78 16 3 488 607
100 56 9 2 394 499
39 35 8 6 609 681
94 97 22 6 668 769
30 25 11 4 411 471
21 76 7 5 674 766
11 23 28 1 546 669
95 83 12 3 331 451
4 99 19 6 345 610
29 19 23 2 517 741
76 43 23 3 506 633
60 81 28 3 329 525
65 84 23 3 471 584
77 8 25 4 618 688
75 86 20 5 615 693
9 57 8 5 357 558
0 83 24 2 402 616
36 38 22 2 475 725
59 54 5 2 368 561
4 88 10 7 224 401
69 94 28 7 249 527
21 59 15 2 297 561
98 92 12 4 351 651
29 80 9 6 341 629
21 69 11 5 487 582
69 90 25 2 601 708
59 63 10 1 382 449
62 0 16 2 625 736
38 73 20 6 467 710
10 42 26 5 210 406
3 84 8 1 420 564
97 80 22 4 410 704
99 7 18 4 311 563
48 89 20 1 392 538
73 77 23 2 510 632
66 68 29 6 485 676
40 30 5 2 459 593
60 6 16 6 650 795
74 55 22 7 335 546
81 63 27 7 617 682
82 52 23 1 417 478
28 83 26 6 499 687
98 49 16 2 627 707
24 56 15 4 449 652
37 9 11 3 226 348
63 43 25 4 483 671
60 61 26 5 355 654
70 50 18 7 568 667
26 63 12 5 429 666
80 89 10 6 528 674
42 16 19 1 231 340
32 8 21 3 269 521
8 68 15 6 336 429
26 95 16 2 503 715
71 98 17 1 393 657
24 7 12 7 458 757
31 72 5 6 459 737
34 30 30 4 512 628
54 63 28 2 202 460
59 86 28 4 511 743
32 24 19 6 448 678
77 53 26 6 655 769
34 40 22 3 262 526
89 97 23 1 447 533
89 66 13 2 281 421
76 54 29 1 490 672
48 67 6 5 277 379
85 76 8 1 404 608
92 40 24 3 321 450
85 14 19 4 513 588
57 22 29 6 499 688
73 93 19 4 635 737
16 53 5 2 353 647
94 68 22 3 425 553
19 96 13 2 389 493
30 77 6 1 568 703
80 66 21 3 344 472
98 23 15 4 305 556
5 39 12 2 494 616
28 58 14 1 705 779
33 48 14 4 462 696
68 3 26 2 217 505
94 51 18 4 440 596
61 82 20 1 667 756
85 39 15 2 378 539
39 38 18 3 244 439
31 79 10 5 550 758
67 68 9 7 437 559
58 58 6 4 351 424
60 19 25 7 366 524
29 84 15 4 558 766
2 65 29 5 626 792
38 37 22 3 623 741
66 3 5 4 468 571
44 14 29 7 488 646
19 90 25 1 596 663
99 59 25 5 517 730
71 44 13 4 567 680
60 74 8 6 479 631
95 36 11 7 318 407
33 50 23 6 515 748
99 1 11 3 305 525
60 2 11 4 321 597
69 6 5 6 511 677
56 98 24 1 474 626
79 100 17 1 452 749
2 35 5 5 235 417
83 78 5 5 512 594
13 83 23 6 406 606
52 10 19 2 550 777
59 89 18 5 257 423
24 70 17 7 651 727
85 59 19 3 469 611
9 38 22 4 551 679
20 35 27 6 262 338
22 78 11 6 328 570
38 90 17 4 403 665
25 36 19 4 650 732
25 26 7 1 429 511
39 86 7 7 438 515
9 29 27 4 316 551
58 23 20 5 663 789
8 9 25 6 492 747
10 90 9 6 291 468
64 98 16 1 236 506
34 53 24 4 410 540
90 47 22 2 325 431
25 44 24 4 610 705
49 86 8 6 372 636
2 23 16 3 247 545
1 55 17 7 555 739
23 48 9 6 307 511
10 72 14 4 564 625
37 10 30 6 299 593
54 28 12 1 552 693
80 79 28 7 512 628
45 98 20 4 419 644
22 33 13 7 630 772
54 10 10 1 605 667
13 54 17 7 727 799
22 3 26 6 487 583
44 8 8 7 202 448
47 68 10 5 218 390
23 0 30 7 500 651
27 55 19 4 341 583
89 100 30 5 327 596
51 94 10 7 221 300
67 86 24 6 334 498
68 51 27 4 436 514
94 92 24 6 478 748
79 23 10 5 409 700
89 40 21 3 463 532
20 70 14 6 249 427
75 94 18 3 508 759
80 24 14 5 522 686
94 15 12 4 623 752
65 23 25 2 359 560
21 81 16 2 324 395
42 24 12 3 492 657
38 8 29 7 326 618
81 37 10 4 294 408
8 7 5 7 314 551
19 72 15 3 495 689
99 29 16 5 246 453
92 82 17 4 437 711
43 21 8 3 264 326
61 72 5 7 241 503
55 27 6 1 367 602
63 15 5 5 400 542
34 16 14 4 653 738
42 35 21 4 351 463
95 74 21 5 491 682
72 93 6 6 401 514
70 91 5 6 681 781
60 1 10 6 599 790
64 39 18 6 587 793
52 27 30 3 305 487
27 29 23 5 602 747
27 52 6 4 319 567
9 62 28 2 450 723
12 34 9 5 397 551
40 3 20 2 548 730
18 98 9 4 510 783
72 35 5 1 303 493
26 53 6 4 555 789
6 55 5 5 224 308
51 28 26 7 281 481
12 33 21 3 590 746
20 74 13 1 429 511
34 31 7 5 368 657
84 50 18 5 260 344
33 37 29 4 363 624
17 43 21 1 692 796
42 79 12 5 700 792
25 18 24 3 497 672
94 72 16 3 327 438
58 44 18 6 556 687
96 73 18 1 218 381
45 16 19 1 601 781
29 0 8 7 204 462
30 89 29 2 285 372
96 61 17 7 370 593
62 86 16 2 408 613
84 77 28 6 469 615
9 17 14 6 302 509
17 86 22 5 355 456
57 40 19 3 486 669
87 54 17 4 293 517
54 57 18 2 285 353
89 91 25 7 447 508
30 61 23 1 365 457
28 74 14 1 426 598
65 52 27 7 267 507
1 93 24 6 208 319
79 1 18 1 606 739
64 63 28 4 636 739
85 27 16 3 316 454
52 87 23 5 418 577
87 90 27 4 419 587
57 61 10 6 623 744
40 79 18 2 441 536
90 33 16 3 354 431
69 33 15 6 302 506
62 14 11 7 510 613
62 77 21 5 346 586
26 67 9 2 600 685
29 53 28 7 488 770
66 20 17 4 289 356
34 17 11 5 312 374
87 41 17 5 524 755
13 38 25 5 509 797
72 29 22 5 224 374
50 7 25 7 382 616
50 64 13 3 514 715
65 11 13 5 491 558
60 57 5 2 530 677
48 83 27 7 682 784
92 57 22 4 402 626
15 85 11 5 533 770
55 84 30 3 413 601
31 97 27 6 391 488
85 1 11 1 398 625
32 47 12 6 321 410
82 53 10 3 412 516
68 50 5 2 683 761
3 41 28 4 286 437
92 86 14 3 638 769
18 29 21 5 556 718
22 72 29 2 593 795
7 90 14 4 622 694
58 77 22 4 421 518
18 56 25 2 293 516
42 85 23 6 345 460
65 25 30 1 295 557
58 72 18 7 315 473
57 15 9 2 347 600
65 35 18 5 614 742
71 45 14 7 552 688
62 85 28 2 214 315
60 64 12 5 607 784
74 96 28 1 334 516
84 22 22 4 531 781
19 67 20 6 313 593
73 3 20 7 378 536
76 55 27 7 605 787
86 51 7 5 308 479
56 43 20 2 470 660
82 16 8 4 480 658
11 62 15 5 562 736
99 76 28 4 494 779
95 41 7 1 404 698
45 6 16 6 482 569
46 49 25 7 341 554
93 90 26 5 309 593
57 23 18 6 429 638
4 42 25 1 380 600
42 51 30 4 683 777
7 23 25 2 239 399
70 39 23 1 366 460
83 29 25 4 536 737
23 27 5 6 206 331
71 26 15 3 411 527
59 40 15 6 258 335
45 97 26 6 503 660
0 69 25 1 407 592
25 20 14 3 284 501
8 8 29 5 423 673
29 58 9 2 473 701
16 58 27 6 289 386
88 60 16 5 490 576
7 4 28 7 691 793
61 29 14 6 605 698
97 74 28 3 263 378
38 63 25 6 385 632
26 31 10 6 535 617
75 79 16 6 413 651
84 29 21 2 538 690
52 36 17 7 296 401
34 88 5 4 707 788
14 43 28 4 453 545
1 65 10 3 510 781
72 21 30 6 342 626
11 29 21 1 363 602
38 26 24 1 613 748
98 25 17 4 447 634
92 90 13 4 441 558
2 49 23 5 531 679
55 45 23 5 359 487
30 8 24 1 573 660
86 30 16 5 677 744
35 44 11 6 270 335
15 21 12 6 512 730
5 67 10 1 265 548
0 51 5 5 378 496
12 44 5 6 510 708
16 62 16 1 219 410
86 8 11 5 443 625
45 67 7 1 393 592
57 14 21 2 580 754
93 99 6 6 297 464
28 20 23 7 243 474
46 16 28 5 488 644
36 8 17 6 338 625
56 58 23 4 381 506
0 10 10 2 422 484
29 69 19 5 537 772
49 58 15 1 314 602
16 87 11 6 412 644
1 13 30 1 724 797
81 8 25 7 458 613
37 54 9 2 288 566
39 53 23 4 504 780
47 31 18 4 245 360
13 12 23 7 606 791
9 45 28 5 551 704
48 84 24 1 344 506
24 65 20 6 668 797
88 32 13 6 426 486
26 86 28 5 512 572
39 97 6 2 532 611
36 20 21 2 363 494
56 80 18 2 378 664
45 3 26 5 546 652
20 65 16 7 581 707
65 60 8 5 237 525
44 44 16 7 672 778
68 53 7 5 256 333
87 56 17 2 221 421
31 22 19 6 618 768
8 66 22 6 447 739
94 73 12 3 394 522
94 76 10 5 640 766
36 100 30 2 478 718
28 30 26 2 441 615
94 91 9 1 372 665
22 11 22 3 455 705
29 89 29 5 477 566
55 80 28 7 667 785
79 39 21 1 481 641
48 1 11 4 306 407
59 36 5 1 449 654
31 42 16 3 503 599
14 49 14 1 268 492
68 97 21 7 276 531
4 36 10 2 661 753
87 1 24 3 567 658
15 69 6 3 292 364
52 54 13 3 443 599
84 88 14 7 463 757
90 49 10 1 285 461
77 74 9 6 722 791
55 99 28 1 314 424
8 33 14 3 339 482
41 42 15 6 204 269
48 71 19 3 244 329
40 34 8 7 356 481
75 80 9 7 436 643
83 21 25 6 346 555
54 67 18 1 344 436
52 34 15 1 576 735
4 40 5 2 346 639
71 11 19 6 203 492
68 90 28 7 254 325
71 32 28 4 554 665
93 55 5 6 542 752
88 18 12 6 609 700
51 38 19 3 581 766
99 58 12 4 467 677
30 36 6 3 378 438
17 73 14 3 402 645
55 61 5 6 688 776
75 89 30 3 328 471
82 10 28 4 464 577
46 1 28 1 394 540
57 0 24 1 285 401
18 13 27 5 522 625
6 14 15 3 586 778
5 96 16 7 391 559
81 69 29 1 460 663
81 40 8 2 676 758
57 52 7 5 645 705
1 96 27 3 488 561
96 67 30 4 278 514
64 5 15 4 499 685
92 34 16 7 371 449
62 83 19 5 678 740
21 32 11 6 279 521
56 25 23 2 244 421
26 17 18 7 225 490
19 77 27 6 419 554
54 88 19 4 526 674
