829
70 85 0 0 0 0
6 8 24 1 547 635
18 30 15 6 237 428
92 85 20 5 512 591
25 7 25 4 214 503
100 91 27 3 251 457
73 2 22 1 269 329
5 47 6 5 403 576
91 26 23 5 526 717
17 19 27 2 257 371
95 97 28 7 372 557
15 19 21 5 563 798
29 63 6 4 305 530
53 80 24 7 470 677
24 18 16 7 507 581
98 31 27 5 468 579
27 7 30 2 560 746
88 4 26 5 596 794
100 62 9 7 347 598
67 53 18 5 596 663
82 33 18 5 234 436
75 76 23 6 324 465
14 93 5 5 237 468
63 33 20 5 360 511
75 42 16 2 398 538
41 30 26 4 287 457
72 32 16 7 409 473
45 56 13 2 219 397
26 11 11 2 317 565
56 15 18 4 325 502
50 76 16 3 264 450
84 83 25 6 588 745
88 17 27 6 223 312
83 9 6 6 258 510
99 71 16 4 448 517
80 32 5 6 267 330
55 74 6 1 293 420
66 11 12 3 229 426
1 72 22 1 430 616
74 73 8 6 291 513
100 38 6 4 521 654
97 88 25 5 373 641
23 7 30 1 355 532
20 20 30 6 557 757
43 34 10 3 394 508
28 94 22 1 214 507
21 26 29 5 420 686
2 99 6 7 495 652
95 25 8 3 306 538
63 76 21 7 354 627
6 18 11 3 236 493
82 6 14 6 214 350
68 7 16 3 502 775
15 49 5 6 512 780
4 64 11 3 364 595
53 39 10 4 571 798
34 46 30 1 480 716
69 83 21 4 226 289
42 88 17 2 459 740
25 64 12 2 208 428
78 94 20 3 582 692
9 89 9 1 548 655
30 93 25 1 657 769
20 11 19 2 270 332
41 69 14 4 580 721
3 60 27 5 600 782
37 75 6 7 656 753
16 8 30 3 543 754
0 58 8 6 345 530
72 26 19 5 240 500
88 30 6 5 483 652
72 67 22 7 248 339
74 23 23 7 518 639
27 62 7 1 518 698
20 94 27 7 578 780
16 72 6 7 342 436
11 14 26 7 318 524
77 4 15 1 470 583
41 3 12 2 233 519
77 16 14 3 354 634
34 87 7 7 242 424
90 2 20 1 222 445
57 18 6 6 289 513
57 37 12 3 478 555
14 100 27 7 657 734
40 18 8 7 273 395
9 52 21 7 419 599
13 19 20 7 532 672
79 63 23 6 236 471
86 6 28 4 396 502
0 7 21 5 554 677
13 50 26 7 580 774
93 77 8 5 250 430
88 100 7 6 603 727
98 87 20 4 533 741
68 85 18 7 275 429
4 11 10 5 223 378
15 6 10 4 233 322
89 38 29 2 293 437
6 58 15 4 359 499
79 20 16 4 209 437
24 39 24 1 379 617
92 16 9 7 338 422
4 9 25 2 407 478
79 67 13 2 258 527
97 26 27 5 224 445
26 0 24 3 407 521
31 39 9 6 549 690
9 87 9 2 360 548
70 87 21 4 304 369
74 15 8 2 565 760
19 19 16 3 384 648
98 42 8 7 213 430
30 82 17 7 499 641
48 35 14 1 467 696
60 65 28 1 697 760
57 94 8 1 429 489
23 55 15 3 215 295
18 43 23 4 494 623
97 11 19 3 265 523
77 18 15 7 557 782
50 41 7 7 391 611
45 74 10 5 215 297
66 30 7 4 495 698
76 11 17 7 309 507
36 66 11 4 310 579
17 61 5 4 535 779
56 35 18 4 505 594
55 3 26 4 288 506
27 69 25 1 509 793
76 95 18 7 353 494
10 19 20 1 328 455
24 72 28 6 322 517
47 52 12 7 219 369
71 51 25 1 723 794
58 87 5 3 640 719
22 94 11 3 459 524
97 58 22 5 240 350
23 57 26 4 358 531
2 36 28 2 715 778
16 9 27 5 241 435
78 21 19 6 383 478
55 55 14 6 456 620
21 28 27 2 219 419
48 70 15 1 329 468
57 100 16 7 360 490
41 90 8 1 453 663
91 96 16 3 224 418
85 24 21 1 371 544
88 5 23 2 316 591
10 86 23 3 404 536
14 34 27 2 291 585
3 50 5 3 298 436
79 0 17 3 323 445
65 28 8 6 700 769
89 79 9 2 581 653
62 22 29 2 228 395
1 74 24 3 449 595
82 12 12 4 461 690
99 38 14 1 399 537
37 100 24 5 552 689
43 44 29 3 297 527
10 94 17 3 447 635
10 50 12 7 339 415
57 96 22 5 344 598
4 51 18 7 446 585
88 80 29 6 515 732
86 54 26 2 291 455
88 71 8 2 308 435
64 36 30 3 240 424
26 1 17 6 545 727
40 86 27 5 482 601
76 33 9 7 470 768
6 1 17 5 564 716
37 38 25 6 465 646
47 1 24 2 217 377
80 29 28 2 217 366
50 79 7 4 288 447
98 74 26 6 504 764
60 2 29 3 408 592
60 87 7 3 482 596
13 23 13 2 265 350
22 55 11 1 296 362
77 39 6 2 597 701
19 38 15 5 252 476
26 95 15 1 356 637
76 74 26 2 230 521
10 38 8 1 593 667
27 90 28 1 506 793
27 59 21 5 206 267
12 40 24 2 635 729
38 25 28 2 570 738
30 11 5 4 285 518
91 4 5 5 436 521
65 60 15 7 372 643
69 69 23 1 331 472
42 5 27 4 597 667
68 71 12 6 633 757
68 47 12 1 472 742
45 86 22 4 316 486
74 46 12 5 204 387
47 35 9 2 548 654
7 32 8 5 492 567
9 77 11 3 532 683
45 50 26 4 227 395
73 23 20 1 307 429
66 29 26 4 551 715
41 57 18 4 633 730
24 79 9 6 307 552
65 58 20 4 653 743
8 92 22 5 246 522
1 15 18 2 314 567
54 75 12 2 357 460
7 77 17 3 366 473
24 30 19 5 522 788
25 42 29 3 469 692
63 19 13 3 522 665
32 44 13 3 639 742
35 48 26 3 421 482
53 88 26 2 216 489
43 48 15 3 358 525
52 63 6 7 604 683
88 73 12 4 341 566
40 13 14 5 337 576
58 74 9 1 219 450
19 95 14 3 275 345
36 81 7 6 621 800
29 45 10 4 385 525
84 68 6 4 326 572
51 83 18 5 560 662
40 36 26 2 296 376
67 55 9 1 526 700
68 8 21 4 632 715
32 29 22 1 481 642
53 43 16 6 322 610
44 18 26 1 279 572
31 88 22 6 699 796
65 13 16 1 245 364
15 88 20 5 320 514
30 60 6 3 677 738
50 36 22 5 259 438
37 12 11 3 303 592
23 4 21 4 685 772
15 89 13 5 365 651
21 97 27 7 596 732
20 98 29 2 434 518
35 42 29 5 208 328
50 29 15 7 353 509
53 96 16 4 262 379
81 94 5 6 367 568
18 93 20 4 397 606
0 35 28 4 239 468
6 45 19 1 422 710
19 63 16 2 373 564
43 13 30 4 500 692
8 17 5 5 574 642
93 22 10 6 406 636
99 48 14 6 389 517
61 63 9 4 350 537
9 96 22 1 269 404
73 91 13 6 421 573
45 79 9 6 551 691
25 61 30 7 293 377
49 85 30 5 361 560
20 82 11 2 526 623
31 10 25 4 528 627
71 95 29 5 395 536
67 88 16 5 200 347
78 64 26 2 327 459
85 3 25 6 441 661
23 49 27 2 433 583
9 18 11 1 416 600
27 49 10 5 382 547
24 48 21 7 464 565
28 20 6 3 710 788
11 87 26 3 507 594
10 40 13 2 215 373
39 22 19 3 503 744
4 59 11 7 487 602
10 15 18 1 454 624
84 10 22 6 342 625
93 62 24 3 524 657
53 90 20 3 368 487
95 34 13 2 203 349
93 73 19 1 248 458
44 32 11 4 373 529
48 51 19 3 507 719
87 87 28 7 323 449
13 46 25 4 244 511
87 93 19 7 266 509
72 94 15 2 294 369
0 9 17 2 568 702
30 83 13 2 382 575
44 56 9 2 511 680
43 65 18 6 275 566
26 77 19 3 589 718
8 81 10 1 499 770
59 92 26 6 368 500
100 16 15 4 315 577
94 84 13 7 511 670
33 3 28 4 223 449
98 10 21 2 245 324
32 78 30 4 226 323
95 24 26 3 210 308
32 9 17 2 363 642
22 52 8 2 391 573
84 91 21 1 688 782
43 43 12 3 250 466
50 45 27 4 360 500
3 83 25 3 357 626
15 11 25 1 546 738
52 20 7 4 232 324
87 4 6 2 414 502
84 15 10 2 252 363
73 84 15 6 296 401
43 37 10 2 212 329
21 100 5 1 551 691
80 36 18 7 395 627
97 69 20 1 397 499
35 25 8 7 552 739
73 69 24 6 467 614
85 13 5 3 322 610
21 81 11 6 437 554
97 31 9 1 617 747
48 90 15 4 205 383
93 57 19 6 304 373
19 39 18 1 293 450
24 47 10 6 542 656
7 9 22 4 366 578
47 27 17 5 385 560
89 17 11 7 289 513
22 35 18 1 276 345
30 30 29 6 658 795
2 45 18 7 393 474
94 41 20 7 432 546
49 44 18 6 610 739
76 2 15 4 519 687
0 20 18 6 632 735
91 57 28 7 224 479
43 16 22 6 292 366
59 56 16 5 275 343
49 99 9 5 263 476
25 25 7 7 548 769
47 88 15 1 704 774
44 69 26 2 489 580
39 29 11 2 453 738
6 67 19 2 305 552
42 14 8 1 450 672
48 14 15 2 557 797
59 35 29 4 456 637
38 100 5 4 362 560
59 48 15 4 571 704
37 22 24 1 454 523
13 56 30 7 323 568
97 64 19 4 277 358
82 92 17 2 211 400
57 56 8 2 492 750
53 6 29 7 391 666
79 41 25 5 424 500
65 42 28 5 424 601
4 87 19 2 219 453
51 10 22 4 683 763
70 22 7 4 488 672
96 62 16 5 391 607
70 48 18 2 639 788
63 95 22 2 217 300
73 40 29 7 291 548
2 27 11 3 297 558
32 69 10 2 382 444
28 87 13 4 450 640
26 50 19 7 559 700
99 57 18 3 209 345
24 6 22 6 616 678
83 69 23 5 296 549
4 66 13 5 240 472
96 80 19 4 392 681
88 55 14 4 293 576
95 10 16 6 583 769
96 12 7 4 309 420
27 84 18 5 389 673
38 56 20 7 379 606
52 14 21 4 616 774
49 73 6 4 426 487
96 33 13 2 435 601
95 6 14 1 211 318
88 11 11 2 501 766
61 79 5 1 247 330
32 2 5 3 371 652
27 8 27 2 471 592
19 100 16 1 369 501
29 94 11 6 569 747
25 88 16 2 356 505
2 43 19 6 386 534
52 46 8 2 470 655
77 74 29 4 614 777
82 30 25 7 490 753
78 67 27 7 208 413
50 97 30 6 415 585
40 80 6 1 348 575
7 28 24 2 485 712
95 75 14 7 321 470
40 20 17 2 223 454
5 24 9 1 568 699
28 56 26 5 232 397
36 98 28 1 432 510
55 45 26 3 343 508
39 67 22 5 381 520
45 90 20 6 411 700
53 35 16 5 454 528
69 99 6 4 320 501
60 47 10 6 517 778
59 52 28 3 354 654
77 70 30 4 519 696
45 78 29 4 298 595
14 3 28 2 535 680
33 10 14 1 386 682
85 46 19 4 362 546
36 12 10 1 294 420
24 55 7 2 371 617
38 69 17 2 527 653
16 53 25 2 314 596
28 21 14 3 233 329
91 64 25 5 251 509
60 85 29 2 685 789
84 85 18 3 573 769
74 12 16 3 287 565
29 86 28 2 551 719
67 13 30 4 444 669
55 19 10 6 355 606
19 65 23 4 622 747
35 55 16 2 238 511
70 24 19 3 213 460
35 12 21 4 432 647
47 97 6 7 669 757
32 90 11 3 364 557
48 15 20 4 443 629
98 73 14 3 401 596
68 74 20 7 224 498
19 46 25 3 360 521
53 84 13 6 566 699
45 69 14 6 474 544
12 35 29 2 348 557
93 45 19 4 534 670
14 21 19 7 324 387
38 34 23 3 456 688
78 76 20 3 632 695
100 67 11 1 504 773
13 80 9 3 352 467
32 85 20 1 233 326
47 22 13 6 418 484
55 37 8 4 463 591
25 24 30 7 556 669
5 5 7 7 494 558
58 8 26 6 462 638
49 1 21 6 409 665
59 85 26 2 422 679
43 0 16 1 555 786
92 63 14 1 278 450
70 13 6 2 512 636
77 24 11 7 343 619
67 24 15 1 427 620
24 9 7 7 501 665
61 93 8 3 446 654
24 46 17 6 616 695
51 66 28 2 292 562
53 92 20 3 529 769
56 32 13 4 483 691
34 95 19 2 590 770
78 8 29 1 306 378
49 69 28 7 652 795
79 80 21 2 238 352
76 41 17 7 352 483
85 80 25 5 399 568
43 26 11 4 289 551
52 76 9 1 358 525
94 68 5 7 236 414
16 70 27 1 273 402
16 4 7 7 295 440
6 26 24 3 428 640
69 100 5 4 473 603
83 54 30 7 269 370
4 90 22 1 336 623
4 19 14 4 414 652
46 77 22 3 717 793
0 25 15 1 370 655
92 87 16 3 217 385
98 8 25 4 299 425
67 14 29 6 442 711
91 58 25 1 247 356
57 30 20 6 507 675
31 35 15 7 613 796
7 37 29 6 344 528
18 55 24 3 290 410
6 68 18 5 620 752
93 60 26 3 356 539
77 1 17 1 535 737
89 89 29 7 514 766
67 7 23 7 570 633
10 53 19 6 504 591
37 31 18 5 223 479
92 57 19 4 506 595
92 51 26 4 597 789
3 38 17 1 516 641
79 99 19 6 297 439
20 91 15 4 531 624
62 78 9 5 264 548
92 55 19 3 436 509
4 94 5 1 484 685
89 36 15 3 300 529
89 59 23 3 497 666
71 76 27 3 388 615
77 58 9 3 290 419
29 28 15 1 543 750
54 66 17 3 299 389
39 73 25 7 528 715
75 86 12 5 465 578
46 94 26 2 532 671
8 34 17 7 244 420
44 74 12 2 470 685
74 74 7 3 623 686
44 75 23 1 691 758
57 89 24 2 687 787
34 12 27 1 512 580
71 81 14 6 284 487
90 41 14 7 254 436
5 19 7 2 537 623
30 48 6 7 235 463
98 18 17 5 272 380
86 56 24 6 452 595
74 69 27 7 304 479
5 40 17 5 389 682
14 70 11 5 491 619
90 30 29 7 621 701
98 65 20 7 390 571
41 44 27 6 428 605
23 85 16 7 440 618
58 10 10 3 437 658
84 77 16 5 570 643
90 50 5 1 694 788
97 49 22 1 355 490
76 86 13 7 217 336
66 64 8 3 547 634
5 62 11 4 473 593
100 73 16 2 295 537
72 33 26 5 532 684
71 82 19 4 370 460
50 83 8 7 459 611
68 27 30 3 680 775
23 63 15 5 428 540
13 86 5 3 468 579
37 73 12 6 665 799
17 15 25 7 312 529
65 18 7 3 530 630
65 74 30 6 513 594
3 47 13 1 431 691
98 66 30 4 527 652
12 77 22 3 648 799
68 64 11 2 484 651
89 13 14 1 269 462
96 27 22 7 293 407
7 31 5 3 418 690
15 56 25 2 640 748
53 15 26 1 692 755
5 55 5 4 396 515
83 41 5 4 205 432
13 37 21 6 676 758
0 16 13 2 209 443
92 37 27 3 457 578
14 36 11 7 251 495
20 60 27 6 481 718
89 19 22 3 651 733
68 76 29 7 508 721
26 94 15 2 290 433
1 83 28 6 434 538
2 49 30 1 233 490
40 81 20 2 547 721
94 24 20 7 321 458
5 89 15 7 348 483
22 80 6 2 680 794
7 18 18 4 204 444
9 74 15 6 528 610
98 88 28 2 482 708
100 50 26 3 291 507
91 86 24 5 433 510
2 20 24 5 225 502
33 36 18 3 363 479
17 68 15 5 217 346
82 78 21 7 569 644
44 7 8 7 312 421
85 90 14 6 542 667
69 33 8 1 222 370
44 15 19 1 337 494
92 46 21 4 391 652
60 46 22 4 318 393
58 63 26 1 394 611
14 68 26 5 262 468
69 12 18 4 601 716
28 28 14 7 437 681
16 12 12 4 290 565
18 51 6 4 490 626
34 33 26 6 480 616
79 22 15 3 552 639
79 68 6 6 220 435
29 95 14 2 440 632
9 43 28 3 469 568
3 27 9 5 544 705
68 22 12 4 539 636
18 83 22 2 240 325
15 92 6 1 327 610
3 13 27 2 454 630
64 14 25 6 412 474
48 46 11 2 565 731
56 2 8 1 451 619
11 33 28 3 293 466
1 68 18 5 373 522
6 54 14 6 203 492
67 64 22 7 539 618
80 69 30 7 409 554
2 23 8 7 323 410
48 73 24 5 299 403
62 17 29 7 405 530
1 14 16 4 646 754
79 85 30 7 321 468
49 36 13 3 713 792
34 32 29 1 387 457
21 70 28 1 383 671
40 83 28 7 484 732
71 62 5 7 435 644
60 71 19 6 365 662
73 62 19 7 366 528
43 97 18 5 616 751
17 50 23 7 207 450
90 80 19 1 620 778
46 16 28 7 423 485
93 28 25 6 638 723
50 19 24 6 582 660
26 69 18 4 236 514
30 34 29 1 278 346
70 79 25 4 585 667
54 98 6 7 287 587
55 90 13 2 560 649
29 75 10 7 205 396
16 48 21 2 439 522
92 43 20 6 459 536
23 73 29 6 687 794
42 67 5 4 322 419
37 76 17 2 370 667
45 63 9 6 467 729
26 54 29 2 513 710
56 11 21 6 353 502
73 59 20 6 305 459
28 77 30 4 497 747
28 22 24 5 234 306
73 81 16 3 481 681
8 100 20 2 247 509
93 78 19 7 646 776
28 68 20 1 354 626
20 35 28 6 490 583
12 80 24 1 492 694
35 46 30 6 430 625
77 53 26 6 218 386
22 84 7 5 420 494
64 62 15 3 559 729
90 52 11 4 421 519
43 63 22 7 484 765
7 33 18 7 577 701
32 14 21 7 508 798
10 75 13 4 470 562
42 68 11 7 353 537
69 18 15 3 264 529
13 84 17 3 511 800
14 58 28 7 591 681
65 31 14 2 221 324
29 5 29 3 596 706
25 29 21 6 280 574
18 63 26 7 436 711
79 33 30 5 514 720
12 45 6 4 441 501
24 93 15 4 351 646
23 17 26 7 392 607
76 96 25 2 403 600
39 83 5 3 371 553
13 65 25 5 386 494
70 70 26 2 484 624
69 57 17 6 570 708
46 0 27 3 221 358
99 2 17 7 515 744
99 89 6 6 285 393
98 57 26 6 302 435
74 39 21 2 436 654
37 40 5 3 350 486
6 83 9 3 524 768
1 82 23 7 397 603
20 59 30 7 578 695
54 4 15 7 633 745
20 39 28 1 338 522
82 26 5 4 480 573
36 88 17 1 507 761
16 16 18 6 293 547
43 19 6 5 413 529
32 49 19 2 259 494
31 11 14 5 244 362
60 9 26 4 410 479
51 50 12 6 306 474
52 37 12 1 218 376
31 45 7 1 483 706
3 10 25 6 532 683
58 53 15 5 438 551
84 1 11 7 449 587
18 71 16 4 510 655
45 93 18 1 410 690
81 11 23 1 340 404
63 29 23 6 209 284
51 88 17 3 421 568
80 93 6 7 376 545
68 45 7 7 399 483
82 14 10 2 348 507
41 54 13 1 475 645
54 56 29 1 244 538
79 9 21 4 286 570
3 26 26 3 620 726
65 56 23 3 642 716
64 18 26 6 596 798
51 12 12 3 624 720
20 78 23 5 431 512
13 22 26 6 500 741
59 72 25 4 575 752
90 92 25 5 458 620
15 51 25 5 446 646
53 87 28 6 443 649
34 36 9 7 414 486
34 62 8 2 288 513
83 20 30 1 224 487
63 49 15 6 438 701
30 62 10 5 273 400
8 23 6 4 293 541
3 70 13 4 300 522
90 84 14 6 413 560
12 46 13 4 718 794
87 32 12 6 562 670
24 83 21 6 257 328
74 78 14 2 412 477
0 73 12 1 200 282
15 32 20 1 559 697
89 27 8 1 287 583
74 62 21 5 590 723
39 55 11 5 498 750
61 87 24 3 615 791
36 22 26 1 546 794
56 38 9 6 401 670
1 66 9 5 203 408
68 78 16 1 238 463
93 97 19 1 337 561
32 46 14 5 230 435
78 28 20 4 387 514
40 58 22 2 378 520
45 39 25 1 475 770
74 64 15 2 374 657
64 65 20 2 202 434
51 100 27 1 316 406
39 21 11 6 495 636
10 31 7 3 403 668
25 82 14 1 226 419
46 11 26 6 334 528
80 6 15 6 304 544
25 50 13 2 551 792
44 5 17 6 401 515
24 69 30 5 543 774
51 48 25 2 294 362
78 17 24 1 408 501
4 13 19 7 582 781
46 89 19 7 445 686
96 74 9 7 280 368
25 90 28 5 536 695
96 52 26 2 377 531
26 19 20 2 415 529
96 39 22 1 520 653
8 83 19 6 202 351
65 50 28 5 508 647
19 99 5 4 604 772
21 55 17 4 419 480
85 52 21 6 602 782
44 31 22 7 286 416
39 9 21 6 374 482
22 45 16 1 245 369
88 97 25 1 510 589
98 35 7 3 201 457
46 71 5 3 387 501
51 36 10 1 379 647
19 48 11 2 420 576
7 5 20 2 235 386
17 11 19 6 419 606
62 59 10 1 480 635
40 24 28 1 492 740
93 15 28 4 318 410
65 46 29 1 665 761
13 89 17 4 466 643
73 27 30 1 479 575
76 43 27 3 207 404
96 69 27 2 414 711
10 87 23 7 405 701
37 15 30 2 431 700
18 90 16 1 391 600
79 38 7 6 510 691
22 75 8 7 619 789
2 21 19 7 488 697
98 24 26 3 536 596
38 2 17 2 473 696
65 57 27 1 326 453
67 12 29 4 295 413
54 67 28 7 410 547
64 40 16 5 533 762
17 82 29 1 521 784
2 5 17 7 482 660
66 2 7 1 425 583
36 2 15 7 498 724
45 87 19 4 288 373
42 99 25 2 451 594
70 19 30 1 519 602
89 91 25 4 418 640
66 81 26 4 431 631
58 42 23 1 290 354
47 71 25 2 578 663
100 66 26 3 524 619
88 33 6 7 437 582
29 15 21 6 438 540
62 7 9 2 460 538
18 87 30 1 245 540
64 31 22 7 272 486
