1316
77 36 0 0 0 0
18 50 5 1 213 331
51 60 26 6 464 751
66 56 7 7 525 646
18 100 23 3 413 499
17 58 9 5 539 656
17 36 11 5 332 536
85 58 14 6 546 615
26 24 21 7 329 589
42 99 8 2 728 797
87 94 12 5 478 567
79 41 22 1 585 659
21 98 26 7 352 520
51 89 6 4 212 397
96 33 30 6 353 565
46 85 18 2 712 777
76 7 13 2 370 656
79 2 13 2 526 615
33 82 30 4 394 501
88 92 24 2 220 469
83 92 9 6 468 562
41 38 20 3 363 599
90 33 30 7 602 679
52 45 13 6 531 767
33 70 8 4 490 660
8 91 10 7 270 447
41 76 6 1 519 625
77 4 28 7 676 756
33 66 7 2 306 596
78 24 11 3 297 506
32 43 17 5 449 560
61 15 23 3 494 631
81 35 13 4 309 609
39 88 7 3 345 413
72 58 17 2 284 391
6 92 18 7 381 630
22 64 20 2 233 476
61 5 16 3 478 601
98 8 18 4 331 409
37 13 12 3 342 530
54 31 14 4 364 493
95 36 11 6 484 772
51 1 9 6 400 461
78 2 7 2 297 469
94 3 6 3 454 644
1 35 10 1 553 636
44 90 8 7 445 671
86 72 11 3 399 551
16 54 29 1 417 714
95 94 5 3 375 457
62 2 22 5 413 657
56 34 18 3 308 439
11 91 21 4 434 716
73 63 18 7 294 577
23 85 27 2 463 717
99 91 26 5 216 276
56 81 23 4 358 635
81 75 30 1 325 392
28 50 9 3 631 773
49 70 25 5 266 393
70 43 26 6 565 689
25 28 22 4 399 658
24 64 5 2 408 542
77 22 7 4 584 770
90 34 26 1 495 721
42 1 21 3 686 783
95 60 29 1 265 473
39 31 25 4 512 760
24 28 23 2 533 757
64 22 16 2 225 469
69 70 21 4 373 574
95 25 16 3 263 550
26 26 6 4 487 706
13 6 12 3 456 652
27 66 19 4 230 402
1 17 25 2 322 523
29 7 30 7 564 790
5 39 7 3 506 617
9 20 8 2 529 773
36 96 27 3 561 742
33 18 19 7 590 686
15 54 12 6 203 383
47 40 26 3 598 698
92 12 30 5 643 779
22 21 10 3 604 673
37 92 30 3 534 645
55 36 25 4 617 687
82 53 22 4 254 419
8 54 30 1 252 384
39 24 6 4 509 717
6 69 15 3 459 621
75 28 26 7 346 625
22 56 30 7 640 791
9 66 8 4 290 567
100 46 28 1 447 572
49 54 24 3 206 408
72 68 22 1 498 745
24 56 19 5 205 478
44 3 20 3 396 499
93 44 22 3 537 723
19 24 28 4 466 567
10 30 12 7 497 789
5 51 22 3 202 349
33 96 26 2 516 688
97 15 20 6 469 536
70 31 29 3 256 353
7 61 14 4 460 605
58 83 21 1 536 673
17 70 23 4 358 574
60 36 7 5 380 513
2 54 19 3 275 504
90 39 28 6 513 639
74 80 27 3 299 427
82 93 7 3 219 399
51 17 22 5 455 673
47 9 25 6 475 725
44 78 15 1 341 472
35 31 19 6 680 769
66 77 20 2 292 539
0 78 21 4 566 799
61 56 24 3 583 729
25 4 20 7 367 601
24 51 7 7 650 767
79 22 21 6 563 740
17 64 27 2 450 541
77 89 26 6 400 700
5 18 30 5 402 691
0 61 19 5 496 681
17 50 19 3 315 506
38 79 13 4 568 765
49 30 19 3 404 683
59 13 18 6 345 511
30 88 17 6 510 646
23 44 26 4 229 506
30 94 23 7 296 566
18 96 14 4 601 707
64 69 24 5 681 760
31 65 13 5 273 480
35 35 30 6 203 419
35 33 23 2 380 487
91 42 9 5 343 449
37 100 7 5 220 369
82 4 5 7 593 747
63 37 17 3 588 692
47 12 28 6 498 646
78 44 21 3 593 785
55 39 20 3 344 414
48 60 19 1 315 518
12 74 14 7 436 522
96 38 10 2 502 633
77 12 25 3 466 743
17 20 26 2 299 478
9 31 20 5 375 556
69 6 26 6 365 494
79 64 27 3 242 457
21 58 28 1 279 433
23 63 23 4 598 726
54 24 27 1 438 498
19 44 18 7 390 480
76 92 24 1 406 627
99 17 27 1 518 736
39 67 14 6 663 776
14 76 13 5 452 701
89 5 22 4 494 556
5 88 5 7 349 509
33 48 5 7 559 734
99 77 25 7 258 459
82 67 27 7 618 717
95 18 23 7 216 485
95 77 6 1 224 391
34 68 29 1 424 693
19 38 25 7 570 764
90 59 30 6 230 425
10 83 25 6 651 773
96 37 15 4 246 470
65 99 22 7 557 736
11 72 8 3 389 491
34 77 24 4 658 753
66 39 17 2 304 426
81 89 10 1 260 543
71 74 7 4 269 352
96 64 9 1 451 540
98 57 23 6 423 695
0 75 23 6 390 631
56 12 27 4 304 385
29 87 15 2 663 744
99 62 9 5 244 499
12 47 20 7 389 565
59 25 26 6 581 679
33 32 5 5 565 735
4 95 23 5 469 686
44 46 25 4 295 545
50 63 16 6 508 662
38 85 10 2 567 786
18 84 7 4 577 715
3 59 24 7 503 789
48 79 17 6 615 785
10 72 18 6 533 680
27 2 16 7 571 709
57 15 20 5 496 705
6 17 20 7 422 652
41 88 18 5 315 563
6 97 14 4 529 662
72 21 25 2 514 669
72 57 19 5 532 736
21 89 11 4 588 755
29 3 20 4 293 517
25 72 6 5 416 645
100 32 13 1 242 480
63 82 6 1 498 655
78 58 29 2 602 783
33 39 14 1 515 771
32 55 25 5 474 565
13 76 6 3 477 579
99 20 30 3 306 569
98 13 28 1 410 710
62 29 28 6 522 664
12 66 14 3 595 788
50 71 30 5 424 631
27 46 21 5 558 776
70 45 19 6 263 324
90 94 30 1 387 581
75 90 6 1 520 753
30 75 16 6 240 526
77 6 27 2 608 710
95 0 28 4 347 557
4 42 27 4 432 725
7 71 6 5 459 730
92 58 25 7 592 702
90 96 22 6 559 778
68 56 12 3 492 563
4 15 17 7 269 341
0 81 27 1 365 500
42 46 14 7 256 323
1 45 30 2 472 698
63 95 22 3 423 667
61 81 9 3 325 465
59 85 12 7 265 410
63 67 20 3 232 517
74 81 20 1 204 468
92 91 24 3 481 602
79 53 19 5 308 494
60 86 22 4 401 594
33 26 12 6 523 625
87 9 20 2 271 557
96 85 6 5 699 760
39 28 20 3 396 558
37 43 17 7 489 757
71 61 29 3 400 538
75 44 7 1 433 676
14 30 30 1 425 502
33 9 8 3 412 616
87 96 12 2 381 642
23 70 25 3 471 588
71 67 21 3 628 688
69 47 20 1 494 661
95 81 17 2 686 782
76 80 22 1 653 723
58 21 7 4 648 726
36 64 26 1 492 754
61 48 21 7 243 443
96 41 8 6 372 527
94 66 6 5 687 781
86 11 7 6 507 636
99 5 16 5 285 409
95 79 17 3 562 728
83 97 17 4 469 651
93 66 25 1 495 744
56 9 9 1 570 749
9 84 16 5 228 331
42 97 16 3 436 542
5 27 16 2 500 760
34 7 22 7 543 689
28 79 15 6 278 537
93 4 30 4 251 311
65 91 5 6 495 751
70 80 13 6 532 786
59 36 7 3 287 370
40 65 7 4 302 431
69 80 7 3 260 538
71 27 22 7 368 464
50 79 27 4 584 781
36 68 20 4 429 665
99 9 21 2 378 677
50 52 30 5 671 751
19 43 23 4 428 605
76 62 7 7 308 550
38 99 29 2 609 765
94 23 9 2 434 700
22 74 29 5 345 588
20 8 22 6 677 767
88 99 28 6 283 451
91 18 16 6 432 599
90 30 21 6 369 669
43 14 11 5 711 793
7 70 7 4 639 712
40 44 27 3 377 645
15 4 9 6 348 588
87 24 14 6 584 704
77 41 25 1 570 780
81 79 12 6 278 578
95 62 30 7 326 614
41 50 6 1 449 560
15 12 20 7 298 392
92 5 25 1 639 741
8 24 6 1 374 626
52 76 5 5 208 491
13 42 15 6 272 526
52 77 6 4 360 467
48 10 19 7 231 356
61 35 6 7 536 772
3 77 7 4 227 307
81 48 20 7 389 627
81 77 10 4 422 615
67 32 14 5 536 799
95 57 26 3 609 749
22 91 7 7 614 774
86 36 8 3 256 417
81 70 6 2 388 583
0 26 23 6 492 611
4 54 17 3 398 680
50 88 9 5 684 744
41 75 8 6 516 714
65 28 19 2 233 513
91 8 17 5 456 729
50 36 25 7 210 396
31 94 9 6 232 466
1 41 13 2 577 800
83 54 15 6 467 611
60 20 5 1 252 544
20 51 29 7 435 604
41 12 11 3 547 655
89 26 24 5 526 623
94 17 5 2 468 535
7 57 8 7 519 671
49 10 28 7 320 561
42 42 15 5 324 408
43 44 10 5 425 647
42 81 29 2 481 569
15 73 5 5 305 551
27 1 14 5 400 601
26 3 10 3 279 352
98 43 13 6 508 572
54 97 21 1 232 481
74 88 27 4 531 622
61 47 13 3 359 540
58 7 30 3 545 729
33 99 9 6 565 786
39 8 18 4 579 739
33 22 29 2 532 671
36 63 10 1 403 640
68 77 8 1 611 689
38 3 30 7 473 539
3 35 23 1 466 623
48 56 13 7 258 438
90 74 19 5 419 611
96 19 16 3 375 502
46 87 24 4 590 712
53 30 18 7 331 394
27 14 6 3 406 619
36 53 15 2 459 538
7 29 15 3 578 687
60 87 19 6 602 797
91 19 10 7 407 549
67 0 25 6 574 685
78 89 7 7 276 506
18 27 14 2 362 660
11 82 12 2 253 506
23 10 19 4 545 787
64 45 7 4 391 452
19 18 29 6 206 270
0 24 28 1 525 731
90 86 9 4 439 706
7 86 13 2 608 712
77 23 26 6 439 677
10 71 24 2 530 698
100 53 26 2 667 750
28 78 13 5 430 584
30 65 25 6 522 750
0 57 13 3 607 740
51 64 19 6 362 470
28 77 6 7 515 785
69 67 22 6 488 599
53 84 9 1 360 603
62 41 16 1 292 532
14 42 11 6 511 613
57 12 15 6 659 738
45 52 26 7 321 557
6 85 12 6 484 699
30 21 29 3 209 352
64 6 15 5 411 655
92 86 26 4 244 491
71 9 8 1 516 704
52 74 21 1 217 337
74 24 14 4 248 324
64 77 21 2 231 371
8 51 17 7 437 668
7 12 7 3 251 453
86 98 17 6 284 407
19 97 12 5 475 588
44 34 22 2 208 422
28 48 7 5 440 500
94 91 25 7 412 491
75 77 20 4 385 607
60 63 9 7 397 654
73 43 26 7 568 694
88 80 7 5 592 750
29 56 13 1 447 552
1 59 21 1 409 660
28 8 26 3 539 675
42 19 15 3 413 512
11 6 12 2 296 417
51 30 28 3 514 637
39 48 9 6 653 747
33 89 28 4 628 788
30 34 20 4 376 551
93 20 20 1 239 317
1 37 12 6 381 556
3 5 17 1 345 502
91 12 14 7 366 429
49 35 19 1 711 796
91 79 20 2 213 455
17 94 30 4 696 770
61 2 23 7 382 663
32 96 8 2 368 621
100 40 30 7 389 645
54 66 20 1 359 510
83 21 24 5 583 751
44 94 30 6 548 764
69 68 8 3 245 466
23 33 19 6 315 525
41 93 30 2 610 745
89 67 30 2 351 481
93 81 14 3 211 337
68 63 20 1 681 757
64 34 12 2 571 713
82 78 22 1 437 656
32 60 28 1 550 730
34 49 23 6 297 556
74 70 17 5 428 499
18 33 17 3 353 457
1 83 7 1 497 582
13 80 6 5 390 530
73 36 7 3 416 595
64 70 28 6 273 460
6 22 5 4 457 607
31 62 24 5 273 500
21 75 16 7 227 293
97 100 20 7 636 753
78 97 7 5 278 371
13 23 22 3 237 351
90 18 12 2 250 360
6 51 24 3 489 710
86 64 27 3 212 273
80 9 28 4 550 713
44 6 18 2 308 416
7 75 13 7 333 428
45 72 19 2 253 445
94 26 21 2 244 322
14 0 15 3 216 401
40 64 25 3 575 746
32 83 27 1 609 787
30 64 27 6 581 641
98 14 17 2 499 689
87 68 28 3 561 685
100 73 23 5 502 726
29 4 13 3 463 662
35 44 16 5 422 544
35 15 27 5 484 735
74 46 26 4 437 668
88 61 27 4 318 492
39 70 29 2 408 518
72 70 5 3 310 495
14 21 19 5 342 615
20 5 8 1 451 540
19 17 13 3 217 491
12 61 30 5 288 498
34 13 23 5 504 693
98 31 30 5 434 651
98 30 16 7 580 682
90 76 14 6 534 695
72 5 19 4 286 347
8 72 26 3 351 495
15 57 20 1 250 489
83 3 6 5 499 787
82 100 26 2 437 679
26 15 5 5 615 781
36 100 30 5 505 759
97 40 18 6 515 780
89 46 9 1 454 557
24 89 12 1 453 599
98 64 6 4 436 518
15 77 18 5 579 757
35 45 16 5 262 419
19 100 10 3 316 468
54 88 15 3 206 349
61 85 14 1 429 673
33 51 5 4 422 548
42 94 28 7 485 749
33 60 6 6 533 761
63 3 21 1 215 498
36 60 25 4 652 749
1 63 28 6 547 684
98 84 27 1 498 773
83 68 25 1 467 661
24 10 26 1 369 543
3 80 19 5 312 526
23 21 10 6 470 683
17 7 26 2 688 751
71 22 14 7 384 540
99 78 24 6 596 659
5 83 23 6 219 519
46 51 13 3 597 675
12 57 10 6 660 800
15 75 8 1 327 591
77 15 28 2 388 537
88 70 26 3 251 544
31 38 9 2 425 562
99 66 22 6 247 378
0 51 11 5 660 766
30 72 24 2 570 663
70 39 18 2 419 623
51 19 20 5 558 738
3 2 27 6 378 663
29 93 17 5 588 732
56 84 25 7 389 564
47 2 13 2 520 620
68 86 22 5 576 664
16 100 19 7 562 702
43 93 21 3 540 634
31 60 6 2 287 448
18 10 13 4 387 661
0 76 29 1 373 588
81 41 7 2 673 739
13 41 20 1 255 392
38 14 25 6 419 652
6 7 14 2 382 453
17 26 14 5 454 527
79 58 8 5 203 328
51 92 23 3 646 730
13 37 19 1 214 315
30 33 8 4 426 597
57 61 23 1 202 335
20 82 29 2 242 474
35 19 25 2 267 508
54 51 5 6 310 408
51 65 25 1 286 460
77 32 11 7 307 396
98 41 18 6 289 472
34 12 8 2 216 447
21 72 20 4 368 611
44 50 11 3 438 655
93 14 17 1 553 671
77 42 6 3 491 623
6 28 9 3 602 748
58 73 27 2 412 555
36 31 13 7 543 705
56 22 13 1 520 661
49 83 26 5 404 511
49 96 29 7 347 442
75 73 7 3 373 561
8 11 14 2 407 538
40 70 17 5 465 565
11 95 29 2 250 411
59 34 23 5 291 462
99 34 27 5 483 731
6 74 28 3 446 538
37 91 25 7 545 713
100 14 5 1 536 749
57 28 26 4 385 629
9 11 19 6 549 635
81 2 28 2 472 686
66 100 10 3 558 793
93 75 10 5 551 777
57 54 6 7 634 757
42 25 17 3 423 524
45 51 23 1 298 430
43 100 7 4 419 709
11 34 25 6 353 508
95 10 7 4 534 600
62 21 6 7 489 598
67 42 28 3 366 446
81 74 28 6 226 491
77 73 23 7 513 706
27 32 27 1 725 795
49 11 16 6 556 693
77 29 8 3 588 786
71 78 16 7 370 642
20 14 18 1 235 527
65 40 24 2 456 584
72 80 19 1 448 745
87 84 23 2 275 397
98 87 11 6 642 800
24 75 12 7 511 641
44 59 21 2 236 335
20 41 24 6 337 411
83 55 29 1 601 775
0 43 5 6 554 659
11 83 14 1 393 636
19 79 15 6 355 575
93 6 16 5 320 548
26 77 26 4 203 342
94 75 12 5 203 355
22 77 20 2 445 581
11 7 23 6 350 458
51 57 22 6 392 645
56 83 27 6 347 624
68 67 23 5 481 771
48 82 6 4 374 480
53 72 8 1 275 464
14 72 13 2 581 744
30 23 5 7 255 339
39 33 20 6 379 465
43 23 17 4 287 365
29 95 26 4 435 589
58 62 17 2 509 796
68 40 28 1 454 611
13 85 15 3 434 720
12 28 21 7 452 662
10 21 9 4 356 532
98 98 17 4 226 359
32 15 25 7 627 781
96 76 10 3 207 458
22 32 15 6 353 614
4 87 15 5 263 513
91 32 7 6 202 329
6 16 9 1 507 607
89 43 8 2 249 360
58 74 10 6 436 563
62 4 11 4 242 499
17 33 28 6 208 464
73 94 24 1 239 336
5 85 8 6 378 641
2 86 25 4 264 472
29 17 16 3 226 478
80 71 16 6 524 785
44 16 28 7 236 521
71 69 9 6 596 715
59 69 13 5 595 716
33 33 8 7 606 689
26 79 29 7 481 672
30 67 11 2 208 482
79 62 26 4 219 491
79 80 17 1 463 655
38 67 15 4 376 514
55 83 25 7 301 478
12 10 21 3 534 600
64 83 24 4 427 691
68 87 16 6 200 329
25 71 16 2 428 608
28 45 6 1 488 741
95 78 21 6 265 370
69 61 24 7 475 586
53 23 23 6 477 727
27 68 25 3 467 600
66 83 16 1 349 631
39 20 14 3 270 473
15 26 22 1 367 477
5 1 14 6 381 591
92 46 14 7 267 329
63 2 19 7 310 387
41 55 7 1 580 681
28 43 13 2 429 653
68 37 18 7 252 324
83 62 25 5 310 515
0 18 21 4 513 707
47 35 22 4 256 555
29 90 8 1 367 637
12 71 24 4 241 358
49 5 26 5 583 761
87 27 9 3 614 693
55 4 9 5 307 483
68 46 23 4 317 482
9 13 18 2 661 757
34 44 26 5 516 580
30 31 5 7 293 556
44 18 22 6 237 317
84 99 30 1 529 728
41 53 17 7 563 706
57 43 20 3 434 650
48 27 17 4 505 584
18 88 11 4 289 371
29 15 16 2 456 726
74 16 6 7 377 650
95 53 30 3 552 674
45 84 14 2 480 567
75 39 12 5 410 693
12 33 7 1 227 512
55 55 11 4 482 725
77 83 15 3 212 406
80 65 8 3 465 622
49 29 7 3 312 488
46 99 29 1 432 601
24 18 9 3 350 525
36 10 17 3 554 727
35 57 30 7 621 707
75 9 26 7 261 458
21 79 10 1 409 610
43 39 24 6 403 607
73 15 17 3 398 554
51 29 8 7 535 641
86 17 11 1 267 492
64 0 23 7 314 584
13 22 29 2 701 783
88 64 19 6 421 587
98 45 9 7 617 796
85 66 14 5 502 750
42 74 17 5 525 779
86 22 26 4 561 737
9 55 15 1 591 761
43 79 22 7 588 697
78 13 25 3 249 523
34 41 21 1 599 720
24 90 17 7 608 709
87 99 14 5 254 349
42 38 18 2 432 523
6 36 30 5 286 521
65 63 12 1 481 761
45 50 10 5 421 597
76 24 9 3 465 734
13 99 18 5 467 688
35 49 21 6 457 528
85 23 28 3 599 682
26 31 5 2 396 652
75 60 19 6 618 730
13 18 22 4 479 763
48 100 24 2 205 340
5 4 12 3 523 753
86 10 19 2 360 455
30 7 20 7 614 699
83 64 7 6 455 697
97 58 26 4 329 502
13 25 7 5 344 410
82 29 19 3 568 700
91 53 12 1 313 400
20 49 16 2 219 439
32 25 27 7 401 538
88 94 22 3 237 447
35 16 21 1 571 776
26 86 24 7 312 390
24 26 8 7 231 398
99 6 8 1 349 553
57 25 10 7 649 775
78 17 20 7 350 528
15 35 9 6 512 798
62 89 26 1 629 774
33 38 14 1 391 548
20 34 24 7 479 591
73 49 6 6 423 707
56 85 12 3 516 639
25 96 5 3 438 520
26 46 24 4 251 541
79 48 23 3 577 754
63 9 29 2 392 610
18 79 25 1 455 571
66 53 21 4 270 389
52 85 7 7 430 663
36 5 23 7 478 587
75 32 29 3 435 733
8 39 5 3 627 769
20 90 23 4 295 380
48 83 6 3 454 697
63 17 14 1 308 600
80 53 8 2 401 603
83 34 22 2 226 294
82 39 22 5 516 596
21 25 26 6 313 520
47 100 12 2 648 721
97 38 28 7 385 625
63 12 27 5 477 698
25 81 11 3 289 516
3 46 5 1 293 506
33 12 6 1 292 417
98 26 27 7 220 350
73 99 28 6 248 431
41 84 22 6 567 659
35 46 5 2 436 624
43 68 16 4 476 726
73 11 28 7 480 697
32 14 27 2 219 444
96 25 24 4 534 640
90 65 27 2 332 392
71 19 12 6 440 740
29 27 14 1 316 417
17 39 26 2 664 737
30 41 25 4 469 754
11 57 6 7 372 603
53 43 19 6 235 511
74 59 21 4 404 665
56 50 26 5 355 574
3 18 21 3 645 756
76 60 27 1 285 380
18 19 14 3 412 623
68 49 6 3 567 763
73 69 29 1 571 696
11 14 11 5 319 595
19 40 30 7 208 466
64 55 28 6 558 620
59 49 11 5 664 732
74 76 5 2 628 707
57 71 26 7 530 770
15 51 12 3 544 750
46 49 22 7 504 584
90 35 7 7 410 520
22 94 15 2 333 605
24 13 17 1 690 796
5 32 9 1 228 355
13 12 30 1 333 493
73 47 27 5 267 329
100 62 20 5 234 526
43 98 7 5 512 679
21 12 11 7 488 769
47 18 19 3 496 596
74 53 13 3 574 720
44 69 5 5 202 345
50 64 20 6 296 460
82 11 22 2 339 415
43 36 6 6 429 634
33 7 27 5 475 657
81 44 19 2 509 605
87 46 14 3 387 476
17 34 10 2 427 495
10 97 8 6 222 330
83 1 25 2 270 552
53 15 19 7 560 756
40 19 8 5 582 677
64 41 21 3 568 749
73 91 22 2 429 678
30 74 11 2 547 712
61 78 25 6 393 473
5 100 23 5 477 642
14 16 10 4 486 702
76 44 6 3 340 630
5 69 23 4 269 405
100 41 11 4 548 610
19 52 7 4 427 714
47 24 18 4 676 747
67 58 10 2 227 480
33 76 5 3 299 378
44 97 5 3 372 611
10 48 30 5 217 472
7 36 12 6 530 728
26 22 12 5 466 723
9 94 8 4 424 714
29 11 18 3 356 548
95 1 22 4 429 575
19 62 5 7 420 488
55 10 8 2 636 738
76 84 28 5 204 442
23 35 18 4 624 752
25 11 16 7 325 492
40 2 26 2 247 487
94 93 12 4 204 486
32 66 9 5 600 748
47 66 22 5 203 311
34 35 9 4 511 721
40 25 11 5 407 628
45 70 23 2 496 768
58 32 13 1 242 509
22 54 9 7 219 338
12 78 11 4 270 498
69 81 10 3 409 681
25 90 18 5 482 715
32 81 12 4 251 362
38 60 29 4 215 482
13 11 7 7 222 343
54 85 25 7 550 631
17 88 6 1 272 429
69 27 20 1 411 518
14 9 19 2 650 782
39 41 16 2 544 701
41 35 14 3 367 590
37 52 13 2 227 352
8 16 20 3 364 456
8 97 6 6 352 608
70 63 11 1 351 480
90 73 17 2 490 756
66 35 28 7 627 798
100 33 19 1 275 516
60 84 21 1 333 394
69 97 23 7 560 769
23 89 11 6 448 660
12 5 27 3 304 385
4 100 10 1 648 757
91 25 12 5 317 417
96 15 22 6 459 606
35 38 10 6 249 525
3 56 5 7 599 745
51 68 6 6 337 550
80 33 19 7 228 456
14 52 16 6 477 741
19 8 6 4 298 383
47 50 24 1 518 653
90 5 29 2 472 756
4 0 30 6 251 488
0 88 19 2 262 453
55 33 15 5 604 734
9 81 21 6 391 604
19 28 18 6 460 548
74 60 24 5 397 687
62 42 25 4 506 665
11 92 25 2 681 786
73 39 9 3 204 406
65 68 21 3 482 774
67 35 7 4 251 343
87 97 7 3 587 717
31 85 18 2 341 430
88 77 18 5 410 624
0 0 5 7 430 494
25 66 18 2 243 534
18 24 14 4 258 384
42 55 15 1 613 707
18 12 11 5 318 474
14 88 7 3 307 431
50 48 8 1 275 467
51 63 12 6 440 679
65 51 28 6 304 431
21 8 9 2 500 622
94 53 20 6 250 396
18 13 13 5 327 472
3 15 27 2 260 508
28 6 7 6 356 615
5 9 22 4 452 687
9 22 8 7 211 462
53 22 14 4 612 713
83 59 19 3 454 749
21 94 24 3 258 365
47 56 18 3 586 691
8 66 18 6 426 705
64 91 29 1 203 339
18 29 13 7 401 527
73 85 28 4 519 601
88 72 30 5 479 760
15 78 29 4 222 290
41 33 23 1 398 636
82 85 21 2 357 504
12 55 5 7 397 512
80 1 24 3 382 518
23 87 14 1 423 704
98 19 14 4 396 567
21 13 21 4 454 582
97 75 12 3 443 546
80 31 20 7 323 471
90 50 18 3 658 772
63 8 20 5 347 602
30 40 18 3 453 651
14 6 20 1 312 517
26 68 20 2 394 554
20 78 17 7 433 592
52 59 7 3 272 379
70 32 25 5 313 533
53 71 8 3 390 656
43 12 25 4 447 541
22 9 6 7 215 363
90 29 9 5 286 433
59 87 9 4 617 720
19 35 24 2 385 588
55 50 25 7 384 615
3 50 19 4 321 471
56 26 20 5 341 528
76 99 16 3 546 654
74 98 26 1 565 739
40 92 26 3 494 691
78 75 15 3 353 472
9 30 27 2 271 569
60 80 20 1 370 596
77 70 17 2 227 525
76 30 19 2 200 415
85 11 18 3 572 711
24 77 30 7 264 477
89 56 26 6 400 514
85 26 15 6 397 686
20 26 7 4 368 643
46 54 14 4 374 435
3 12 29 3 364 593
94 43 27 2 258 369
20 1 24 3 362 572
37 74 6 7 588 782
40 33 15 7 262 560
57 4 18 2 455 646
97 22 28 2 420 651
40 60 13 2 235 460
71 71 6 4 211 460
54 81 7 6 393 587
24 73 29 7 271 564
15 11 26 2 317 505
9 70 25 2 206 466
53 99 25 6 324 600
74 10 20 4 318 594
91 7 22 5 376 660
58 50 8 5 353 497
16 58 14 7 444 711
83 85 9 3 483 685
51 4 25 6 275 521
32 2 25 3 319 544
44 55 12 5 397 470
79 100 27 1 548 660
68 1 10 2 466 688
9 1 19 5 712 784
100 15 24 6 723 788
100 5 19 2 274 534
20 37 5 2 594 726
16 9 10 1 223 441
46 46 28 1 471 729
44 10 30 6 239 368
42 0 12 7 246 486
76 6 7 4 490 570
19 85 16 6 326 545
11 50 18 4 341 526
20 94 19 3 487 677
74 90 20 1 275 538
78 10 11 2 267 558
41 23 11 2 440 700
82 18 28 3 551 722
79 13 14 4 473 613
22 81 9 2 578 668
57 19 24 7 352 529
29 99 16 3 396 581
76 53 10 5 322 583
19 53 30 4 529 589
46 13 23 7 260 342
63 30 9 6 384 677
57 67 17 4 492 640
32 10 11 5 458 671
78 37 9 1 374 608
55 64 8 1 490 576
44 92 5 1 258 328
69 28 18 4 453 723
35 74 10 3 594 692
81 64 29 1 289 454
99 19 8 1 373 464
38 95 8 2 364 553
34 48 22 2 505 654
54 57 5 3 440 524
15 27 5 5 340 465
76 9 19 5 374 651
11 73 8 3 379 496
25 87 13 1 206 303
6 0 15 4 618 690
84 7 17 3 587 698
97 74 5 7 527 724
5 29 18 5 464 593
64 52 28 4 253 519
73 6 5 2 230 358
40 94 20 6 290 451
60 47 17 6 504 776
73 27 18 5 335 411
62 10 29 7 406 619
99 76 27 7 290 584
24 30 27 1 542 655
31 31 26 5 409 479
23 37 5 1 422 487
31 86 22 1 618 752
12 81 24 7 284 556
33 46 20 1 443 626
10 60 20 5 510 727
84 11 21 7 256 545
89 15 10 5 317 529
76 37 13 5 211 362
65 54 14 5 483 582
45 44 25 7 571 754
51 83 9 1 316 507
19 90 11 6 253 439
21 99 23 5 340 539
100 17 29 4 306 397
3 51 18 3 238 498
46 39 10 3 721 783
27 89 27 1 324 396
10 92 30 6 315 508
31 1 11 3 410 557
1 96 22 6 391 606
84 41 13 6 213 365
94 5 19 1 453 627
96 40 8 3 559 656
50 58 12 3 444 689
77 19 10 6 484 565
61 53 14 7 638 734
19 31 6 3 458 741
91 67 18 6 450 622
61 87 19 5 342 433
38 69 9 7 504 633
97 14 7 6 453 517
96 46 10 1 478 760
47 11 30 2 388 656
8 64 15 4 594 700
27 77 16 5 402 545
50 29 12 6 338 630
16 41 27 6 645 752
1 47 11 6 348 446
74 0 28 4 351 499
67 4 13 7 548 668
38 13 30 6 392 455
2 32 10 1 583 668
27 36 21 6 525 717
59 9 22 3 245 384
69 34 26 3 454 717
41 86 19 3 365 427
14 15 27 3 549 692
40 27 19 5 487 748
74 86 18 5 350 609
33 73 20 6 594 771
15 9 15 4 286 554
35 47 19 2 215 427
25 42 25 4 650 783
80 84 18 6 230 378
97 95 15 1 249 314
99 92 7 5 632 761
18 1 14 7 354 497
82 80 20 4 306 512
77 34 19 2 446 712
12 22 19 1 437 730
86 96 7 3 364 445
68 83 15 5 634 738
78 21 21 7 485 700
34 58 13 5 319 535
71 35 5 5 298 499
31 35 10 5 399 518
62 58 25 5 336 402
65 98 28 4 462 582
56 92 13 7 367 606
11 74 14 1 251 336
34 34 14 3 464 742
15 17 14 7 424 628
88 10 9 6 292 455
82 43 13 7 244 489
57 76 7 3 403 469
93 16 24 5 310 551
17 6 10 6 287 512
74 85 15 6 381 619
75 47 9 5 465 598
91 29 8 5 576 786
88 13 27 5 584 733
17 82 30 3 206 376
30 90 7 3 423 534
43 9 25 6 410 593
31 42 25 3 338 483
86 99 15 2 439 666
97 69 11 5 418 688
14 36 6 3 636 790
81 65 20 6 220 505
4 31 11 5 272 398
6 14 22 6 304 447
27 17 28 6 681 759
23 65 15 2 202 459
83 84 9 6 378 657
74 3 11 5 362 621
16 35 15 6 505 618
60 23 22 1 203 278
66 43 9 7 294 356
56 87 23 6 234 477
12 25 19 7 499 792
96 51 11 7 311 377
35 53 25 7 245 541
38 18 6 2 520 636
22 47 23 5 560 790
93 3 6 6 435 536
62 62 14 3 383 676
31 39 19 5 261 323
78 94 11 7 590 682
93 45 15 1 292 453
24 72 15 2 363 634
14 47 14 4 632 774
76 97 24 6 484 624
39 54 25 7 396 519
92 36 11 5 250 447
74 28 5 3 243 400
80 32 12 1 566 631
13 38 22 6 268 459
16 87 18 5 381 463
97 31 28 2 413 638
66 46 18 7 575 735
60 29 28 7 551 786
8 12 18 3 642 789
41 8 20 1 384 575
7 14 19 5 398 539
68 70 5 3 354 440
82 31 8 7 241 479
47 75 13 4 689 787
63 22 18 7 312 400
98 78 19 3 397 676
93 80 27 7 518 758
18 99 11 2 432 631
67 75 13 1 634 795
96 8 18 2 262 473
2 7 12 4 360 520
0 31 5 3 432 543
16 52 8 4 442 708
54 56 20 1 553 739
90 40 29 5 306 407
39 25 9 3 277 472
71 23 19 6 551 794
28 89 7 4 488 567
34 65 8 7 444 733
3 28 12 5 388 667
82 14 6 2 202 311
0 17 7 5 338 624
64 3 20 2 413 708
76 2 14 7 304 557
87 3 8 7 469 601
53 21 14 5 314 433
41 3 19 5 446 709
33 17 23 5 326 448
61 91 14 7 299 542
1 10 20 6 479 572
38 76 18 4 452 744
51 84 16 7 422 605
82 2 25 2 592 693
38 16 23 7 236 412
22 90 25 6 369 476
98 80 23 5 647 710
22 68 21 1 397 619
92 9 7 1 403 607
29 26 26 4 464 689
38 31 17 4 324 466
99 60 23 2 363 446
63 99 30 4 400 502
69 29 20 4 475 597
32 85 22 7 228 319
13 1 24 7 609 723
76 51 5 5 234 460
47 88 17 6 656 736
85 79 8 2 578 733
9 69 15 1 371 641
68 42 21 1 238 391
92 0 26 5 510 664
1 98 17 3 253 381
7 9 14 4 444 628
65 29 10 4 321 602
20 20 12 4 252 529
79 12 6 7 535 770
100 50 7 1 592 788
42 96 20 7 446 719
77 75 10 3 594 674
48 1 27 6 239 408
36 83 12 6 676 758
9 92 19 1 554 693
81 63 28 2 281 556
90 15 27 6 223 379
63 57 9 3 464 717
14 96 19 7 479 539
11 13 6 7 280 544
3 37 17 7 462 698
10 89 6 6 312 512
82 79 18 5 372 490
50 38 5 6 363 528
82 35 6 7 627 767
29 36 13 5 552 643
10 93 24 1 536 700
97 42 6 4 506 622
20 80 30 3 382 670
54 83 28 7 251 339
86 7 6 5 402 676
1 9 18 4 559 750
82 24 17 2 450 704
58 75 17 1 345 629
100 25 17 4 528 708
53 50 18 7 240 447
71 90 26 1 288 437
40 79 25 4 635 768
75 49 15 3 650 725
47 76 17 5 477 747
85 60 13 2 396 631
46 41 5 4 377 643
79 28 20 2 489 715
73 37 28 1 652 738
37 55 12 2 314 475
11 26 9 4 403 579
4 72 26 1 306 555
53 70 10 5 663 724
19 98 23 6 336 526
90 14 7 1 493 735
68 82 9 7 304 372
99 22 17 6 223 302
51 73 9 1 345 628
42 54 11 7 473 742
54 72 12 2 316 610
68 34 25 3 510 570
55 75 23 5 231 344
62 88 27 3 351 574
22 24 11 6 493 737
8 59 11 3 383 659
63 10 10 3 272 557
69 85 6 6 575 695
85 64 30 4 212 395
91 92 26 6 433 614
15 61 28 5 468 678
70 78 12 4 642 739
57 6 7 4 472 742
44 66 25 6 271 425
68 68 28 5 547 785
77 40 27 5 229 325
11 21 10 3 220 441
47 33 16 5 371 657
81 29 30 4 316 522
26 33 7 2 328 497
15 10 12 4 567 745
71 56 11 1 209 492
27 78 29 6 294 464
78 6 11 4 313 504
37 16 24 4 683 768
3 16 25 3 520 602
31 18 8 3 414 485
19 48 17 4 281 439
39 42 29 7 577 671
32 21 24 2 488 574
73 61 20 3 239 445
89 83 12 6 576 787
25 48 7 6 359 565
83 63 22 4 267 504
70 30 8 5 297 451
10 62 6 5 467 691
62 66 7 5 267 478
75 61 8 1 410 492
34 47 25 3 478 745
11 78 24 6 655 719
74 39 21 2 354 635
