878
62 0 0 0 0 0
76 95 27 5 662 752
68 91 28 1 545 799
51 98 6 5 638 710
58 96 22 4 531 670
61 3 20 3 510 627
15 88 20 3 629 734
82 10 14 1 619 748
7 74 25 2 399 626
90 64 21 5 517 770
97 38 20 6 369 647
26 33 22 5 412 634
98 20 27 7 389 654
99 65 23 6 397 682
20 37 24 5 612 773
76 40 18 6 609 693
51 50 14 7 614 685
47 0 23 5 302 561
42 44 9 2 499 636
47 48 17 4 539 731
93 91 6 7 347 467
19 74 18 5 509 765
2 81 14 6 306 394
73 72 21 6 455 533
91 82 15 3 651 754
84 60 19 5 547 777
19 98 25 5 493 612
76 66 24 4 505 735
85 83 11 3 494 717
58 44 28 5 408 651
13 49 11 7 282 394
40 77 14 7 563 659
17 83 7 4 550 612
7 75 6 1 229 512
69 58 20 1 686 765
22 64 16 4 510 613
87 95 17 3 454 641
7 57 25 1 463 699
77 49 11 3 601 762
20 87 6 7 387 461
9 36 17 1 288 441
11 73 19 7 521 625
0 50 11 7 540 759
78 57 12 4 416 582
84 20 10 1 327 595
50 32 20 1 370 568
32 53 21 7 215 342
13 43 11 7 540 750
13 92 6 7 305 501
7 80 11 6 295 486
2 87 26 5 409 653
64 32 15 3 496 748
34 94 30 6 449 556
0 7 23 2 318 536
21 48 28 3 457 664
78 36 20 7 575 766
40 95 12 4 627 778
12 100 14 7 277 338
83 72 27 7 298 364
82 60 17 6 452 610
20 68 24 6 273 338
49 77 20 1 274 534
89 3 27 3 299 504
63 63 13 3 440 702
86 72 16 1 433 631
52 6 16 6 252 334
42 3 11 5 351 588
6 39 14 3 376 615
42 86 26 4 467 608
15 36 13 6 527 690
70 56 8 4 525 664
34 42 27 6 539 616
25 38 29 2 540 603
85 93 27 7 337 602
23 26 24 4 308 516
53 6 11 7 204 410
13 27 19 4 266 339
98 10 30 4 295 495
49 70 19 6 270 389
83 13 10 3 398 528
21 81 21 7 258 519
41 5 12 1 463 577
63 32 8 4 411 623
68 88 18 5 533 719
6 59 8 4 491 656
21 13 30 5 598 754
80 63 29 4 318 593
76 80 10 3 593 698
41 59 14 6 386 514
56 91 26 3 324 408
26 78 18 4 325 465
50 84 29 2 446 640
97 84 24 2 501 654
52 21 16 6 222 426
80 51 16 6 457 597
47 24 25 4 287 425
52 85 8 5 248 395
57 63 7 6 283 405
59 68 15 3 217 427
58 54 12 1 702 790
10 7 8 7 497 640
74 45 15 1 449 592
6 53 12 7 436 594
25 58 14 6 320 613
79 99 9 5 263 399
71 30 10 7 600 768
87 61 29 3 458 674
92 26 18 4 227 403
9 42 18 3 481 668
20 26 14 7 428 645
21 49 7 3 257 534
61 64 17 4 557 705
15 65 13 1 329 576
63 61 14 6 203 271
1 51 8 3 350 415
20 10 25 1 431 496
25 17 13 5 566 725
11 10 29 4 419 483
59 97 22 7 447 531
64 96 17 4 216 483
18 29 14 2 287 551
0 5 16 7 527 618
78 88 22 2 440 589
8 25 11 4 526 699
59 65 8 1 619 722
45 10 28 7 402 539
90 44 21 1 288 500
7 8 6 4 523 798
89 52 25 5 420 489
43 19 26 2 631 775
42 81 24 3 698 770
93 1 21 4 408 650
58 7 22 6 387 647
67 33 16 1 499 597
61 39 19 6 204 360
10 30 22 1 468 601
4 12 23 7 506 722
43 57 15 5 216 360
61 100 25 3 676 747
7 92 5 5 465 754
6 87 28 1 358 608
27 18 18 7 406 583
72 2 6 6 653 774
22 89 26 2 426 558
15 26 17 3 255 554
62 40 24 7 503 647
10 85 26 2 474 725
47 5 25 1 332 563
61 20 28 6 346 620
17 69 26 6 320 410
93 2 16 3 583 752
19 69 19 6 710 796
66 53 5 2 368 587
92 37 30 2 374 604
77 12 18 1 369 620
75 3 17 3 544 664
29 53 28 3 298 580
92 31 13 6 257 337
98 61 10 7 597 661
79 68 26 1 254 316
37 88 29 5 509 711
96 69 12 7 440 650
53 56 28 4 300 506
38 67 22 5 384 482
100 100 12 2 413 676
82 33 24 3 282 386
87 77 27 3 478 734
50 79 7 1 325 537
86 1 29 6 338 423
11 64 7 3 718 782
46 48 5 5 340 524
71 73 24 2 541 675
37 85 29 7 639 799
84 9 7 4 516 606
59 53 23 4 508 592
95 75 20 4 323 471
51 54 30 6 437 653
2 80 10 7 601 740
56 21 24 6 210 407
80 79 26 7 496 771
70 53 20 5 613 722
79 24 25 2 627 778
92 3 6 7 589 699
36 1 19 3 348 511
18 36 18 6 470 663
32 88 30 4 266 483
69 46 12 1 272 529
71 47 18 4 401 681
46 13 21 4 241 366
62 65 20 7 471 572
11 26 24 7 436 564
45 53 10 1 237 446
93 34 5 3 625 736
32 51 19 1 574 729
66 84 11 1 252 544
77 41 22 7 431 665
40 92 5 4 420 553
40 100 24 3 323 536
21 83 23 6 616 701
81 66 7 6 514 623
48 15 6 7 358 534
63 20 19 6 252 413
25 85 15 2 595 713
99 74 16 3 257 405
83 76 18 6 414 510
100 11 14 2 541 655
9 54 17 2 236 381
86 92 8 2 208 377
77 39 8 6 291 402
86 34 26 2 400 643
92 20 29 7 438 593
96 7 8 1 359 474
15 59 21 1 606 762
10 13 11 5 376 454
8 82 20 2 241 526
82 14 23 5 221 486
60 68 19 7 474 548
98 80 30 7 668 730
98 27 25 3 318 538
26 32 23 7 417 564
97 28 18 1 529 701
20 25 27 6 630 758
14 4 16 7 583 674
66 17 11 3 501 658
88 66 16 7 497 613
93 73 16 3 694 797
66 40 26 6 209 489
59 96 20 4 369 571
76 67 23 2 378 664
64 75 14 7 306 521
80 85 11 5 400 576
81 82 14 1 535 623
17 75 7 5 282 554
76 55 30 5 415 500
22 77 8 4 242 387
19 18 22 6 313 491
55 95 28 7 322 603
79 41 13 3 440 636
8 57 30 3 232 516
1 22 23 7 540 656
93 78 19 4 532 769
94 30 12 6 392 644
24 21 13 6 282 453
63 90 26 5 281 482
55 56 6 7 314 429
98 7 7 4 254 372
70 79 25 2 398 645
34 30 22 3 294 555
67 29 6 7 508 781
4 81 9 3 409 598
22 51 24 3 280 346
90 31 10 7 508 719
72 89 12 5 303 499
38 71 16 7 598 777
15 18 15 1 335 406
8 68 21 5 348 471
23 87 9 4 522 764
95 11 20 7 398 598
78 96 29 3 209 465
52 34 14 5 560 661
50 43 10 1 341 489
83 17 23 3 229 357
85 68 30 4 229 464
71 94 13 5 307 594
66 11 30 2 499 745
99 67 24 4 227 361
90 62 24 5 543 724
99 93 24 1 211 280
76 24 20 2 608 772
16 85 13 2 476 756
17 19 7 1 469 717
78 2 6 5 347 500
64 24 28 4 228 512
3 13 24 4 226 403
90 10 6 4 500 668
40 87 17 3 357 580
57 45 30 3 538 646
57 24 10 6 445 623
42 71 16 5 613 784
97 8 5 6 692 754
33 59 11 5 335 595
98 52 9 5 626 757
88 90 7 5 666 726
65 61 28 4 456 587
41 7 24 1 696 800
62 62 13 3 544 616
7 34 11 6 323 412
53 75 28 7 279 483
88 56 30 1 367 590
71 63 5 2 505 780
64 16 15 7 270 336
30 5 17 4 267 525
11 74 8 1 274 388
75 2 22 7 388 609
69 50 22 7 499 702
63 23 9 2 673 752
96 11 13 3 282 572
44 9 21 5 341 429
49 57 18 4 416 673
55 43 24 2 353 478
26 93 16 4 370 449
89 16 30 1 645 753
54 78 18 1 250 339
59 88 24 4 454 536
30 75 16 4 303 524
81 45 16 6 273 477
94 28 23 4 471 607
22 52 30 7 235 433
89 47 11 3 554 626
86 42 21 3 581 646
75 55 17 6 477 646
2 38 22 2 392 609
50 13 23 5 202 415
6 10 8 4 479 736
94 14 13 6 548 693
6 4 24 7 223 471
71 78 5 4 372 514
58 27 13 6 584 725
33 82 24 2 572 683
99 60 18 2 602 700
85 67 25 5 220 312
13 56 27 5 577 641
10 67 16 4 533 719
40 76 24 2 438 525
15 44 29 7 436 588
59 26 18 6 503 749
95 29 20 2 500 642
35 22 20 7 448 594
24 50 6 7 432 500
40 54 24 3 286 377
24 14 16 1 485 742
8 8 23 1 336 616
59 41 25 1 428 697
86 71 20 5 594 660
4 14 14 3 407 589
33 9 24 6 253 426
48 78 10 7 353 550
82 45 14 6 254 356
93 48 6 5 213 425
83 57 14 1 438 610
94 50 5 7 495 577
44 10 19 3 439 534
84 42 19 1 232 297
79 93 20 5 611 693
46 97 25 1 492 699
13 78 28 4 321 568
10 88 27 1 215 435
87 93 21 5 513 709
33 56 8 2 389 545
26 88 13 7 705 799
82 98 10 4 369 609
73 44 17 2 207 354
66 7 20 2 465 616
19 30 20 1 382 571
40 72 29 7 204 340
6 24 24 1 273 369
28 57 29 3 341 577
48 33 21 7 249 311
78 58 7 4 459 709
34 63 16 6 238 523
50 94 26 5 557 747
80 98 10 4 262 515
16 50 6 1 547 675
100 92 9 2 213 469
28 54 14 5 201 474
28 94 18 2 378 555
41 41 18 5 368 655
53 81 11 7 353 569
55 87 21 2 207 425
60 4 5 6 387 680
92 78 14 6 375 471
68 51 28 6 202 417
85 81 24 4 324 477
87 30 21 4 247 409
28 100 20 1 551 702
36 4 30 7 451 665
21 72 22 4 483 780
11 80 22 4 402 584
44 54 26 2 369 492
98 41 12 4 380 483
55 47 12 7 609 752
56 38 8 2 467 596
85 89 9 5 414 572
14 78 15 1 583 755
25 60 17 5 474 599
11 93 9 6 219 350
99 68 24 7 479 540
5 92 19 7 609 680
53 1 22 5 466 567
1 46 11 1 339 477
30 29 6 7 629 766
97 25 24 5 440 660
52 52 15 5 233 346
23 12 16 1 695 755
9 78 10 2 525 710
5 12 26 5 459 582
38 56 25 5 385 641
79 74 9 1 463 563
99 0 28 1 214 404
27 42 22 5 466 609
95 48 26 7 257 399
32 41 18 7 297 432
74 92 13 5 487 698
100 80 17 2 716 790
44 49 20 7 563 744
80 7 27 4 508 774
17 100 10 5 612 688
11 45 5 1 307 548
11 14 21 1 208 289
74 60 28 4 559 763
36 86 19 4 370 663
85 54 29 3 241 437
29 65 26 1 553 615
25 24 17 2 242 352
23 60 25 1 303 525
51 30 10 3 295 581
67 43 14 2 315 464
15 32 12 7 381 670
20 62 18 2 630 748
77 31 5 6 272 395
16 73 25 2 662 746
100 89 9 3 361 529
4 46 30 6 673 775
46 22 6 1 243 437
58 6 19 3 453 672
39 99 27 6 209 380
9 89 21 1 463 756
84 93 29 1 314 575
88 9 10 4 645 779
43 67 13 3 418 480
80 3 7 5 417 607
84 24 22 7 512 602
63 19 7 6 644 799
80 83 6 2 512 575
76 16 30 6 672 790
68 100 5 5 591 798
38 86 12 6 450 740
46 10 27 6 333 623
5 70 8 6 204 450
94 46 15 6 208 332
86 80 13 5 295 478
25 68 8 6 239 428
46 8 10 7 514 716
63 10 23 2 291 582
74 47 30 4 266 453
11 13 16 4 541 622
52 8 11 3 376 536
100 74 24 2 560 752
97 91 25 7 492 623
58 21 5 3 472 664
12 96 24 6 524 598
77 56 26 3 266 346
9 3 11 1 232 518
74 7 23 2 278 400
37 59 18 7 482 676
19 53 21 3 229 507
84 63 25 2 219 409
23 22 12 2 496 573
99 21 16 2 280 482
90 25 23 5 366 460
10 6 13 2 580 725
83 43 10 7 228 423
23 36 9 3 571 655
61 9 10 5 235 314
10 70 25 5 422 556
83 71 17 1 672 788
31 76 7 4 588 726
86 81 9 7 257 427
4 8 24 4 415 592
45 57 19 7 372 557
93 54 27 2 446 541
55 26 26 1 274 431
37 14 15 4 546 765
32 45 7 4 517 630
89 93 20 4 352 513
51 84 8 7 237 455
89 50 24 5 216 450
52 79 13 2 614 800
17 87 6 6 206 308
91 90 24 7 220 319
38 91 23 7 471 598
45 20 24 6 455 610
22 42 15 3 598 732
42 63 18 6 232 298
30 37 24 5 211 339
49 72 12 2 357 587
70 33 8 1 301 557
88 99 30 7 396 635
80 33 21 2 572 769
58 46 6 6 586 777
78 10 11 3 579 639
62 11 21 2 277 577
97 100 20 5 520 733
48 45 28 2 412 572
83 51 11 3 233 414
15 7 14 7 349 648
26 58 12 2 327 399
73 76 11 1 480 571
29 96 21 3 277 362
66 31 29 3 306 539
7 1 27 6 536 757
61 11 15 3 547 724
63 72 13 5 548 649
49 81 29 2 682 797
41 53 20 1 493 720
60 0 15 5 214 280
60 1 6 4 208 420
99 29 24 6 270 369
6 44 17 2 481 669
30 50 28 7 487 588
85 97 25 4 482 769
2 34 8 6 241 430
43 6 11 3 288 493
73 80 24 2 229 443
5 46 20 3 608 767
34 87 20 2 225 456
100 13 22 1 212 363
87 67 16 4 318 556
34 97 8 1 588 751
24 24 18 1 620 732
50 71 21 4 353 466
89 53 11 7 298 398
57 59 7 6 424 681
21 40 7 5 305 418
24 79 7 3 469 671
34 71 11 2 530 707
59 69 11 7 608 782
54 58 29 7 553 615
72 88 20 2 408 657
4 63 14 5 622 706
92 23 22 6 582 647
20 31 19 1 690 799
96 21 7 7 244 508
0 97 18 5 516 713
69 15 10 4 204 386
90 90 5 2 402 566
56 78 20 2 530 684
95 91 25 5 283 553
28 90 28 1 344 477
88 77 12 3 656 741
6 33 18 7 457 704
53 71 5 2 225 446
5 18 11 3 325 471
55 51 28 3 231 404
14 93 5 3 320 442
97 48 7 2 389 621
72 43 11 4 647 779
93 55 23 5 327 395
91 79 23 7 468 683
61 93 10 6 693 787
40 56 13 4 207 320
37 22 9 1 502 741
20 99 22 7 373 448
28 46 24 7 406 625
84 17 8 6 435 729
37 78 29 4 506 728
8 53 15 4 213 440
66 9 14 1 602 774
68 63 28 6 375 622
20 93 18 4 594 787
28 67 26 2 507 740
46 53 12 4 387 674
4 57 11 5 287 417
34 2 22 4 250 328
89 99 16 2 439 511
81 6 21 2 282 548
31 33 19 2 617 713
77 27 22 4 257 317
35 84 10 5 286 443
37 68 26 4 368 509
40 38 20 2 621 741
94 41 11 3 491 713
88 43 27 1 404 654
48 56 28 5 253 315
60 33 22 6 337 542
1 83 24 2 524 606
30 6 17 1 408 590
76 23 26 7 225 521
34 26 15 2 200 408
39 12 26 1 603 707
64 65 27 2 263 503
53 0 21 6 680 767
72 73 7 5 356 501
54 99 12 3 207 479
56 41 5 5 536 774
15 58 21 5 331 403
88 72 24 7 299 401
30 27 5 1 249 486
35 47 12 2 597 706
15 31 16 7 635 766
100 43 12 4 573 637
67 94 20 4 292 496
28 37 11 3 320 535
69 67 23 7 491 553
30 41 13 6 447 556
38 50 24 4 543 607
58 52 25 2 418 531
25 48 16 5 363 572
92 36 27 5 411 666
30 46 20 7 326 530
38 6 15 5 309 497
32 99 28 1 286 529
83 25 23 1 697 778
74 74 30 3 333 421
81 10 14 1 361 448
80 70 8 1 254 406
69 48 15 5 530 707
4 89 5 3 428 707
11 34 11 7 608 725
27 9 30 7 616 762
85 72 9 1 511 744
75 32 13 3 559 631
98 34 6 2 550 613
87 23 21 3 357 504
60 51 26 4 421 513
58 66 19 4 253 425
72 20 19 1 393 592
99 63 5 2 628 734
85 17 16 4 372 632
41 49 24 6 530 606
38 54 5 2 406 661
31 65 15 1 562 728
41 50 24 1 689 758
58 93 21 5 522 616
95 84 19 3 478 691
10 77 26 5 481 686
25 31 25 1 595 702
18 80 5 4 207 384
69 44 11 6 404 646
26 9 28 6 408 695
93 20 29 7 539 682
31 17 18 4 657 796
86 93 17 2 565 681
3 6 10 7 435 554
53 28 22 1 270 346
66 94 8 2 437 631
0 38 5 3 454 613
30 77 15 2 277 473
30 35 17 1 210 310
36 85 22 4 646 721
61 63 17 5 301 452
5 0 25 5 212 302
4 9 18 7 218 418
93 36 27 2 634 712
14 21 12 4 700 767
67 56 22 6 535 756
58 89 8 2 639 752
70 87 11 2 414 522
29 51 16 2 588 798
2 29 6 1 379 633
79 13 9 3 328 520
82 12 11 2 438 727
43 28 25 1 202 415
12 90 12 4 564 656
81 81 14 7 524 731
39 46 9 5 554 764
49 7 21 3 418 478
29 64 21 2 410 564
3 35 19 1 336 573
20 89 8 3 438 539
100 38 10 5 589 659
44 96 19 7 667 782
73 6 24 5 358 650
79 56 5 4 440 563
40 88 15 3 405 656
50 44 9 7 283 402
79 53 12 1 485 563
6 45 11 6 353 442
61 6 22 1 479 673
77 22 22 5 651 791
30 12 18 7 307 369
6 57 8 5 329 534
51 10 6 1 320 575
54 4 14 1 308 505
52 49 10 6 465 677
28 10 19 5 619 799
48 67 28 5 264 441
47 97 25 1 480 766
47 87 9 4 676 798
2 30 21 3 483 642
8 73 19 1 318 612
39 30 10 2 431 724
33 32 15 6 363 606
87 91 16 7 601 728
13 59 5 1 419 642
96 4 28 7 357 536
56 54 20 1 592 689
39 39 23 7 379 462
74 58 24 6 435 638
43 63 26 1 272 511
35 14 22 5 416 508
83 34 20 3 324 417
23 75 8 2 358 551
10 94 21 2 402 566
73 23 28 6 425 551
33 45 9 6 522 728
65 59 14 7 458 683
17 74 7 2 253 468
20 80 22 5 399 469
77 37 24 5 324 404
70 40 25 3 266 441
58 57 20 6 482 711
84 7 28 1 603 741
49 93 26 5 465 730
85 50 26 7 250 400
93 71 25 1 381 603
49 62 16 7 465 569
71 33 7 2 290 429
55 46 9 6 348 539
0 29 13 1 464 742
0 32 26 7 259 551
25 100 24 6 486 598
24 75 10 6 377 453
53 67 23 1 679 760
9 29 7 7 247 517
46 44 23 7 280 560
67 66 15 6 350 592
27 13 11 1 434 629
88 60 25 4 353 446
66 69 25 5 591 687
13 13 8 2 296 449
97 86 20 1 510 775
83 18 6 3 304 457
48 6 26 1 573 786
30 76 22 3 408 642
66 65 19 2 447 675
67 3 14 5 645 768
66 18 15 3 434 718
84 44 7 7 570 732
63 48 28 1 448 557
71 32 8 6 386 678
84 96 25 4 548 665
11 36 29 2 395 477
33 27 29 3 303 471
29 76 10 4 278 501
3 43 22 2 497 670
83 73 17 7 309 558
67 20 10 2 338 624
27 41 7 5 436 571
22 8 30 1 679 793
88 70 21 2 557 657
82 7 15 2 308 517
83 50 19 6 694 770
18 72 17 1 272 457
55 14 5 6 448 632
20 49 26 4 478 623
51 3 25 2 469 561
82 100 12 6 398 659
81 8 16 5 463 705
58 26 22 2 443 728
90 61 9 2 494 619
77 95 18 7 568 787
47 93 13 5 334 606
36 5 13 7 575 796
25 23 30 3 602 679
26 99 17 5 479 575
43 21 22 2 556 796
55 52 25 3 338 577
69 80 27 7 299 399
54 38 28 5 709 771
56 17 5 7 502 628
94 99 22 1 402 488
72 83 22 1 364 432
68 72 22 7 653 771
57 47 10 4 428 700
17 52 9 6 556 751
21 20 10 6 516 650
12 18 24 2 468 619
55 21 6 3 336 606
67 68 16 3 403 674
41 65 22 7 348 413
66 39 16 1 468 721
79 85 23 6 531 650
36 46 23 5 449 739
84 39 27 4 311 430
12 45 6 5 711 782
9 99 14 1 260 541
65 85 10 7 329 566
90 84 5 5 280 429
60 90 14 3 445 559
35 91 7 4 500 599
47 11 16 3 561 669
15 3 27 7 311 527
46 56 8 7 421 618
24 55 12 2 298 363
44 23 21 4 598 673
32 54 16 2 433 630
81 92 24 6 289 530
24 16 28 6 577 733
70 61 7 2 459 666
13 34 12 3 518 770
91 88 14 7 417 506
59 45 30 5 361 520
62 9 28 7 449 530
94 22 25 3 226 343
40 3 11 5 322 527
78 7 20 7 465 759
94 26 11 3 238 454
48 48 10 5 410 703
72 31 21 2 709 772
88 100 13 3 497 649
99 13 9 1 527 713
23 83 20 3 499 627
16 67 9 7 270 561
98 11 22 7 462 529
1 33 23 2 370 460
20 91 19 1 584 773
59 73 26 3 475 698
8 83 14 7 411 708
38 1 12 1 262 441
51 53 17 7 384 616
77 62 29 7 355 488
6 1 26 4 281 534
75 72 8 7 358 498
80 84 12 4 349 494
31 90 30 5 440 677
86 91 22 3 535 793
56 85 28 3 629 721
27 99 20 2 306 462
13 21 6 1 467 667
40 25 10 7 281 549
70 99 28 7 689 750
9 10 23 1 692 777
82 38 28 2 335 473
65 18 18 1 553 657
99 39 12 5 538 650
55 70 17 1 588 709
5 37 14 2 456 683
12 62 26 5 547 638
54 2 16 7 230 484
35 57 19 6 570 691
30 18 6 7 552 788
21 99 19 6 401 465
36 98 19 7 299 443
72 98 20 5 304 449
81 11 17 6 540 776
32 7 12 5 547 635
37 33 17 6 250 357
91 28 28 7 345 564
10 34 6 6 203 299
3 10 30 3 330 477
65 97 21 6 618 744
8 1 26 4 475 601
96 77 19 2 521 604
77 76 10 2 500 748
82 67 7 2 643 779
43 86 16 7 513 725
90 6 28 7 373 571
87 54 5 5 332 417
2 71 13 1 386 588
91 89 23 6 587 701
95 34 11 4 452 681
47 31 27 4 225 510
76 25 16 2 403 483
83 20 18 5 671 741
18 54 30 5 402 701
21 52 9 5 334 534
10 37 17 6 426 715
7 24 8 7 248 482
85 53 10 6 350 518
25 53 14 2 339 474
69 61 28 4 213 479
80 10 30 5 456 572
38 88 9 1 308 472
82 72 13 6 434 524
17 53 22 4 231 485
39 14 29 2 538 617
88 54 15 4 202 489
9 71 11 4 431 584
74 95 16 6 584 795
48 44 21 7 475 538
93 95 30 1 235 357
67 52 19 7 299 409
12 21 5 6 456 588
28 87 18 4 325 574
88 95 9 5 587 680
85 15 5 2 476 573
96 88 6 3 616 747
