646
33 96 0 0 0 0
22 43 28 7 483 686
93 46 6 6 264 373
22 87 23 5 557 780
20 34 24 4 510 685
26 60 30 1 326 465
53 59 28 3 581 738
59 55 11 2 577 751
19 8 19 2 277 550
27 17 9 3 541 662
56 64 17 3 362 564
10 62 20 3 350 528
64 71 28 5 380 530
61 7 6 3 581 746
81 73 23 7 587 744
47 3 21 3 301 416
23 35 17 4 270 529
13 88 8 2 327 475
79 46 18 5 299 419
91 81 29 7 338 487
83 28 24 1 304 522
40 6 29 1 323 479
75 38 6 4 471 615
9 70 16 7 368 551
44 20 22 3 345 421
70 61 28 2 324 544
90 97 27 3 409 482
26 81 15 5 466 597
53 20 25 1 361 602
68 70 30 1 504 671
4 49 5 5 222 447
66 25 29 6 602 697
55 29 26 4 344 486
89 57 25 3 561 660
80 86 17 1 625 763
64 60 5 4 212 364
36 32 29 6 433 540
9 9 23 3 592 752
11 84 17 4 664 792
70 94 5 5 210 307
90 50 16 5 265 452
9 72 11 2 645 721
4 67 9 6 489 555
28 96 29 4 252 450
92 49 10 4 359 485
70 91 6 6 636 755
15 96 12 6 348 529
99 58 9 5 458 753
99 38 6 7 222 419
35 3 21 7 520 783
16 30 28 4 435 517
67 37 24 4 467 626
77 56 18 6 219 391
82 65 18 1 453 684
14 92 28 1 317 409
34 26 22 6 652 788
96 10 18 1 649 791
19 54 28 6 316 580
51 89 25 3 613 674
12 82 29 2 455 693
69 37 17 4 436 704
32 8 27 2 597 694
48 10 20 6 235 405
13 94 16 5 546 685
3 36 29 2 461 631
22 91 19 6 204 355
8 99 12 5 316 390
53 79 21 7 453 625
95 17 17 3 556 759
95 23 28 1 319 424
4 35 27 7 358 478
38 2 13 6 292 436
17 29 28 7 708 799
79 79 27 4 655 755
46 9 24 6 626 792
34 14 28 7 491 606
39 92 21 1 501 683
2 14 10 4 431 550
41 53 14 1 462 707
18 99 5 2 252 511
99 22 24 5 393 554
8 3 24 5 287 355
38 19 26 2 500 797
20 89 21 1 494 660
71 24 23 6 441 635
19 21 12 1 252 361
14 70 23 2 271 388
97 78 17 3 458 576
57 69 28 4 628 783
61 10 22 5 461 604
69 100 24 1 719 785
3 13 28 6 543 742
57 32 17 6 255 331
66 32 20 6 694 766
65 91 15 4 492 717
51 74 26 1 373 671
20 16 16 5 257 501
41 90 26 2 608 752
28 80 18 2 224 352
62 16 20 7 646 742
20 24 19 3 592 736
71 33 29 1 368 441
35 2 25 7 377 438
97 46 10 4 526 612
19 31 6 1 306 537
50 29 28 2 309 391
84 68 27 5 359 602
93 71 30 6 309 382
81 21 19 1 474 553
23 18 19 6 334 497
82 16 18 5 444 722
92 61 5 2 668 776
48 68 12 4 701 763
29 89 21 3 263 557
30 34 29 3 515 619
20 54 13 7 326 486
7 39 12 2 595 754
93 15 23 1 212 320
75 99 25 7 248 419
21 54 26 2 349 585
17 56 19 4 265 385
9 62 6 1 432 528
63 99 7 3 505 774
28 87 10 7 472 670
39 97 29 3 311 486
97 53 11 5 461 590
61 69 19 4 555 734
100 76 24 5 359 504
45 83 26 6 436 668
71 31 21 2 432 543
82 8 23 2 347 538
9 81 30 4 477 661
37 15 29 3 299 390
99 79 7 7 277 491
23 88 24 4 313 566
92 63 11 7 546 709
87 5 27 1 272 564
41 23 19 6 201 477
6 81 6 2 478 641
88 70 6 5 321 467
17 99 19 5 473 679
47 89 21 3 282 426
87 29 22 1 490 683
62 9 30 4 428 604
83 26 8 2 494 701
37 70 29 5 478 542
11 23 28 5 490 703
71 75 27 3 318 530
1 80 15 7 489 648
33 13 12 5 355 520
65 76 13 5 684 790
93 48 19 5 309 391
25 37 18 5 260 385
50 97 23 2 615 791
49 50 26 7 243 417
79 87 22 6 322 615
74 65 16 4 305 419
17 32 19 5 404 545
32 61 17 2 691 774
68 97 20 4 402 675
90 3 29 4 504 565
74 38 21 3 491 614
61 33 12 5 355 634
20 38 23 1 257 482
70 71 11 3 656 756
96 77 26 5 356 527
35 24 26 4 318 616
60 95 11 4 322 613
83 67 10 1 255 508
8 26 12 3 384 655
69 51 30 1 431 587
42 4 29 1 604 691
19 61 8 7 457 560
66 19 24 2 423 622
52 88 6 5 259 336
58 52 29 7 269 485
46 10 14 3 258 383
49 44 30 5 644 761
50 52 20 6 608 684
93 0 27 1 606 770
41 76 13 2 433 626
93 34 22 7 623 716
72 19 19 5 416 491
1 95 18 3 655 736
45 89 9 5 263 456
50 12 27 2 597 754
69 52 30 1 314 488
60 2 22 1 518 740
71 52 13 2 628 707
94 24 26 2 353 426
98 36 27 6 435 618
11 68 28 7 525 629
89 34 23 7 639 771
65 88 20 6 476 658
38 55 15 3 369 602
34 70 30 6 527 620
97 13 8 6 580 752
99 66 30 4 479 566
14 82 9 6 240 498
1 33 23 6 329 488
36 86 6 6 425 529
28 50 8 4 247 534
7 58 27 7 561 765
94 9 17 5 391 576
26 32 11 7 462 724
71 22 21 5 464 606
35 78 26 3 249 317
81 72 10 6 290 566
59 8 25 6 583 645
12 44 10 1 454 609
85 11 30 3 493 585
80 29 13 5 544 669
23 74 6 6 450 750
43 6 17 6 207 498
45 39 6 5 232 305
85 5 16 4 397 536
93 47 21 3 288 521
27 99 28 1 569 720
97 0 30 6 529 627
32 72 14 7 329 444
96 35 17 3 280 493
7 54 28 2 498 596
58 3 11 5 436 657
71 10 17 3 420 528
94 49 14 3 214 501
18 58 20 6 325 557
63 13 8 6 339 462
32 3 6 3 282 473
12 96 17 1 421 649
67 65 26 6 377 676
27 12 5 2 680 746
41 97 10 5 344 625
70 93 16 6 369 435
72 10 6 1 472 748
25 66 23 4 567 742
61 98 5 2 379 551
12 3 18 5 533 611
5 72 21 3 349 429
13 58 6 6 278 496
55 73 10 1 529 754
52 84 25 4 501 800
71 57 20 7 539 609
88 40 13 4 620 722
81 61 25 7 480 605
93 77 23 2 284 451
68 62 16 4 519 660
76 51 27 1 596 783
86 51 16 6 217 410
3 5 11 4 494 579
54 58 30 5 373 599
50 25 16 6 260 507
30 14 5 5 388 475
87 54 12 1 498 594
3 21 18 4 421 573
68 73 30 2 649 719
43 8 11 6 320 464
21 60 11 4 574 706
46 61 18 7 306 533
99 52 19 3 386 616
72 26 21 7 534 608
18 76 22 5 479 673
96 23 7 4 382 572
16 46 8 3 504 584
91 39 5 6 398 664
91 69 9 3 604 795
12 65 28 4 316 570
66 36 17 2 660 768
13 86 29 6 442 738
63 47 7 3 586 776
15 70 7 6 470 650
67 75 9 2 299 402
83 21 20 5 244 495
95 49 19 3 416 526
97 92 14 4 310 578
62 43 20 5 259 527
29 58 11 2 465 648
1 75 29 4 573 792
2 37 27 1 346 463
87 53 30 4 221 356
68 58 15 7 503 677
76 45 25 5 312 440
79 89 28 5 337 537
86 1 29 3 546 800
71 7 29 6 483 555
33 8 15 1 214 326
40 26 11 1 687 772
60 100 10 3 334 569
76 47 5 4 567 653
50 48 28 3 573 797
40 96 26 5 384 619
71 68 21 7 332 601
88 42 27 4 515 749
64 21 18 5 379 568
26 35 17 3 512 580
35 59 16 1 440 642
61 23 14 7 384 452
87 64 24 4 405 679
89 74 5 7 236 484
34 36 25 1 317 519
88 5 18 4 395 476
2 5 26 5 288 361
94 60 8 4 581 766
62 1 10 2 462 625
90 36 8 3 625 784
62 75 24 7 384 505
94 84 9 4 256 357
33 67 29 1 246 506
0 69 9 3 373 530
11 8 10 1 412 560
50 82 19 3 499 727
13 66 17 2 625 750
17 83 24 4 636 760
54 38 12 7 506 649
3 87 23 3 404 682
57 78 27 5 201 423
80 50 21 6 589 729
4 31 28 7 387 673
41 99 10 7 501 589
76 1 8 3 504 656
85 31 16 7 379 461
41 87 17 2 492 787
45 24 6 3 288 567
27 57 10 3 215 329
97 17 7 6 613 699
68 5 14 7 415 567
49 29 13 2 372 489
89 56 20 2 499 561
1 50 8 2 324 518
26 54 13 2 432 655
33 53 7 4 431 663
32 28 16 1 645 799
3 9 20 3 295 414
65 12 5 2 316 406
27 80 5 7 314 594
87 52 16 3 522 598
29 100 26 3 292 368
68 72 19 5 431 594
23 4 25 7 279 388
97 29 10 3 552 731
73 88 13 3 292 431
54 33 29 1 576 720
80 71 26 2 488 744
91 54 27 3 486 581
27 59 25 1 323 527
7 94 20 5 547 781
39 73 7 4 447 619
50 74 24 2 348 552
51 99 30 3 337 404
58 41 8 6 610 670
6 57 7 6 297 441
57 20 8 7 680 742
38 0 26 4 457 521
4 12 26 5 410 696
96 68 17 6 511 634
56 26 27 7 277 489
51 5 7 4 411 647
78 0 9 6 519 778
55 74 27 6 255 525
72 4 23 6 274 543
89 42 9 6 267 412
80 67 12 4 374 498
71 64 15 2 504 746
81 16 14 4 423 548
91 61 24 4 375 582
62 2 29 2 430 694
25 94 25 6 532 598
70 67 11 5 283 391
11 79 8 6 247 482
59 60 17 7 295 593
0 2 30 6 396 586
26 94 27 3 610 799
40 90 6 5 330 585
65 100 16 2 439 642
10 3 22 4 210 502
51 96 25 2 260 547
15 81 15 3 322 431
27 66 12 4 311 449
50 37 19 3 396 687
79 64 8 2 294 448
69 53 12 2 542 626
1 65 5 5 427 715
83 38 14 7 500 707
5 87 22 2 270 456
6 52 23 6 396 518
27 9 17 3 295 457
98 22 19 4 210 444
61 73 23 4 521 614
63 10 18 1 423 552
38 33 12 5 561 652
16 70 23 4 698 779
33 52 10 5 513 697
8 44 14 2 427 555
54 62 30 5 337 477
61 21 25 2 397 550
84 26 10 5 219 413
16 94 12 7 463 752
22 66 29 4 299 580
28 56 6 3 490 653
67 6 8 1 387 555
17 53 19 2 457 717
6 97 7 7 414 677
34 2 26 1 453 646
28 66 27 3 405 466
55 70 11 1 270 488
25 22 10 5 446 560
80 26 15 7 613 775
99 27 6 7 232 427
90 56 19 6 548 675
23 33 26 4 396 459
14 73 11 1 425 531
29 67 16 4 215 419
42 58 18 1 272 342
62 83 27 4 267 354
77 34 14 3 397 467
89 72 29 2 450 632
57 80 11 7 564 636
71 73 30 5 502 575
35 43 18 1 350 451
100 86 19 1 565 707
56 43 7 6 234 308
72 92 29 3 258 542
85 43 27 4 495 652
45 55 9 4 379 443
69 79 11 1 301 458
70 7 9 4 399 552
62 51 5 3 262 393
98 31 19 2 390 621
28 71 24 1 239 329
81 74 27 3 598 761
78 14 21 5 407 611
76 93 8 1 440 608
31 25 19 5 462 602
85 84 11 4 270 363
94 96 29 1 409 523
66 52 12 4 217 425
58 30 30 4 484 730
34 65 27 2 246 345
76 67 19 3 377 482
18 49 13 4 239 534
95 21 24 4 627 795
58 51 10 2 668 789
21 65 28 7 338 457
70 11 5 4 290 551
91 27 22 5 471 628
37 49 21 6 592 729
19 4 28 4 468 636
10 99 23 1 691 766
84 35 29 2 396 523
52 100 15 4 239 518
21 16 12 7 326 427
76 48 21 1 525 769
64 81 18 5 375 548
81 71 19 5 236 535
73 99 13 2 225 517
44 81 12 6 486 642
85 93 28 5 344 625
89 20 28 3 731 799
59 29 7 1 475 600
63 60 26 1 368 588
64 39 15 5 438 549
37 36 20 2 419 497
59 49 28 3 408 475
37 27 20 2 651 764
80 89 5 4 514 738
65 16 12 2 372 630
75 42 20 4 549 754
61 6 30 2 352 641
15 68 16 2 392 679
77 90 20 1 347 503
34 5 23 6 303 594
9 59 27 4 211 497
21 63 18 3 230 313
24 64 13 4 236 503
86 85 19 3 395 472
9 56 19 3 435 638
59 23 28 6 452 514
75 68 18 6 628 747
80 43 10 2 512 588
87 0 8 4 336 403
42 49 16 1 652 794
91 6 20 5 304 553
7 80 25 7 210 474
54 64 14 3 255 530
18 70 21 3 272 482
96 19 30 3 597 726
4 32 11 1 562 691
63 73 5 1 621 767
70 44 11 2 535 620
88 62 30 4 454 719
19 57 8 5 493 716
92 40 14 7 616 694
47 40 9 4 359 590
58 91 16 6 526 666
56 1 23 6 327 507
34 58 5 4 474 763
14 80 16 5 553 715
44 93 9 7 334 395
10 64 28 7 312 491
71 50 25 2 506 630
66 57 11 3 634 777
6 34 12 3 428 611
20 0 19 2 571 635
27 88 8 2 449 687
47 99 11 6 491 642
18 71 22 4 499 758
21 97 30 5 451 723
8 66 30 6 255 380
36 58 15 5 577 685
24 63 16 4 340 410
78 89 16 7 590 659
63 2 28 3 462 602
60 66 25 1 375 492
20 3 26 7 323 384
0 76 19 3 433 720
36 49 29 2 252 361
90 28 7 3 234 464
84 15 15 2 464 629
75 64 18 6 402 487
40 3 12 6 225 361
83 85 7 7 383 456
100 31 28 2 333 414
29 62 28 4 258 469
4 77 28 3 661 751
45 32 5 6 243 505
1 38 13 2 473 565
85 68 28 2 457 730
73 81 28 7 477 657
97 71 12 1 422 525
61 15 5 5 219 330
76 52 22 3 368 466
11 51 21 7 431 645
16 88 10 4 285 353
27 52 13 5 355 486
58 25 17 7 351 504
85 56 28 3 200 303
90 26 8 3 614 751
22 56 21 6 400 526
70 78 21 6 250 391
18 65 20 2 326 598
92 37 19 6 515 737
34 79 7 3 631 710
41 55 8 3 437 703
13 91 23 2 281 413
3 65 17 2 484 744
18 57 23 5 305 431
17 91 30 2 668 742
32 83 28 5 202 382
46 34 23 7 391 642
4 62 26 6 236 305
73 5 11 6 249 356
84 71 10 4 243 421
14 81 9 7 344 457
73 85 26 5 564 792
11 62 13 1 582 749
22 17 30 1 503 618
81 69 26 3 392 634
40 63 9 5 470 553
23 21 15 2 348 532
94 6 11 1 604 749
96 40 17 1 268 507
64 94 29 7 456 527
14 4 24 6 500 637
32 56 19 1 435 707
53 24 20 3 512 734
92 15 14 6 228 324
80 100 25 2 440 577
23 31 7 1 615 785
95 8 9 4 525 707
53 75 14 6 558 727
78 12 29 4 300 360
36 16 11 2 255 371
39 16 22 4 434 598
100 50 30 3 389 689
12 69 26 1 422 611
88 69 25 3 460 746
97 69 14 7 454 579
43 65 29 4 226 416
57 19 29 3 223 329
64 8 22 4 355 461
43 45 26 7 451 527
52 25 5 3 276 433
22 83 11 7 419 566
71 58 17 5 217 348
98 28 11 7 601 693
23 25 18 3 291 436
74 55 15 7 521 726
42 59 22 1 484 707
74 19 9 5 294 542
92 1 12 3 570 698
19 90 30 2 620 793
11 34 29 2 274 335
68 1 5 7 621 692
26 67 13 6 668 737
40 5 5 2 396 590
83 83 28 4 594 674
75 73 15 1 376 508
23 54 11 5 257 363
93 9 17 6 430 527
77 42 25 6 223 389
30 73 5 3 615 762
85 49 9 4 312 440
6 65 15 6 454 520
54 100 21 7 451 653
30 6 28 2 234 354
87 13 30 7 556 674
54 31 27 5 204 270
40 81 26 4 298 530
92 36 30 6 334 561
67 5 17 4 333 503
29 30 17 1 580 734
25 71 7 7 373 577
93 64 20 1 441 614
82 3 9 1 443 703
43 11 20 4 467 607
21 69 11 4 283 440
0 81 24 3 249 511
57 40 14 1 267 555
17 74 21 1 581 704
15 13 28 2 574 758
65 95 9 7 315 597
42 66 27 7 611 725
45 61 23 2 247 499
71 35 22 2 310 569
22 48 7 5 614 776
45 78 5 4 427 565
69 43 9 5 229 352
35 100 25 2 407 687
45 50 11 6 309 376
63 100 17 5 327 396
33 62 13 2 509 574
22 60 16 2 299 537
93 22 24 3 302 425
54 48 23 7 453 725
80 25 23 5 362 640
45 33 17 1 571 765
96 15 8 7 600 768
72 54 21 5 457 671
45 10 25 4 359 634
65 8 20 6 276 367
4 74 10 6 369 538
79 25 10 3 315 401
48 77 15 2 200 404
94 89 16 4 479 627
41 20 27 2 519 609
7 52 12 4 462 728
22 38 16 6 316 430
