1948
3 46 0 0 0 0
1 6 18 6 340 500
49 83 16 7 216 310
86 3 16 7 366 545
84 39 9 3 265 442
97 74 18 3 618 723
89 98 15 1 497 636
81 64 19 1 244 359
5 43 28 2 580 750
32 96 6 3 535 645
5 61 11 3 490 556
20 85 21 7 249 530
60 57 14 3 706 789
5 6 10 2 417 686
61 38 11 7 421 555
92 80 25 6 400 621
11 17 17 7 518 603
39 55 24 7 244 407
87 76 26 5 351 520
15 33 21 7 598 770
88 48 15 4 545 650
33 48 23 6 340 432
34 26 6 7 534 597
22 62 22 6 496 579
64 24 18 3 363 574
83 94 9 5 567 723
35 100 12 3 500 611
84 66 26 5 422 618
98 38 5 7 601 709
30 34 25 4 401 519
84 7 26 7 504 697
73 0 15 6 691 772
94 89 21 6 450 673
15 19 21 6 278 407
5 17 28 2 499 619
100 28 28 2 306 412
67 95 20 6 582 725
73 73 11 1 589 742
90 93 19 2 386 530
92 1 20 4 238 515
43 82 29 3 361 424
80 25 9 1 229 307
29 36 25 4 227 363
89 90 23 6 403 584
22 98 26 4 464 762
51 89 16 6 373 571
21 27 13 1 597 716
19 0 12 6 559 657
11 5 8 1 546 652
98 6 6 5 219 423
32 56 12 1 261 514
85 55 26 4 254 348
28 91 12 1 426 501
17 9 30 5 298 421
24 71 5 6 429 565
64 51 9 3 443 740
22 57 25 1 238 535
23 36 12 6 509 648
54 5 6 7 705 776
47 1 27 4 282 484
8 2 17 2 436 632
53 67 21 6 297 426
17 18 13 2 389 687
64 92 20 4 362 564
43 20 5 2 511 710
86 61 9 1 280 534
16 64 13 1 316 547
48 1 26 7 650 797
32 25 20 3 228 348
39 84 21 2 475 588
22 65 6 6 431 509
38 0 24 3 699 765
69 85 12 1 263 400
18 77 11 1 569 701
35 50 6 3 389 516
61 49 15 7 651 776
2 7 29 5 235 467
20 89 27 6 540 674
62 52 9 1 433 731
55 63 16 6 502 710
56 90 25 6 626 693
14 72 19 3 357 466
53 48 12 3 345 448
21 53 16 6 532 722
68 71 7 7 382 667
69 1 26 6 225 524
23 80 28 1 482 588
36 88 10 4 443 613
24 94 19 4 310 451
45 16 21 6 268 422
16 7 30 4 344 479
79 73 20 1 392 502
95 85 12 6 284 441
91 22 9 3 353 531
78 80 12 5 464 655
85 99 6 6 503 580
56 61 14 1 512 774
43 50 25 1 548 742
56 62 9 5 428 575
95 90 13 5 245 316
69 26 28 7 407 686
9 10 24 2 361 423
76 24 19 3 639 776
28 1 22 7 546 656
92 21 6 5 563 708
53 80 28 6 388 457
61 81 25 7 243 454
10 94 27 7 331 579
86 52 10 2 362 563
71 33 29 2 609 789
46 44 29 6 299 502
24 19 26 4 560 800
82 42 25 4 385 682
72 21 16 1 552 754
100 51 29 6 380 552
29 4 10 3 338 457
37 93 21 7 345 429
1 30 12 2 239 486
7 32 27 4 252 479
22 12 23 3 429 708
4 90 15 7 656 721
28 43 24 2 649 796
47 31 15 2 353 541
66 24 17 3 429 534
69 37 19 1 497 587
35 26 12 3 280 373
5 31 25 4 355 602
34 89 25 3 599 740
43 70 20 2 487 674
26 7 14 4 445 606
38 72 13 1 444 691
86 30 20 4 358 426
22 41 30 5 245 545
35 28 19 1 269 399
54 76 20 2 524 748
80 75 21 7 333 476
38 71 11 5 582 670
52 7 28 4 386 658
67 18 6 4 231 527
84 70 7 6 204 412
100 11 27 1 441 597
83 61 16 7 633 749
39 48 10 3 264 474
95 74 8 3 615 745
11 64 24 2 587 750
63 74 27 3 528 617
15 23 8 2 318 559
100 72 29 2 395 669
27 66 25 3 385 513
39 6 30 4 533 703
19 7 29 3 363 552
6 54 23 4 701 791
81 60 16 4 234 371
35 4 23 7 252 367
73 43 27 1 617 766
65 9 12 6 361 426
61 45 23 2 266 339
36 32 15 1 531 713
88 60 7 2 322 525
29 5 15 1 521 664
77 29 30 6 292 400
89 30 9 7 382 465
67 78 21 6 626 794
20 67 28 5 471 669
84 93 16 6 230 316
52 37 7 1 296 568
51 72 29 7 423 648
65 94 6 6 475 557
43 26 20 2 357 558
42 93 24 1 311 447
15 59 10 1 239 302
94 14 29 1 457 568
28 4 8 6 470 598
83 42 12 6 289 519
36 85 25 6 459 576
61 86 19 7 284 515
71 78 10 5 507 711
94 63 17 3 214 337
31 92 25 4 296 579
27 80 14 6 278 375
75 100 17 1 332 629
73 77 20 5 220 299
18 47 7 1 447 559
13 10 15 1 417 518
75 7 21 7 537 647
11 28 23 2 323 432
42 57 7 6 335 531
92 75 14 5 514 676
51 27 23 7 348 422
55 22 20 6 418 708
10 35 20 4 381 676
90 64 21 5 437 667
9 6 16 1 647 789
39 52 8 7 365 645
88 22 22 4 331 509
5 49 7 3 539 626
85 30 29 3 250 322
5 39 6 1 305 503
69 19 24 7 293 525
16 91 8 2 241 380
40 72 10 4 553 644
21 52 23 4 487 771
29 44 12 1 468 648
66 47 25 2 427 626
97 77 14 6 221 458
62 39 17 2 462 761
96 18 29 1 639 793
98 57 24 3 502 600
10 91 10 5 576 667
51 38 14 7 259 503
5 30 17 4 314 471
32 57 28 3 498 679
59 35 16 5 578 698
18 91 18 2 507 758
87 17 11 7 433 723
78 1 17 5 521 706
92 82 21 6 286 429
78 38 9 6 491 674
26 82 9 5 471 589
12 3 22 4 362 528
25 69 11 1 233 451
25 35 27 2 239 459
78 0 25 1 505 577
70 51 8 4 374 596
77 39 22 1 363 557
37 88 9 1 302 458
3 14 11 5 394 646
63 69 28 3 518 780
40 26 23 2 215 391
25 76 22 3 427 601
16 13 17 3 352 471
89 44 20 5 266 439
50 70 10 4 358 505
92 86 10 5 444 724
83 10 19 2 288 498
75 42 8 6 491 626
66 59 19 6 621 764
59 22 12 2 411 551
43 41 16 2 247 361
37 95 10 4 446 679
73 100 13 2 446 566
90 81 30 7 216 409
46 96 16 5 237 309
28 58 15 1 427 710
51 100 11 2 635 727
66 86 12 2 614 766
71 2 7 6 340 437
7 63 7 3 274 394
85 81 20 7 304 393
11 60 24 5 207 362
25 57 27 1 453 655
93 12 14 1 302 484
5 91 29 7 561 635
30 15 8 6 639 746
86 95 16 3 331 572
40 56 14 2 672 784
30 96 9 4 468 533
82 92 9 1 268 535
69 35 20 7 377 501
90 67 5 6 413 553
77 60 7 5 203 392
23 32 29 6 414 670
47 2 29 4 423 488
82 36 24 4 482 679
87 47 21 3 300 538
81 7 28 6 350 530
5 40 13 3 586 732
25 40 30 5 612 678
60 47 13 7 623 799
33 84 15 5 548 710
53 70 26 1 397 638
86 89 7 3 554 711
23 58 28 6 593 744
51 9 23 1 360 547
15 88 23 5 320 530
76 75 21 4 595 727
54 11 27 1 343 555
1 39 22 1 230 307
5 33 7 3 526 669
68 6 13 2 434 543
6 13 11 1 419 534
99 80 11 6 327 593
81 94 14 6 337 568
13 91 27 2 271 412
52 49 22 4 338 415
54 61 22 6 367 493
44 95 27 3 246 339
62 10 9 5 217 320
30 71 24 7 414 480
88 47 18 4 461 587
64 61 8 5 322 564
35 43 23 2 700 798
70 62 9 7 220 316
47 0 18 6 497 742
40 63 11 4 533 755
55 35 25 2 463 554
0 84 29 2 504 762
60 77 17 2 502 735
55 1 10 6 584 784
39 15 15 1 259 468
53 60 12 6 461 528
20 61 7 2 553 777
14 65 27 1 463 569
22 28 9 7 623 793
18 97 23 7 223 359
62 88 12 6 336 602
98 15 30 6 327 506
84 14 30 7 302 498
66 82 18 5 455 637
92 39 7 7 333 599
29 57 25 7 427 516
21 9 27 1 463 666
56 19 6 7 344 439
49 35 25 2 293 552
88 9 15 5 486 670
45 85 26 3 274 528
69 72 22 2 466 611
89 41 23 3 480 564
28 66 12 5 390 516
88 21 21 7 428 696
5 13 25 7 347 596
23 3 19 5 443 591
11 67 11 5 443 621
80 60 9 7 216 307
91 20 29 5 357 455
12 55 11 7 357 478
74 15 28 4 382 677
28 72 13 6 391 594
49 20 17 3 628 749
45 61 27 1 479 733
81 9 7 6 281 548
86 46 28 2 209 318
6 84 27 1 490 647
19 100 19 7 455 670
87 66 28 4 216 285
87 87 6 6 339 545
52 75 24 6 323 475
2 28 13 1 261 427
94 1 5 7 223 418
50 55 8 4 583 688
25 24 18 3 545 751
91 15 25 2 470 703
50 62 6 7 220 493
50 5 12 2 244 529
71 63 21 5 202 406
55 76 13 1 370 464
52 2 18 2 460 728
74 99 28 1 229 418
25 81 5 4 258 508
38 54 8 5 508 631
70 88 24 3 536 631
64 97 9 5 490 783
13 73 10 5 339 409
70 28 12 1 366 578
52 22 20 4 423 685
40 95 29 4 384 619
89 13 12 2 310 540
71 56 10 1 640 729
36 47 13 7 372 557
36 60 22 5 211 464
70 65 8 7 289 497
48 19 26 4 563 795
30 42 21 7 327 516
19 36 12 2 284 504
55 21 30 4 557 638
79 76 17 1 452 707
68 84 16 3 405 658
75 57 7 5 395 559
69 53 25 3 249 490
61 53 22 5 713 781
94 99 23 4 491 553
77 82 21 2 510 581
62 70 17 7 287 473
64 14 21 7 607 704
82 3 20 7 250 322
41 27 29 7 270 341
41 26 21 7 300 470
19 85 22 4 660 739
66 39 28 2 435 657
17 5 29 4 425 509
86 100 6 5 327 395
18 39 20 7 235 401
7 1 11 3 602 800
4 96 14 6 227 415
78 11 6 3 270 479
63 21 18 7 280 480
26 60 16 1 639 771
98 98 17 4 460 666
64 96 5 2 424 494
75 13 13 6 406 671
98 50 12 6 484 545
49 2 6 1 473 640
65 67 20 2 404 566
4 94 8 3 624 711
18 25 25 3 450 562
80 86 25 4 661 752
14 96 9 2 503 608
17 79 18 6 277 484
37 2 6 6 449 738
56 50 30 4 281 468
61 60 14 7 459 609
73 29 13 5 376 480
98 82 17 4 513 677
59 53 15 1 270 444
87 28 21 5 513 682
11 0 26 2 203 496
72 47 24 6 647 730
13 39 23 6 240 460
76 0 30 1 654 799
6 3 7 2 532 608
65 89 24 7 473 538
49 88 7 3 496 721
39 2 21 2 471 715
98 1 12 1 270 544
1 72 27 5 279 438
53 84 6 2 233 401
82 53 14 1 299 421
97 88 7 7 219 319
19 20 22 6 250 379
21 6 10 2 332 571
36 63 10 3 502 605
91 46 7 2 390 534
27 96 19 6 396 579
64 88 18 5 292 406
7 56 30 5 264 478
34 51 11 4 527 733
43 13 30 5 609 779
27 42 5 1 247 366
88 88 24 5 228 517
69 38 23 6 441 703
63 99 27 1 243 398
24 47 11 5 461 736
91 78 14 1 428 595
79 21 6 4 428 509
100 8 24 5 293 353
81 63 13 6 376 496
3 91 13 5 443 732
98 92 11 6 327 511
20 53 18 6 258 393
38 22 22 6 317 606
51 54 12 2 211 445
93 96 30 6 368 550
76 6 23 7 447 738
9 45 18 3 675 755
84 90 9 5 416 602
24 81 5 6 293 525
44 1 15 4 665 751
52 43 15 1 350 460
3 21 14 4 331 432
17 14 25 2 252 347
31 99 22 1 530 678
8 8 12 7 455 694
39 43 24 1 605 718
77 61 7 3 403 482
33 76 27 7 215 510
64 32 17 7 666 791
16 74 15 7 541 633
2 37 16 6 539 637
92 96 15 4 564 791
33 17 13 1 532 761
20 92 29 2 636 697
12 82 6 1 240 463
85 31 14 2 600 761
62 75 18 5 337 574
21 51 19 6 398 601
70 42 10 1 731 800
71 9 22 6 314 421
44 32 27 6 424 583
24 62 19 2 342 619
40 48 15 2 263 481
50 22 30 4 510 600
79 2 17 1 578 729
97 6 22 1 493 628
32 26 16 5 250 487
32 86 15 7 467 749
33 56 7 7 551 680
90 56 26 1 502 610
78 97 28 3 212 417
33 92 20 2 269 373
7 71 23 7 239 482
5 76 21 4 242 454
25 55 26 5 228 399
8 22 6 7 296 359
90 7 26 4 476 541
92 14 25 5 225 473
13 15 15 4 522 631
63 73 20 3 613 788
58 13 13 3 237 425
27 77 24 3 442 666
59 97 9 6 432 672
61 37 9 3 276 554
53 1 22 2 235 480
74 43 12 2 580 691
38 66 9 6 506 624
72 26 14 7 532 599
72 6 21 6 299 506
41 86 16 1 299 498
69 100 14 5 252 534
23 4 12 4 513 736
87 53 13 7 299 393
73 47 12 6 523 710
8 52 28 5 429 641
43 88 11 5 273 467
10 38 27 7 524 792
70 100 14 7 357 485
56 64 26 5 235 391
59 18 29 7 722 793
54 6 10 2 280 404
84 98 15 3 386 608
83 29 29 2 343 494
54 34 19 1 558 656
4 68 5 4 240 420
59 76 9 6 496 732
57 30 19 3 687 755
77 91 20 6 516 719
58 77 24 6 211 501
96 71 18 6 443 685
60 46 8 5 320 494
0 16 16 4 494 612
18 32 23 3 328 608
81 43 8 1 225 388
32 74 23 6 485 651
62 80 8 7 245 402
21 0 20 2 525 706
43 12 18 7 447 570
100 44 19 3 367 512
7 16 7 4 364 439
62 20 5 6 246 526
5 77 18 6 570 756
43 93 26 3 308 437
70 36 19 1 442 625
42 60 29 2 399 499
22 24 30 5 338 586
25 19 6 7 391 686
30 17 20 5 245 312
22 45 18 3 499 615
57 26 8 3 381 491
26 1 20 2 216 351
74 51 12 1 276 568
86 85 14 7 366 603
60 65 5 6 335 528
39 77 20 2 578 754
96 9 30 6 498 734
66 28 11 6 587 702
97 34 7 6 376 511
56 60 30 2 268 354
95 87 11 3 382 550
5 75 24 3 231 470
86 71 18 7 385 524
60 78 25 6 282 496
58 28 27 1 606 689
79 24 30 2 391 557
87 94 19 6 663 743
39 45 26 4 437 583
90 89 10 3 496 616
83 35 10 1 530 709
86 98 24 5 592 757
70 16 16 1 548 620
54 56 8 3 370 479
48 4 21 1 241 475
60 4 30 2 235 363
90 60 25 7 628 736
37 59 18 2 643 725
29 3 19 6 309 470
10 54 6 7 447 661
40 74 5 6 215 277
11 53 21 2 266 549
84 36 7 2 627 695
54 77 14 3 228 428
90 40 15 3 359 532
62 9 5 5 457 737
42 62 30 2 702 793
47 19 15 3 224 377
1 83 23 1 206 398
42 68 11 6 595 775
17 61 12 2 376 614
56 80 21 7 521 605
15 94 17 3 533 783
80 66 6 5 505 714
100 83 10 5 278 345
61 9 15 5 521 786
64 11 27 2 555 626
15 73 20 2 401 533
9 12 16 7 455 572
91 17 23 5 387 455
97 73 17 2 213 375
80 19 18 4 238 483
31 24 18 7 397 535
60 48 29 7 681 792
35 67 25 7 269 385
57 13 28 5 409 564
98 89 10 5 335 410
65 21 28 2 666 733
10 98 21 2 225 488
32 84 17 3 206 381
2 12 24 3 281 581
27 9 5 3 266 536
56 47 11 1 339 419
95 21 9 2 310 495
25 49 19 5 513 624
49 17 20 1 469 617
67 72 30 6 388 493
73 75 9 1 422 589
78 96 19 1 285 407
99 41 5 2 557 785
49 79 17 4 274 421
47 84 6 4 428 517
17 44 11 3 292 513
44 20 9 6 365 476
37 21 25 4 613 780
86 6 6 1 475 761
43 29 29 1 281 502
23 84 26 6 516 716
6 33 27 4 416 495
1 94 19 4 513 745
18 12 21 6 371 498
29 65 23 4 394 541
13 66 29 6 452 679
3 100 17 2 494 757
39 56 11 3 548 630
9 93 25 4 309 439
86 0 12 4 456 571
30 60 9 3 590 759
49 30 8 1 512 646
62 38 27 6 450 702
35 78 30 1 529 723
81 74 22 5 595 670
51 15 11 5 592 657
70 24 11 1 476 735
45 76 9 5 257 333
28 63 17 4 274 480
77 16 29 4 321 552
81 73 6 3 360 557
48 55 21 2 472 636
69 98 10 2 594 719
62 25 23 4 483 548
29 23 14 4 315 491
47 14 26 4 221 375
44 34 27 5 614 717
40 23 11 1 562 669
73 99 29 7 557 665
2 29 27 1 452 596
20 99 10 5 228 395
3 66 13 2 587 781
68 68 27 1 448 678
0 29 8 5 586 684
81 3 26 5 480 551
17 83 5 1 442 628
66 100 11 5 220 462
80 54 30 3 443 619
78 62 29 4 429 675
10 16 6 4 441 730
6 77 24 4 544 639
66 87 10 2 416 557
66 93 9 2 361 441
85 37 10 4 405 593
4 54 30 7 357 446
92 27 21 4 587 770
86 8 5 6 404 611
18 11 14 1 650 728
55 97 28 5 382 474
54 4 12 7 262 464
33 99 9 2 433 720
55 57 19 4 418 528
75 99 11 1 317 531
94 100 9 3 541 633
89 97 14 7 220 510
61 27 21 4 203 456
47 68 26 2 467 555
22 22 10 6 256 389
72 43 21 3 375 608
53 55 29 2 467 555
93 78 7 4 254 389
10 31 21 2 455 536
57 84 22 2 460 558
12 93 16 4 308 523
96 88 23 6 394 659
45 2 14 4 420 642
88 44 14 4 227 422
1 69 26 3 245 331
58 97 26 3 614 674
13 64 7 6 304 539
33 93 29 2 614 781
79 68 23 4 505 628
30 23 18 4 450 661
64 90 19 3 441 507
76 94 26 1 446 687
72 25 13 7 356 431
38 16 20 3 225 351
64 66 5 5 240 317
48 26 20 5 249 393
3 2 25 6 373 640
24 6 15 4 576 794
27 85 25 2 269 344
73 80 15 3 434 584
77 67 29 7 458 638
96 4 27 4 411 688
21 91 11 3 363 588
86 43 21 1 429 723
85 6 20 7 454 572
46 37 15 6 438 527
47 80 17 6 339 533
11 38 11 4 518 790
20 1 17 1 550 622
54 32 30 6 214 448
99 73 29 7 457 728
43 97 24 2 639 727
28 79 5 6 343 634
94 75 30 4 373 644
65 35 6 2 480 670
92 87 20 3 313 482
56 44 22 3 620 792
86 84 21 5 277 572
16 68 22 5 468 565
81 97 30 5 337 549
33 32 11 5 445 712
75 1 29 7 264 509
66 29 14 1 378 580
47 77 24 7 322 395
74 72 12 4 519 673
40 47 18 1 590 676
45 88 13 2 436 604
93 39 11 2 618 778
41 40 6 5 526 795
74 90 27 3 334 598
87 91 16 5 511 575
100 50 16 3 546 748
59 72 25 6 403 661
84 67 6 6 595 727
98 94 18 5 208 492
26 11 16 4 552 753
95 10 22 5 493 587
97 76 23 6 266 532
93 75 5 2 384 484
24 10 15 7 454 552
14 21 23 2 250 439
7 93 23 6 474 762
78 100 8 3 420 501
68 2 9 2 340 555
83 7 12 2 401 472
34 83 30 2 459 711
11 39 22 2 430 509
42 53 17 2 374 640
63 55 27 7 642 790
4 51 27 6 456 536
9 77 15 7 545 706
89 56 20 1 509 691
6 66 25 7 363 508
79 3 15 6 520 789
80 14 10 3 249 383
49 90 27 1 445 538
22 99 20 6 276 399
24 73 18 1 230 445
92 2 16 6 236 404
80 65 9 4 617 751
86 11 17 1 362 555
83 6 29 4 248 392
90 22 27 5 594 772
41 13 22 6 234 326
45 23 19 5 285 506
8 92 19 5 433 589
24 43 26 3 218 293
12 58 29 5 500 682
93 43 27 7 299 401
17 28 16 2 681 781
76 87 5 4 359 432
62 66 27 5 465 749
5 72 28 3 408 585
62 11 22 1 437 654
44 12 25 1 498 561
67 23 7 3 446 525
13 11 24 7 355 420
40 100 17 4 549 706
9 80 5 4 367 432
15 55 30 7 526 586
45 78 8 1 218 400
81 53 20 1 583 692
98 61 5 1 514 758
2 52 28 4 234 319
25 60 24 7 304 489
98 25 20 5 460 747
79 9 21 1 242 487
6 100 28 6 447 654
24 79 30 6 539 648
67 42 6 1 498 783
29 19 23 2 416 657
98 32 8 4 577 756
70 58 5 3 538 783
63 91 30 6 519 612
63 26 13 7 589 710
67 1 30 1 648 714
2 51 29 5 368 482
85 2 21 1 395 455
35 19 18 4 524 667
4 42 24 1 286 402
80 74 29 3 287 490
48 8 15 3 312 470
81 39 5 5 546 642
20 12 17 7 241 458
50 73 22 7 432 714
36 92 16 5 370 640
42 10 23 5 341 559
96 8 15 3 271 399
35 5 11 4 207 387
82 96 11 1 626 732
15 10 19 5 581 677
28 17 17 1 616 735
60 43 22 2 660 762
46 45 14 4 479 712
37 71 6 3 367 576
25 36 6 7 438 641
55 98 9 2 328 391
35 92 17 2 205 398
67 49 5 2 257 473
94 24 16 3 526 678
26 89 11 4 248 509
84 92 22 4 524 658
41 85 12 1 504 568
67 77 28 5 241 492
56 74 15 1 385 474
90 42 5 7 551 670
96 42 26 5 237 441
85 4 13 5 488 581
91 63 28 4 692 769
36 26 21 4 308 448
55 77 11 6 619 798
91 73 22 5 201 448
63 43 25 3 405 508
16 11 20 4 520 755
5 95 28 3 501 670
12 34 7 3 402 680
99 64 6 7 203 305
66 64 15 3 691 799
0 41 20 2 245 511
42 54 21 2 592 747
41 63 12 2 643 716
9 56 16 6 396 484
89 94 8 5 262 451
75 96 20 7 338 454
64 49 13 1 445 567
80 37 23 2 490 784
0 85 25 1 242 510
80 98 28 2 502 743
63 90 10 4 513 580
82 40 16 4 501 734
91 14 29 7 486 555
61 1 20 1 212 322
94 55 17 4 505 696
27 47 26 4 213 361
47 66 13 3 606 721
44 73 26 4 585 693
59 68 22 6 400 514
73 84 17 1 431 708
90 57 20 4 231 439
24 61 6 5 216 510
49 45 25 4 608 708
85 53 17 2 384 587
84 88 17 1 438 544
94 37 20 1 556 700
53 98 24 4 327 521
64 81 18 2 497 637
49 26 20 6 392 459
51 46 20 6 200 432
36 22 12 2 249 322
42 50 14 1 674 735
97 9 30 7 301 514
72 98 25 4 488 671
83 86 19 5 348 478
85 52 29 5 387 579
34 66 13 3 316 545
51 55 30 4 219 497
19 15 6 5 281 562
98 72 20 2 421 545
80 57 14 1 205 291
63 5 25 3 356 458
26 69 29 4 304 594
7 64 8 1 295 453
94 88 19 6 491 605
95 24 13 5 279 579
37 63 19 6 447 572
86 83 20 5 451 743
58 62 23 4 439 735
1 3 24 6 485 592
3 70 8 4 315 604
6 42 22 5 332 426
37 46 20 1 492 571
87 41 6 4 539 608
79 91 18 5 260 514
40 0 27 6 371 597
10 55 6 4 267 358
88 14 25 1 658 730
16 86 11 1 442 723
73 17 26 6 380 497
32 30 21 3 574 697
63 57 24 6 469 598
12 41 5 2 302 535
6 80 15 2 347 638
56 40 17 3 533 781
16 49 13 3 360 579
97 68 29 7 221 398
34 59 13 6 380 641
100 33 16 2 316 460
56 95 14 3 639 754
22 67 18 7 209 508
14 19 9 1 255 320
100 16 30 3 381 638
55 33 10 3 391 463
32 29 27 3 543 746
48 79 23 1 511 571
78 10 29 7 505 631
68 49 8 1 386 528
72 97 27 5 508 752
74 12 29 2 551 726
29 27 16 6 563 652
38 57 25 4 560 697
31 70 24 7 270 564
78 53 12 7 309 392
79 61 24 6 237 404
21 10 19 3 445 632
36 46 20 2 282 431
16 21 20 1 487 782
6 8 21 6 469 711
63 58 11 6 348 433
71 74 12 6 484 742
2 36 6 5 490 790
62 51 27 5 294 359
27 82 26 4 371 525
96 81 29 2 579 745
53 5 9 1 448 520
79 99 25 2 600 730
59 50 11 1 382 555
79 32 12 1 418 554
75 28 8 2 309 564
2 73 27 6 224 485
1 82 7 1 676 791
81 61 16 1 408 662
25 58 18 4 231 486
87 81 9 2 512 738
2 11 17 6 280 574
13 1 24 4 245 495
60 63 10 4 578 695
3 61 5 1 536 732
1 26 25 6 437 533
67 17 19 5 253 350
49 9 6 4 346 448
36 34 21 7 547 693
53 20 5 5 494 770
58 6 16 2 252 338
31 47 5 4 388 660
97 7 30 6 582 668
26 3 27 1 382 479
73 23 18 3 259 504
55 55 29 6 362 459
60 32 14 7 487 640
67 63 9 3 285 366
66 75 10 3 369 482
63 14 22 5 369 537
40 29 8 3 646 799
4 36 11 6 246 545
77 92 28 1 538 728
78 72 27 2 208 419
30 41 17 7 572 769
61 65 8 4 460 717
49 16 27 6 286 541
83 17 9 6 462 544
28 41 10 6 427 626
100 62 15 2 474 744
96 48 16 1 261 348
70 7 19 1 464 757
75 29 9 5 596 694
74 9 11 7 449 565
42 37 20 7 680 758
24 23 20 6 653 733
21 59 15 2 475 716
92 13 26 3 401 642
93 36 29 7 549 787
42 23 7 2 450 643
89 18 30 6 288 572
73 46 28 4 407 618
80 18 10 6 224 435
43 90 22 6 391 496
45 79 11 3 261 492
5 32 27 7 203 369
62 71 12 7 512 773
38 46 19 7 578 650
3 82 9 2 261 472
73 61 11 6 555 698
47 53 6 6 388 594
35 97 5 4 307 369
15 35 24 7 392 585
76 39 14 3 540 742
5 5 30 2 348 555
90 73 14 7 485 658
55 6 9 3 209 509
57 58 16 6 297 588
56 65 9 4 234 472
5 98 24 3 672 780
67 31 19 1 231 299
55 26 6 5 414 679
93 1 27 3 305 419
19 73 23 1 349 498
20 73 20 3 221 468
55 79 18 5 225 437
70 3 30 1 525 596
94 39 21 2 492 757
67 73 6 2 361 429
92 35 9 4 545 700
78 25 26 4 574 732
49 51 27 6 293 581
50 11 6 5 243 361
82 41 24 1 480 669
33 87 29 1 527 644
80 24 14 7 414 653
27 25 5 7 366 592
96 73 13 6 335 458
67 98 20 6 405 583
1 0 25 1 428 663
100 79 14 2 701 763
35 70 30 6 698 789
29 95 5 5 531 766
72 29 8 1 360 489
78 21 23 4 302 485
71 31 16 6 645 744
14 69 5 7 412 702
55 11 7 6 202 414
45 65 30 2 243 312
70 98 26 5 512 773
99 65 24 7 423 680
86 74 25 2 512 609
95 89 10 6 303 476
45 3 22 3 333 510
41 57 6 7 271 422
15 47 7 7 289 493
79 29 28 3 626 722
79 86 6 2 388 650
88 19 26 2 200 312
64 75 29 6 550 750
8 73 6 5 454 662
40 53 30 4 204 347
86 19 7 4 577 792
66 15 9 3 282 539
82 23 18 7 597 724
12 18 19 1 451 613
87 72 5 4 298 522
52 83 12 2 484 709
13 6 10 7 388 514
19 26 24 4 487 555
58 89 27 7 673 763
75 59 24 6 469 725
47 13 5 5 241 400
35 85 7 2 415 608
82 56 25 2 514 654
25 90 29 1 500 657
15 54 18 3 262 370
17 57 16 3 332 412
9 26 19 5 470 629
51 86 17 4 377 593
84 33 25 7 591 747
21 11 22 4 299 484
78 4 21 1 319 396
21 73 12 2 623 760
29 78 9 4 492 564
69 22 29 7 478 540
40 27 16 1 515 612
7 20 12 2 685 749
54 14 12 6 504 737
20 64 10 5 208 297
21 77 26 7 276 396
71 80 15 4 234 311
92 60 29 2 210 487
95 77 17 6 359 656
65 60 17 6 487 655
94 9 13 3 256 507
53 29 17 7 510 662
95 32 6 3 348 609
30 6 27 7 460 715
83 93 16 7 274 510
16 84 21 6 602 739
75 63 7 6 519 599
43 44 10 1 325 442
42 25 22 3 584 751
52 74 11 3 216 371
71 94 21 2 427 588
36 31 22 2 502 637
10 96 30 1 515 650
62 73 27 7 235 316
62 37 6 1 360 581
18 7 26 4 357 618
91 54 14 5 272 494
69 40 17 7 359 481
0 33 10 3 639 699
54 30 16 6 297 423
75 74 21 1 264 527
82 73 30 3 390 639
19 87 12 1 515 786
0 5 12 5 256 399
45 41 26 2 306 406
24 76 16 2 704 782
19 78 27 5 255 501
64 91 30 4 241 404
96 37 22 1 251 351
62 53 8 2 314 555
8 70 12 2 372 555
72 52 5 2 671 780
48 74 10 7 244 420
26 27 24 2 480 736
0 38 10 7 469 621
71 22 6 1 260 386
41 95 19 4 674 779
81 95 23 1 476 591
39 81 28 4 326 434
40 41 12 2 275 342
20 83 23 1 365 455
15 98 24 4 489 708
42 98 26 3 526 654
74 80 14 7 262 414
60 35 29 2 312 464
22 83 16 5 629 742
72 18 9 5 613 789
97 41 26 5 288 470
10 39 27 2 206 345
72 87 27 6 460 646
45 36 20 2 508 675
79 72 17 3 489 664
95 66 5 2 580 798
90 100 11 7 641 755
67 62 21 4 422 596
23 12 24 4 206 453
100 68 14 3 487 744
81 14 5 2 641 756
60 12 27 2 430 513
95 62 15 1 236 531
86 37 27 3 361 468
25 31 11 6 399 587
34 55 13 4 265 353
82 80 11 5 651 776
43 59 6 5 492 779
15 86 21 2 551 659
11 13 15 5 316 388
47 40 25 6 523 642
31 28 23 5 349 631
86 49 30 4 242 429
61 62 30 2 590 781
67 51 17 5 376 585
32 77 8 2 367 646
45 29 19 2 268 338
23 50 12 5 358 630
7 47 16 3 393 492
2 42 22 7 434 539
7 91 13 1 238 420
36 51 14 1 605 714
98 21 14 1 581 766
36 17 27 4 405 528
66 45 21 5 517 641
4 27 7 5 513 757
81 20 11 3 623 778
37 15 5 3 610 707
94 21 9 7 324 543
48 59 16 5 358 483
91 60 19 4 253 317
74 81 10 6 478 720
1 28 9 7 383 643
27 50 30 6 485 697
43 33 18 1 416 593
35 65 17 1 565 651
2 99 15 6 267 476
29 73 6 2 540 760
93 90 13 1 300 362
65 45 22 3 247 320
87 45 22 5 485 667
29 70 27 6 329 589
86 50 20 3 487 601
38 51 22 7 240 362
33 7 9 3 272 527
23 67 14 6 329 580
22 37 23 3 250 469
4 20 16 6 685 748
11 32 30 5 357 541
20 17 9 7 219 354
59 37 19 5 712 791
9 82 20 2 301 538
2 41 17 4 678 797
69 55 10 7 469 538
44 80 6 2 409 638
59 85 8 1 503 738
34 61 17 4 415 567
64 55 22 6 524 699
91 94 7 6 485 720
68 74 27 5 391 501
36 75 25 2 579 730
82 69 20 1 381 673
73 54 5 5 318 610
29 40 28 1 412 699
67 86 6 4 543 797
74 6 28 7 610 711
80 36 7 2 500 790
98 10 12 2 236 329
47 83 9 2 580 734
50 96 5 1 440 669
80 82 10 4 243 350
34 17 28 3 635 773
64 20 16 1 430 728
28 10 25 5 500 743
70 38 18 6 492 677
66 16 27 6 489 699
9 30 30 1 223 352
33 42 11 3 342 544
16 57 24 2 437 619
31 97 15 2 425 671
69 16 15 5 421 655
67 60 26 2 472 599
11 15 18 7 201 490
40 8 19 4 568 705
75 77 12 7 651 786
82 62 13 4 510 655
31 35 9 4 630 783
22 68 21 3 359 423
26 15 12 7 366 457
72 96 26 6 440 698
27 59 29 2 496 637
96 98 30 6 315 444
38 9 8 4 649 781
73 81 5 5 402 666
82 83 13 4 354 601
82 12 5 7 335 505
67 88 24 6 617 697
38 60 7 2 265 478
58 23 29 7 243 438
46 41 19 4 235 490
7 85 29 1 474 571
95 41 22 3 524 772
77 45 9 1 230 443
81 86 11 7 515 600
5 64 28 2 374 601
79 94 25 5 258 421
19 48 11 2 276 382
42 92 9 6 380 454
39 34 22 6 609 792
57 1 11 1 591 734
14 42 17 5 268 467
47 75 6 7 508 782
91 67 19 3 457 694
39 71 12 4 337 567
29 79 28 1 421 696
77 89 5 7 547 751
95 58 17 1 418 571
91 76 26 1 333 472
2 64 25 7 467 734
49 66 28 4 437 506
95 59 21 7 438 640
22 15 20 7 380 668
56 82 23 5 333 552
24 13 10 2 583 768
54 79 11 5 615 775
71 70 30 6 322 444
46 19 26 3 469 652
9 42 13 3 414 563
36 20 22 7 468 711
77 64 16 4 660 795
68 3 13 4 270 427
91 86 27 7 665 733
65 74 10 6 318 462
51 29 24 3 490 751
26 59 17 6 479 686
82 18 25 4 638 763
53 63 6 7 218 479
19 51 5 2 328 497
31 94 10 3 388 471
60 61 5 3 498 569
72 57 16 3 527 700
58 70 8 4 283 438
41 73 26 4 307 601
33 6 11 1 476 701
75 79 11 6 366 535
58 19 20 6 355 578
43 95 17 7 362 522
10 67 28 3 378 676
68 73 17 2 341 635
11 97 28 3 219 433
41 23 6 2 395 508
67 47 14 2 331 570
14 81 10 1 600 792
6 31 24 7 296 537
18 95 24 6 260 385
40 18 22 3 556 731
39 25 27 2 563 692
93 17 20 4 500 784
7 38 6 7 475 655
4 13 26 4 358 554
53 33 22 5 401 580
36 55 14 2 461 641
33 70 15 2 318 387
80 33 18 2 320 450
34 100 30 6 625 700
69 66 28 7 608 716
38 82 28 4 481 574
32 38 7 2 392 605
57 88 29 3 692 762
38 89 7 5 474 756
81 17 24 2 381 565
41 64 30 6 591 672
95 69 11 5 478 567
91 77 24 3 399 563
25 62 25 1 333 582
45 80 13 7 547 675
51 14 21 4 587 687
52 38 12 4 362 592
16 75 21 6 405 470
18 37 9 2 363 580
43 75 16 6 492 563
56 14 15 6 231 336
46 69 21 2 419 592
6 85 24 5 473 773
96 10 30 5 437 618
11 14 15 4 225 291
2 18 27 6 224 464
69 28 19 4 520 757
21 54 28 5 411 700
87 22 27 3 264 525
70 74 30 4 205 456
24 86 15 2 345 494
52 97 23 3 407 537
22 88 5 6 603 668
31 69 16 7 316 608
26 31 18 2 472 563
86 58 13 5 347 496
96 32 8 7 301 367
20 69 9 3 271 427
48 86 27 1 224 361
68 0 24 2 505 755
10 4 27 7 354 510
49 6 12 7 346 507
36 4 20 5 244 401
91 30 30 2 313 382
56 43 25 1 205 491
0 72 27 1 434 624
42 12 16 6 360 584
78 46 12 4 408 608
38 95 15 5 274 422
15 100 7 6 495 652
67 19 12 6 491 714
24 63 27 7 417 602
77 5 21 5 645 721
50 39 17 3 345 634
6 39 19 5 575 768
20 42 8 7 437 594
59 23 24 6 566 745
80 2 13 2 205 407
99 49 7 4 432 592
79 33 10 3 372 482
41 93 24 1 522 590
97 38 18 6 329 533
79 49 6 2 466 573
57 91 21 7 447 657
85 66 20 2 546 630
76 76 16 6 441 634
29 41 10 4 273 399
51 56 8 6 665 770
89 67 28 7 338 482
2 33 13 6 221 387
93 13 26 4 368 594
93 6 22 6 207 416
97 83 6 6 486 591
8 27 29 6 284 540
69 15 12 7 438 526
62 65 29 1 343 588
40 17 16 6 362 479
18 66 20 3 254 422
51 68 19 2 571 657
29 22 29 6 312 610
88 29 18 3 531 681
48 67 13 7 206 422
36 84 7 6 500 775
16 24 10 7 532 732
18 86 21 6 564 630
52 14 18 5 464 628
81 56 24 2 286 462
40 28 5 7 416 618
100 18 29 4 246 400
81 72 18 4 241 424
51 49 22 4 446 722
27 23 30 3 220 394
19 43 20 4 238 431
52 98 20 1 454 569
20 95 26 7 373 544
82 66 18 3 506 649
51 53 30 1 451 729
94 92 11 5 484 739
41 4 5 2 404 565
65 55 27 2 255 514
74 29 11 2 645 743
28 30 10 2 476 559
67 16 21 3 213 395
55 100 29 5 477 562
11 91 19 1 489 552
82 28 14 5 416 494
4 26 7 7 695 775
81 5 10 3 369 454
81 22 23 5 415 608
26 40 27 7 315 494
82 95 23 6 577 758
12 36 29 6 641 781
34 41 5 4 269 370
19 56 27 7 266 427
33 97 16 6 421 568
36 95 12 7 283 387
60 97 26 1 367 602
85 5 14 5 467 572
77 58 28 3 348 546
47 71 14 3 495 776
20 45 28 6 625 795
77 30 23 3 249 459
53 3 21 1 655 734
67 91 23 7 235 377
21 90 10 4 534 617
6 22 21 2 341 513
11 94 17 7 336 604
2 16 22 7 298 526
60 31 17 5 639 789
44 75 19 1 259 392
9 53 21 5 446 582
23 66 28 4 220 317
76 99 8 7 529 769
97 12 16 6 494 771
27 28 21 1 715 793
97 11 10 1 422 682
60 28 11 3 631 744
54 46 9 4 262 501
1 76 23 2 203 407
6 57 17 3 287 544
79 87 18 5 357 525
18 8 15 3 618 694
37 94 29 7 436 553
81 33 24 1 254 407
83 97 30 5 682 800
5 9 21 6 371 553
90 26 17 6 472 667
18 44 18 4 437 736
66 91 19 5 629 716
30 94 17 4 253 397
76 49 30 5 503 702
99 47 11 7 690 764
17 97 12 1 481 771
4 39 15 6 575 743
59 39 11 3 233 426
15 34 27 1 241 367
26 91 23 6 417 532
32 19 5 6 466 623
91 5 18 4 246 464
38 91 18 3 614 760
48 83 6 2 380 642
42 17 25 6 370 629
75 24 18 3 570 642
0 64 7 3 264 503
65 91 29 7 269 406
48 47 9 5 267 389
26 76 26 7 372 468
32 90 30 5 535 720
70 13 7 2 510 695
41 6 5 2 507 754
61 76 9 7 555 782
86 57 6 6 571 799
48 46 11 2 458 748
16 35 16 7 305 480
90 66 25 7 441 638
93 95 25 1 455 585
59 75 19 2 451 609
71 72 5 7 223 401
69 0 10 2 516 586
78 76 9 4 331 584
91 42 23 4 339 568
57 70 30 3 357 590
100 87 17 5 718 799
59 70 22 6 515 751
48 40 8 6 534 639
18 85 24 7 644 778
30 57 14 2 280 513
100 43 27 2 344 458
86 77 12 6 479 741
84 86 23 4 468 530
57 47 8 3 373 469
41 98 17 6 558 769
60 51 26 7 628 758
80 41 5 5 380 473
62 93 9 4 315 493
20 23 11 6 200 328
32 91 11 1 388 517
61 19 16 5 348 639
0 46 30 1 613 752
75 39 18 2 344 531
56 22 28 7 422 690
27 51 14 1 338 478
58 90 8 7 352 419
62 78 14 3 401 660
37 86 10 4 536 774
4 10 26 2 248 445
13 74 26 5 511 790
85 58 26 7 497 663
51 12 16 3 390 588
11 86 12 3 318 590
34 88 6 6 347 601
53 38 14 2 610 745
92 51 14 1 414 579
53 54 27 4 251 530
76 12 10 3 598 763
10 44 7 3 206 390
5 28 18 7 217 301
11 25 27 7 523 659
42 16 21 3 255 425
96 28 5 3 291 448
80 4 19 5 201 429
54 95 16 4 218 388
8 53 11 1 541 650
65 53 21 1 251 443
42 35 18 7 521 620
66 68 28 2 201 458
84 84 26 7 544 737
15 67 7 3 308 410
57 86 23 4 298 454
37 47 10 6 217 328
4 46 21 2 485 570
22 70 16 7 685 778
94 3 10 3 402 574
97 33 30 1 649 800
91 62 10 6 502 729
28 46 30 2 366 555
98 69 28 4 299 593
3 76 10 2 726 792
22 97 18 5 398 614
9 33 28 7 721 786
21 65 11 5 632 753
64 50 16 6 416 560
20 68 22 3 488 583
83 50 19 4 396 528
98 31 12 7 214 305
6 49 26 2 447 738
48 58 16 7 383 450
95 94 15 2 252 321
66 18 19 7 393 520
26 14 19 4 489 732
43 18 17 5 360 608
71 28 24 3 497 739
74 77 17 4 529 625
18 26 18 6 585 665
46 6 30 4 213 300
75 95 16 4 296 479
80 42 28 3 432 721
62 69 9 7 248 511
24 15 25 3 225 376
96 34 24 5 656 719
7 34 9 6 649 781
1 17 10 6 255 475
39 93 10 3 592 684
91 10 13 4 303 418
55 86 14 1 658 750
72 24 10 1 604 686
54 80 26 6 334 439
89 54 28 4 559 638
31 27 21 7 289 540
39 36 14 6 557 730
10 90 11 1 598 662
43 32 19 1 232 438
49 29 25 2 293 567
30 88 21 1 435 611
39 0 20 5 671 792
38 96 20 1 391 593
64 76 19 3 293 551
58 35 25 7 297 491
92 52 26 5 610 673
90 76 27 6 230 370
2 90 18 2 276 414
31 41 23 2 573 678
14 70 20 3 207 440
54 27 16 5 539 642
34 75 25 5 287 357
48 70 14 3 688 759
29 30 26 6 577 763
72 10 26 3 317 390
80 88 22 4 320 576
50 43 27 3 672 789
21 55 11 5 376 443
39 74 16 3 510 746
43 71 21 6 206 471
34 10 19 4 250 445
11 18 8 2 621 711
18 27 12 2 366 470
40 5 18 4 275 517
64 45 21 3 405 704
16 27 10 2 215 312
25 44 17 2 405 542
81 40 16 7 646 752
52 62 19 1 307 598
51 13 28 4 399 699
99 89 8 2 229 296
48 25 10 3 417 628
67 84 9 3 214 413
21 1 14 3 420 580
9 50 27 2 458 663
35 3 17 7 401 554
28 70 7 5 584 684
12 51 20 3 222 484
77 59 24 5 443 701
39 32 11 4 257 473
52 78 21 4 297 403
10 68 25 6 527 718
21 21 16 3 493 642
46 39 16 5 218 307
60 26 12 1 484 697
5 10 12 6 365 490
78 94 17 6 536 788
65 19 5 7 305 410
89 48 9 3 319 607
20 62 14 3 233 325
68 8 25 3 327 459
4 35 17 7 218 283
82 26 7 4 205 297
67 97 21 3 334 563
99 44 15 6 382 502
71 34 15 3 412 589
100 90 9 2 477 586
61 16 19 3 433 559
63 77 27 6 244 473
19 96 19 5 522 744
53 41 23 2 590 799
32 98 6 2 473 750
64 26 5 3 551 648
28 19 29 2 472 710
20 9 30 2 429 661
46 55 9 5 357 581
72 3 17 3 248 535
23 94 10 2 570 748
70 45 27 1 543 723
29 2 12 3 358 511
29 98 26 2 329 572
92 77 8 3 343 516
30 91 9 2 294 354
73 31 23 2 591 747
89 47 7 1 378 580
30 10 11 2 431 617
30 49 11 7 449 623
60 5 21 7 561 649
48 15 6 7 386 664
14 50 17 5 342 529
70 90 20 5 412 538
83 69 21 3 541 787
13 70 5 6 732 799
69 54 26 6 319 611
2 26 25 1 506 617
23 59 8 3 684 748
28 13 9 3 404 578
39 59 10 7 453 604
84 63 9 7 586 699
60 15 20 4 471 726
33 86 28 5 213 478
96 17 15 7 369 463
22 80 11 2 490 785
33 80 28 6 647 767
81 98 26 6 630 791
82 16 8 2 317 511
22 19 29 1 384 660
95 92 25 2 269 343
23 29 9 6 475 598
72 99 15 1 203 364
93 48 8 4 287 529
84 51 6 7 318 536
45 15 18 5 313 438
4 34 14 1 317 613
31 5 9 7 545 723
66 34 24 3 461 601
47 10 7 1 398 559
58 67 16 6 409 614
34 40 15 4 477 735
26 57 27 4 310 490
23 1 12 4 587 730
61 8 13 4 234 490
31 73 21 6 306 522
73 52 23 2 219 386
29 62 9 7 214 323
46 12 23 5 352 605
76 3 30 3 367 663
24 72 7 6 687 749
16 29 28 1 272 542
66 74 17 3 389 498
15 48 15 2 554 688
4 75 24 3 576 679
80 26 29 1 302 453
48 32 6 2 519 629
27 29 22 1 278 452
30 74 16 7 657 755
15 51 20 6 411 649
53 74 14 6 427 493
52 81 15 5 219 461
11 63 12 5 356 538
61 47 16 1 344 420
28 55 24 7 472 605
68 54 17 7 233 486
86 66 22 6 589 693
33 22 25 2 372 633
83 73 19 1 205 331
67 79 24 5 524 618
49 0 12 3 288 356
57 37 15 7 570 720
26 55 19 5 262 368
95 34 28 1 458 657
70 68 27 4 257 483
16 99 26 7 581 702
49 57 25 1 268 503
93 94 8 5 457 589
97 71 13 5 584 691
22 76 19 5 400 642
73 68 21 2 303 432
79 19 18 1 441 603
61 71 17 2 352 533
50 65 11 3 299 405
17 94 16 6 438 613
81 6 6 3 551 628
76 65 19 5 481 691
7 15 25 5 342 597
50 94 21 6 502 799
66 36 15 1 443 689
75 94 21 6 398 596
84 77 22 6 213 341
26 0 13 7 430 540
41 38 19 2 324 485
10 72 27 7 345 541
0 6 7 6 229 371
19 82 29 7 665 761
75 90 5 1 489 779
100 92 14 3 234 377
2 58 20 5 279 400
49 3 11 6 274 503
20 34 23 4 511 626
89 86 28 3 629 727
84 25 5 1 618 680
17 16 6 5 296 510
35 40 13 3 413 693
25 54 14 3 208 378
62 24 20 1 337 595
88 24 14 7 373 639
70 12 5 6 475 553
100 20 26 1 377 587
96 1 21 5 375 610
8 96 21 6 447 641
44 77 19 7 528 689
74 38 13 4 624 704
66 99 9 6 313 414
74 71 10 5 296 448
81 49 25 2 504 693
70 32 9 1 478 661
88 89 25 7 254 494
62 74 20 5 456 571
4 87 26 2 600 683
89 69 6 7 430 599
89 33 8 1 234 503
100 80 11 6 359 654
48 38 22 4 493 674
67 22 10 5 478 640
41 79 12 7 407 473
43 78 6 7 390 491
84 44 13 7 361 594
70 40 15 2 255 367
83 14 15 1 264 348
80 55 20 4 576 787
90 12 16 2 501 790
10 1 29 7 476 619
76 15 26 5 530 775
15 24 10 5 517 646
75 56 17 6 522 587
42 15 15 3 506 755
9 83 9 3 354 489
40 75 20 2 344 555
49 15 8 3 234 390
48 36 12 3 283 572
84 78 7 6 505 729
83 77 9 5 374 511
20 88 21 1 615 736
45 94 21 6 205 498
24 36 5 2 462 551
3 71 8 3 448 641
36 39 25 1 666 728
61 36 24 3 431 533
0 81 21 2 282 415
45 44 5 6 514 713
14 87 30 7 370 669
87 51 7 2 485 702
44 88 16 6 467 702
85 51 10 7 371 473
58 32 28 3 312 404
41 83 14 1 524 673
20 35 12 5 451 748
65 100 23 5 495 597
9 73 20 3 260 360
26 75 9 3 573 653
41 60 18 4 336 448
60 53 9 5 467 616
94 84 24 7 530 773
37 61 22 3 284 572
17 91 28 6 292 430
100 58 5 2 624 742
46 52 17 3 297 376
99 58 16 1 511 683
49 58 14 7 525 799
41 76 10 2 324 479
12 50 12 1 421 704
2 88 13 6 455 566
29 54 12 1 315 555
5 11 15 1 624 687
82 57 28 5 311 488
83 47 28 6 573 758
31 4 13 4 422 668
86 78 8 7 439 649
9 65 18 4 489 582
14 57 13 7 461 725
40 64 29 1 281 418
4 72 30 6 282 485
20 96 6 6 581 697
19 90 18 2 224 521
18 92 28 1 404 670
88 30 7 2 356 653
82 35 28 5 661 785
54 39 23 3 230 485
91 18 27 1 238 331
33 62 24 6 485 637
88 10 10 3 447 631
11 96 9 1 528 651
69 43 28 5 566 790
3 69 20 1 303 554
9 8 20 3 307 522
79 75 10 7 396 583
98 35 27 3 387 534
63 61 18 3 218 396
25 7 15 1 256 521
4 18 15 4 303 436
57 40 28 7 436 524
34 37 6 2 205 416
0 1 19 2 329 568
8 23 7 1 341 418
64 67 24 1 357 564
57 32 26 7 204 345
25 85 30 2 515 759
77 78 28 6 513 676
9 35 12 3 246 349
27 35 27 7 366 472
45 57 7 6 397 653
87 6 18 6 295 397
33 35 24 3 319 439
48 31 13 2 322 497
10 85 17 5 277 431
55 69 20 5 594 732
17 95 13 2 533 681
87 43 11 7 308 429
45 55 6 2 569 643
18 14 19 4 243 372
89 59 22 1 556 759
30 43 10 4 415 475
72 82 20 2 435 611
19 42 27 2 224 341
40 46 19 5 302 375
14 25 20 6 409 570
48 2 22 3 406 694
13 9 15 6 418 584
56 72 16 2 301 398
50 29 22 1 540 741
89 5 6 3 262 357
25 42 19 3 308 380
26 28 9 1 592 761
68 41 28 4 425 536
44 43 30 6 387 499
56 99 25 3 645 712
5 22 6 7 330 590
53 99 13 5 496 635
21 36 6 4 493 620
60 96 30 3 267 454
81 75 25 1 274 380
19 80 30 7 689 752
95 29 30 3 277 523
88 73 9 2 316 478
81 25 18 6 439 725
60 92 23 1 391 486
7 18 29 2 326 577
65 79 8 6 551 636
16 71 13 1 548 748
5 37 28 2 413 509
96 89 26 4 560 702
18 89 30 5 201 419
41 78 25 4 388 473
44 37 9 4 374 618
33 51 7 7 446 709
18 48 6 5 290 487
0 52 20 4 374 483
69 76 23 6 568 787
5 68 20 5 306 491
27 54 19 2 247 527
100 97 20 3 308 432
39 29 26 1 601 733
38 79 17 7 259 351
13 86 25 2 222 406
86 38 25 2 403 499
51 57 18 6 618 781
8 18 11 1 678 751
3 44 6 5 514 788
43 89 12 4 486 559
54 40 18 6 520 766
77 87 17 2 316 389
72 60 24 1 594 678
49 62 28 7 471 731
64 68 7 1 440 542
51 64 7 7 404 482
68 58 13 1 236 345
31 18 18 2 360 584
20 43 29 7 357 540
30 29 20 6 267 350
8 85 27 7 693 799
12 64 21 4 428 523
30 5 16 1 206 318
8 25 27 3 458 538
26 51 6 6 225 489
94 10 7 5 476 541
17 11 16 4 290 403
38 69 20 5 206 340
79 38 11 4 335 463
50 64 28 7 307 516
45 12 27 7 318 515
26 39 11 7 669 782
20 97 12 6 298 466
57 56 7 4 343 599
34 28 25 5 260 556
97 99 23 6 433 557
83 53 17 2 515 692
80 62 27 3 587 712
53 82 9 4 254 380
33 54 9 6 489 561
78 24 15 6 392 458
83 91 7 2 237 514
37 18 9 3 681 743
10 40 24 5 585 648
30 75 26 4 465 762
81 96 21 6 332 415
18 71 13 3 473 601
30 73 10 4 247 443
72 50 16 5 482 565
8 95 23 5 648 718
35 64 23 3 493 690
67 7 6 6 402 558
62 6 26 1 346 505
37 73 11 2 303 369
34 69 12 4 339 626
44 16 17 7 245 315
