1119
64 38 0 0 0 0
64 44 23 3 569 659
34 62 19 4 299 390
92 39 26 6 392 639
68 68 8 4 609 770
29 26 11 2 366 616
45 44 30 3 659 786
1 64 10 1 248 367
55 69 18 4 465 742
31 43 15 4 402 485
26 56 5 3 408 605
92 72 5 7 442 502
0 56 23 5 496 618
52 68 15 3 210 382
93 73 7 7 439 717
56 29 28 2 282 550
93 43 13 6 263 562
45 53 10 1 551 617
83 89 18 5 239 399
44 86 18 7 362 586
85 40 19 6 454 540
49 50 11 3 357 532
22 46 25 1 502 708
90 43 29 2 300 452
55 85 20 2 452 694
64 17 5 5 480 777
27 5 24 3 368 631
2 98 28 7 510 707
65 14 15 5 491 646
47 62 17 1 227 475
55 66 23 5 407 579
51 73 25 3 365 624
71 52 11 3 466 562
31 49 28 5 305 563
25 93 10 3 361 430
50 65 28 5 473 701
83 26 22 7 499 740
78 58 17 2 483 731
72 33 10 4 368 574
25 30 14 5 296 532
55 63 26 7 534 695
63 47 22 4 478 563
82 21 5 6 380 588
56 80 17 3 604 740
90 3 27 3 524 590
32 100 23 1 364 564
47 81 28 3 626 797
57 75 6 5 523 634
33 85 21 3 384 449
73 27 14 2 684 749
72 1 14 6 445 557
4 61 17 5 367 608
84 15 25 7 377 655
27 96 8 1 456 564
52 7 11 1 217 353
66 69 8 7 429 600
45 91 20 1 250 525
97 1 27 5 327 599
77 2 18 3 301 428
52 55 9 5 402 583
9 97 10 5 603 719
15 15 26 6 480 659
26 82 15 2 389 474
82 16 20 7 422 525
86 0 9 3 497 738
53 73 20 4 269 346
73 3 28 5 496 592
61 60 15 5 377 674
73 90 19 7 300 547
56 100 30 3 369 584
17 59 19 4 347 613
65 44 14 6 456 548
94 50 14 2 349 482
57 46 10 4 293 528
77 60 7 1 436 731
11 11 28 1 575 663
21 18 19 6 431 555
100 76 29 7 568 629
86 48 9 7 459 749
92 26 5 1 397 613
85 1 17 6 243 365
59 82 30 7 463 656
38 12 28 7 487 732
55 22 19 2 574 758
22 93 15 1 509 677
60 17 27 7 667 753
11 25 27 6 586 738
16 93 23 7 398 574
18 81 5 7 461 748
4 11 15 4 249 351
94 100 9 5 662 730
26 61 25 1 286 505
70 57 29 7 593 791
75 33 6 1 523 789
40 10 23 6 332 408
9 37 8 5 484 544
5 75 14 3 258 321
15 46 8 4 435 621
66 68 19 2 393 601
66 79 14 1 460 676
74 38 21 7 274 566
72 5 7 5 271 495
34 17 9 2 492 555
21 94 19 4 575 754
44 32 12 3 251 525
12 56 20 6 597 720
96 48 6 3 344 558
72 86 14 3 593 682
52 1 25 7 243 315
24 97 5 6 337 542
24 88 20 2 634 717
81 97 10 5 674 744
67 50 27 2 363 504
13 93 12 2 278 398
14 44 13 3 536 741
28 35 15 7 454 691
28 27 25 6 337 532
31 48 16 2 290 398
63 9 21 7 232 399
32 35 22 5 491 782
0 26 11 6 278 422
52 40 24 1 388 531
47 17 21 7 547 615
83 12 7 2 498 597
40 73 30 6 325 515
28 60 9 5 265 376
60 55 20 5 508 717
75 82 12 4 364 507
51 70 18 4 354 461
29 18 7 6 559 680
33 86 24 5 520 645
89 0 21 1 265 376
6 7 19 2 456 697
44 24 12 1 476 743
3 34 14 6 436 552
16 12 5 2 680 781
3 10 28 7 550 774
64 80 21 7 508 755
99 25 27 3 317 608
100 96 22 3 502 640
96 93 5 5 494 657
75 0 21 6 297 505
80 12 17 5 675 739
40 90 23 7 485 629
20 34 15 3 219 455
89 46 11 4 497 698
28 17 21 4 319 458
82 68 6 7 560 759
36 51 8 2 242 399
48 53 28 2 498 699
7 67 11 2 582 769
86 46 27 7 515 590
50 63 19 5 560 667
100 22 9 4 616 770
78 7 11 3 264 434
17 96 5 7 392 620
65 65 5 2 300 427
19 2 21 3 292 409
94 55 7 3 580 721
28 79 17 5 579 767
35 28 16 2 234 527
17 6 9 1 451 653
19 33 23 1 255 536
1 18 29 4 561 730
93 29 25 7 375 611
68 62 14 7 369 532
20 95 17 5 394 671
55 41 18 2 356 422
100 42 22 7 419 600
45 93 12 3 516 743
78 51 23 2 396 545
82 40 11 2 440 732
77 96 8 6 400 471
0 89 14 6 588 706
76 87 18 4 218 325
78 80 29 3 475 732
85 48 17 6 371 463
61 73 22 1 275 539
61 46 25 5 333 585
1 92 17 4 686 794
35 31 27 3 389 592
20 10 22 3 477 597
72 20 5 6 244 308
33 31 27 2 296 359
59 15 5 3 318 586
88 80 25 3 637 792
82 35 20 4 543 667
89 34 10 7 324 607
92 11 23 7 212 493
18 18 12 7 373 545
83 18 28 1 260 554
75 27 5 5 466 626
85 75 21 5 624 712
14 77 25 4 498 681
69 54 7 3 512 671
93 78 24 4 380 526
2 68 12 4 300 462
96 81 17 6 400 637
39 60 20 4 546 783
56 51 20 6 241 488
83 44 21 5 457 717
19 17 28 5 535 614
22 26 18 4 513 603
40 3 19 5 556 626
95 61 18 1 486 679
38 52 24 5 211 369
53 21 9 4 521 702
51 51 16 5 361 554
69 5 10 2 451 591
44 56 26 4 264 487
50 14 15 6 614 734
42 95 8 3 244 403
90 44 17 7 508 620
73 54 22 2 571 738
10 27 15 1 406 500
62 32 10 4 448 631
86 93 10 6 498 784
83 40 18 7 354 524
74 68 5 6 212 306
23 95 25 2 376 554
95 18 7 6 311 533
54 26 6 3 546 795
80 14 20 7 257 463
57 90 26 7 386 537
7 91 28 4 467 675
39 35 26 2 395 663
41 17 7 6 528 666
64 77 9 3 334 616
50 5 12 6 261 403
25 72 21 7 305 600
58 19 12 3 348 637
9 8 18 2 356 639
66 34 8 6 378 610
62 30 11 1 539 727
92 42 27 2 216 305
31 14 20 3 249 493
8 46 7 1 539 783
90 76 20 4 252 443
17 22 18 6 350 512
74 89 15 1 377 572
26 66 19 6 442 645
32 39 13 4 671 749
32 6 30 2 470 590
78 37 22 5 352 424
85 37 14 5 309 606
54 81 29 7 232 524
9 66 28 1 479 710
92 6 6 2 305 461
2 65 9 2 331 472
7 46 26 1 490 565
18 74 30 1 468 615
87 1 23 5 242 341
22 5 21 6 280 387
69 34 9 1 213 453
95 69 6 4 441 703
14 72 9 6 528 764
24 91 13 2 368 654
76 34 13 2 224 361
6 56 9 4 285 378
44 45 12 7 488 722
64 10 16 5 451 540
75 96 25 2 399 509
7 8 15 4 373 524
79 20 23 7 670 744
99 63 16 4 574 638
40 40 7 3 670 797
49 2 23 7 438 610
34 34 7 6 452 752
4 45 15 5 410 661
98 53 16 2 583 785
46 8 30 4 407 562
13 87 14 3 646 708
42 37 21 5 346 606
18 95 9 2 495 639
89 91 8 3 352 624
0 31 6 7 425 512
8 25 25 1 330 433
61 38 18 4 258 438
22 74 8 2 337 592
55 53 30 7 329 463
81 49 26 1 613 689
81 69 22 7 277 492
53 19 7 5 231 365
14 16 16 6 263 406
56 83 30 7 213 287
53 84 5 2 409 537
14 41 9 2 419 695
9 83 5 1 212 398
35 20 18 7 525 721
41 23 21 2 257 356
62 55 10 3 455 751
37 51 29 1 519 596
98 48 5 6 263 481
55 35 12 2 308 423
58 55 8 5 327 558
86 59 28 2 441 551
61 68 11 1 470 698
72 66 11 2 530 656
72 44 28 4 437 709
3 85 13 4 313 573
3 99 25 4 347 425
51 90 8 6 630 755
17 98 15 5 419 588
8 83 13 7 532 763
17 50 8 3 440 607
6 77 18 1 594 682
3 98 27 5 267 342
96 46 5 3 256 533
49 46 29 6 316 507
22 36 13 5 268 524
93 7 18 3 551 675
2 22 18 5 387 569
39 59 28 3 219 371
3 54 6 5 473 708
12 4 20 2 548 635
75 77 30 1 456 584
12 78 25 1 401 634
70 94 9 7 410 580
59 72 15 1 299 382
64 26 19 6 273 354
63 40 15 7 431 718
75 66 20 7 322 390
5 91 11 5 455 656
0 29 11 3 210 424
59 84 26 4 449 624
76 1 10 3 601 695
63 64 25 5 365 457
5 8 29 1 230 410
60 83 28 2 507 653
72 9 21 2 539 796
63 78 24 7 368 480
1 6 20 5 359 649
36 25 18 1 430 657
40 64 16 2 454 721
41 64 10 4 336 570
87 40 7 6 406 508
72 81 12 4 529 614
30 54 22 3 350 507
16 17 14 5 641 763
55 78 28 7 322 469
70 28 12 2 274 507
33 62 24 5 502 591
95 63 20 7 597 658
17 43 18 7 501 777
69 93 23 2 564 788
17 56 6 2 529 784
30 13 19 5 241 443
49 31 5 2 630 796
48 79 25 1 618 708
88 29 12 5 570 672
6 3 9 4 304 553
8 63 5 1 356 575
20 92 23 3 283 539
39 48 24 7 510 742
68 64 14 1 332 476
87 22 10 7 599 772
81 64 15 6 411 617
89 60 18 6 598 785
26 97 26 1 436 690
29 100 11 3 596 790
58 80 29 2 553 720
89 41 7 1 512 764
43 89 17 4 645 766
43 29 22 6 658 728
19 94 24 6 454 735
59 81 9 6 348 431
12 3 19 2 370 556
69 30 16 3 291 392
75 6 17 2 623 772
76 50 20 6 391 473
46 34 13 5 647 708
94 73 26 4 611 781
68 82 26 3 397 577
89 11 16 1 382 669
76 14 10 1 545 686
97 35 28 1 326 603
33 47 9 6 226 463
30 98 28 1 308 386
17 4 20 3 564 778
35 0 19 3 569 786
84 26 25 1 434 519
71 7 28 7 463 694
51 45 19 6 260 515
93 8 23 5 574 795
60 64 15 7 200 461
87 93 15 6 530 708
96 73 8 3 412 685
49 37 28 4 332 412
52 92 25 6 408 615
3 82 7 7 525 744
18 80 25 4 596 720
86 79 21 5 226 468
39 98 10 3 364 464
95 4 16 7 698 783
37 40 22 6 565 783
26 22 25 7 628 798
100 90 18 5 499 728
98 46 30 5 603 754
30 71 30 6 396 469
65 3 22 2 303 552
27 38 5 4 360 597
91 90 16 3 279 557
83 35 7 5 301 366
39 38 13 2 429 674
92 31 26 7 205 280
22 69 30 6 441 529
43 74 21 7 469 668
27 66 12 6 383 597
13 47 23 7 589 773
43 47 18 3 506 671
60 45 9 2 259 485
59 67 10 6 294 382
56 18 10 6 501 581
41 32 9 7 399 493
80 72 19 3 526 703
39 89 16 6 496 584
15 20 25 1 345 511
79 64 13 4 298 557
8 21 25 6 334 530
97 83 26 4 509 690
84 46 15 3 464 542
88 39 8 3 512 588
28 77 24 2 524 654
6 46 18 4 516 581
19 86 5 1 590 688
93 60 7 1 517 674
50 60 13 5 497 701
59 85 17 2 304 488
27 91 26 6 417 627
5 86 13 7 400 669
19 41 6 2 388 486
63 35 28 4 440 685
22 88 12 5 371 603
8 78 27 7 286 357
6 88 26 7 529 759
50 81 14 6 511 662
49 73 23 3 629 783
34 4 6 3 426 645
6 76 11 5 313 551
19 58 8 7 310 428
27 72 30 2 389 572
81 55 12 7 218 398
34 3 14 7 512 770
23 21 11 5 376 474
82 6 15 2 631 799
87 68 28 7 505 662
66 88 23 6 548 664
54 67 24 7 439 584
29 28 15 7 364 617
56 0 30 6 244 381
40 44 18 7 328 392
17 54 14 6 443 582
56 63 17 5 388 676
87 60 6 2 353 444
79 97 18 7 288 577
42 63 23 4 383 535
37 74 27 3 517 677
26 84 11 1 264 385
9 33 18 4 419 656
45 41 15 7 268 442
0 5 24 2 332 599
65 77 6 2 394 476
91 60 15 7 323 568
55 3 12 2 461 551
38 6 27 1 394 543
14 65 21 7 377 499
36 8 14 6 299 507
86 86 11 4 201 395
97 18 16 3 446 587
4 34 11 4 403 466
40 13 28 3 277 345
57 37 14 1 428 560
7 68 13 5 219 340
41 4 12 6 314 592
93 71 15 4 470 609
35 83 16 1 313 463
11 45 14 2 474 540
16 31 17 4 226 372
83 42 24 1 322 455
9 79 29 4 382 670
82 86 10 2 317 484
18 44 21 6 382 541
4 28 15 2 314 451
61 25 29 1 319 544
17 83 11 2 358 591
29 86 22 2 370 486
36 35 29 6 335 472
49 22 28 6 540 737
87 67 20 1 369 500
44 2 20 6 345 520
0 50 6 6 611 714
100 18 22 5 476 728
6 84 13 7 500 628
82 12 22 6 361 475
0 23 10 5 321 392
7 6 24 6 459 716
21 1 5 4 235 341
99 10 14 1 232 301
37 47 9 4 224 301
37 2 24 2 220 366
40 9 29 3 286 429
98 92 15 6 393 633
15 18 19 1 353 418
63 62 30 6 521 733
38 72 12 7 266 502
40 24 15 2 226 307
69 19 16 4 364 506
76 0 18 5 597 668
0 38 14 6 214 440
73 100 21 6 638 765
69 45 12 2 373 467
26 95 8 6 461 734
46 15 13 3 611 745
90 26 8 1 367 635
9 19 15 7 574 755
67 66 27 4 427 727
67 35 27 7 353 645
45 61 25 7 522 703
5 23 7 5 354 548
25 24 27 7 267 445
30 95 18 4 436 651
70 39 19 5 582 788
71 62 18 2 281 544
75 83 23 3 334 503
13 42 10 7 480 698
53 80 28 2 382 545
80 9 15 5 388 467
15 30 5 6 349 488
18 14 9 5 539 664
23 91 25 4 411 688
98 36 6 2 411 548
31 0 26 6 244 488
51 64 19 1 255 499
68 77 7 6 369 618
88 12 19 4 409 666
41 92 15 4 269 381
89 69 15 4 598 758
64 61 24 2 549 682
79 88 23 4 658 795
31 67 24 6 301 442
75 67 16 3 611 754
24 13 6 7 558 695
69 4 21 5 261 552
15 23 29 6 373 586
43 19 11 7 422 589
21 73 20 2 596 671
30 9 13 3 359 611
100 52 11 6 296 486
43 73 8 5 270 408
19 70 25 2 482 637
76 91 16 1 477 712
96 18 7 3 339 570
5 64 13 2 215 463
42 20 6 3 426 491
66 50 5 3 457 673
29 92 22 7 246 381
34 100 19 3 322 435
46 60 25 3 514 698
5 60 5 7 493 602
12 0 10 2 462 591
88 81 5 7 334 534
54 11 20 1 529 758
23 5 21 3 474 648
39 56 6 1 277 441
98 14 24 7 555 653
35 98 21 1 226 299
85 28 26 5 271 349
11 69 7 2 480 721
84 45 18 6 323 390
23 55 30 7 418 549
60 33 7 6 431 516
92 66 7 1 302 540
61 5 9 5 536 606
70 25 9 4 290 512
47 48 15 6 336 488
41 62 14 6 316 543
50 7 9 3 477 705
4 47 24 4 643 758
24 76 22 3 366 516
76 26 7 3 417 642
85 56 6 3 507 675
56 95 11 5 288 544
59 92 7 5 281 524
31 53 29 6 484 706
53 81 15 3 595 679
17 13 14 7 489 563
98 33 28 4 206 329
29 73 28 2 642 796
11 78 21 5 373 544
45 40 14 2 351 617
93 9 16 1 570 758
70 15 27 1 572 671
45 36 18 7 549 749
3 100 27 2 355 527
7 69 17 3 219 336
40 8 23 6 415 687
92 33 27 3 473 646
60 70 26 4 433 616
5 63 24 5 222 486
94 15 17 4 328 456
35 86 17 4 399 658
82 66 22 3 214 441
49 33 22 5 372 587
6 62 27 1 282 569
49 99 27 4 313 510
63 76 21 7 273 337
6 95 23 4 261 464
65 37 7 5 260 343
14 22 25 6 531 646
98 99 6 2 366 648
61 61 13 4 279 480
10 93 22 6 365 556
93 75 17 7 221 428
16 72 24 7 203 330
28 16 26 5 272 563
44 62 16 3 441 547
85 46 26 2 310 560
11 16 5 7 464 612
64 3 29 5 264 461
36 58 14 4 319 614
14 10 19 6 336 487
95 13 5 4 427 701
53 31 14 3 279 469
12 77 16 7 308 543
96 74 21 3 257 485
21 23 25 7 219 473
69 51 13 2 494 650
89 19 17 1 315 463
76 79 8 2 529 690
62 66 12 6 280 389
60 58 5 1 287 391
32 37 6 2 355 497
51 19 25 3 579 742
99 75 9 4 432 585
33 22 25 5 205 404
69 26 23 6 691 783
50 76 30 6 534 792
93 10 25 1 535 754
29 43 14 6 558 671
31 21 25 5 353 510
65 89 18 3 667 737
58 32 7 2 346 418
31 64 22 2 266 399
1 55 25 1 529 759
56 72 10 1 303 414
68 61 5 7 423 564
45 55 7 5 413 608
94 39 30 5 397 669
27 6 21 2 242 463
35 58 18 2 318 616
14 4 8 7 416 630
33 8 8 1 366 502
6 60 15 1 554 793
44 87 17 2 467 656
27 64 19 5 394 634
76 35 13 4 372 604
64 42 22 4 301 446
29 45 10 4 382 505
21 39 11 4 491 747
98 5 9 7 580 786
63 69 11 3 624 765
65 94 10 7 210 372
40 94 25 2 235 486
45 29 19 5 527 626
14 89 29 4 428 548
27 28 17 1 327 519
5 1 24 2 262 362
55 36 21 5 418 503
40 92 5 2 263 397
38 83 13 1 301 529
40 61 23 4 293 445
63 26 10 2 409 541
96 13 15 2 631 799
54 22 26 6 510 790
29 20 11 5 452 700
64 82 9 6 630 713
47 71 30 2 410 636
63 27 19 2 307 484
46 56 30 6 212 278
66 3 17 4 614 737
55 18 27 2 318 430
2 86 14 4 350 586
0 27 22 2 378 492
11 35 25 4 217 411
22 90 22 6 500 576
37 13 16 7 339 584
82 38 24 5 479 576
0 77 17 1 292 499
9 11 23 2 431 709
47 28 15 2 505 798
34 56 23 4 499 754
68 30 12 2 527 719
31 81 23 4 326 403
7 98 28 1 298 568
51 22 13 5 231 323
83 37 19 4 233 467
77 99 9 3 340 499
5 14 24 2 523 594
52 85 23 6 210 438
7 23 18 7 246 458
3 28 5 5 549 637
63 54 11 3 690 782
81 36 30 4 245 528
27 99 22 6 558 784
59 64 25 2 389 651
30 58 18 2 451 518
13 51 23 1 398 523
25 85 5 2 474 646
79 100 10 4 493 759
32 36 28 7 295 360
49 84 24 1 674 748
61 59 25 3 214 383
16 0 26 1 637 785
98 74 20 4 421 597
96 77 22 1 366 594
4 63 30 3 444 548
20 100 17 6 295 500
30 68 27 2 634 740
47 99 8 7 411 570
20 39 14 1 266 519
13 54 8 3 283 544
89 38 28 5 242 410
96 9 16 5 200 374
14 5 24 1 614 699
5 36 19 3 395 653
96 8 8 6 358 527
41 42 27 5 274 485
93 95 21 6 444 659
73 34 18 6 277 522
81 92 30 4 374 605
53 34 23 2 216 512
79 50 18 7 478 551
73 60 14 1 430 599
37 7 14 2 238 384
57 13 5 1 443 599
54 28 12 7 292 567
11 98 24 1 379 440
20 41 16 4 296 382
0 79 29 6 210 388
11 79 11 7 281 563
33 89 8 2 343 424
88 34 8 3 582 732
70 56 19 7 369 474
57 70 11 6 644 750
27 35 7 7 226 340
78 48 6 2 699 766
25 38 8 4 435 696
98 81 16 1 341 612
57 100 13 2 207 377
17 41 9 5 308 373
55 58 16 2 498 717
71 74 12 4 594 731
35 12 27 2 247 480
55 67 22 4 353 492
49 59 16 2 207 295
0 87 18 2 393 613
87 82 17 7 512 683
59 76 8 7 463 571
41 73 15 4 527 746
26 58 7 7 307 594
93 99 30 1 354 512
59 86 20 7 444 671
59 78 19 3 335 587
54 49 26 2 594 687
21 77 15 6 307 536
28 54 19 2 300 442
90 39 12 6 399 604
80 25 21 5 334 476
18 11 18 5 298 444
16 38 13 2 478 758
97 75 28 1 305 594
71 71 13 3 455 567
61 97 15 4 239 489
6 25 30 3 727 795
18 1 27 5 481 590
1 25 23 3 243 360
88 68 8 2 557 759
94 44 12 3 541 629
34 39 19 1 203 397
16 25 10 4 409 642
79 72 16 6 602 766
55 9 28 2 270 509
99 47 24 3 317 482
48 8 25 2 544 691
30 31 22 6 481 577
85 50 13 7 299 543
99 34 7 5 363 492
77 51 15 4 389 499
25 10 19 3 241 525
37 99 27 7 353 515
44 94 8 6 614 677
58 4 16 7 516 616
28 51 28 5 391 595
0 75 7 1 560 709
10 49 12 1 342 544
52 49 12 3 397 569
0 10 23 3 364 640
34 14 20 6 412 500
34 70 5 5 480 717
72 45 21 6 394 662
77 59 5 3 371 487
78 90 16 7 242 390
81 12 17 1 345 632
80 54 24 3 379 458
59 95 18 6 303 523
2 45 22 6 334 515
56 85 15 2 266 364
42 23 14 7 468 733
15 42 15 4 349 542
70 42 9 6 328 593
59 77 18 3 288 395
16 44 19 5 516 727
37 84 11 6 352 608
14 93 15 6 265 435
78 36 16 1 392 485
11 38 15 5 548 759
5 16 9 4 533 755
66 8 13 6 211 408
52 62 7 1 339 485
100 63 27 1 208 296
46 42 21 7 205 320
15 87 28 3 389 623
85 30 24 4 540 604
49 79 14 3 523 664
56 12 7 5 379 580
29 40 5 1 552 631
18 2 6 1 493 668
37 88 28 5 349 479
70 51 10 1 373 620
20 15 16 4 621 800
75 48 22 2 383 587
91 85 26 5 545 620
35 60 13 1 283 376
81 86 10 3 523 746
2 52 18 3 472 540
47 25 17 3 351 631
82 85 10 6 508 760
44 83 25 6 343 525
46 12 24 1 714 789
72 84 24 5 261 450
87 90 30 3 238 425
50 100 21 1 426 596
24 92 12 5 429 515
24 46 6 7 259 471
60 30 23 2 271 434
65 26 6 4 403 661
58 25 30 7 224 389
48 80 16 2 402 548
50 96 6 7 421 578
8 45 18 7 409 527
99 13 10 4 534 790
6 69 20 5 261 479
87 25 19 1 493 779
81 8 7 3 465 735
37 48 15 3 333 632
5 3 6 1 266 521
94 16 14 1 251 518
84 19 22 5 209 399
56 98 30 7 438 517
2 78 22 3 498 709
69 64 16 7 621 764
11 24 23 7 603 733
43 60 18 6 430 545
1 86 24 5 430 511
60 66 25 6 471 640
57 66 5 3 400 588
12 64 27 1 610 754
100 29 30 7 620 778
56 26 16 5 440 570
81 23 5 5 616 704
17 39 29 1 593 786
18 91 23 4 420 647
31 92 6 4 229 348
75 44 10 2 354 481
24 74 10 7 251 393
7 94 7 4 222 398
30 50 5 1 380 555
80 62 16 5 348 508
77 91 13 6 249 479
11 39 19 3 692 754
31 51 5 3 510 710
48 24 13 2 441 526
100 87 6 2 213 294
19 34 17 3 213 466
59 90 20 7 708 793
96 90 7 2 306 402
89 7 12 4 568 675
45 88 23 2 229 444
83 24 24 5 242 379
53 70 24 4 290 432
93 59 20 1 242 325
45 67 26 7 620 772
99 93 20 2 278 555
79 68 13 3 457 683
26 75 21 2 366 479
65 31 9 1 442 524
75 73 16 4 379 568
63 55 6 6 585 684
44 59 15 3 336 505
70 5 19 2 538 671
90 23 13 6 306 459
49 58 15 3 504 788
47 1 11 7 672 752
10 39 5 5 624 700
19 73 17 7 585 668
70 4 26 6 489 756
74 59 24 3 309 466
20 48 25 2 391 643
22 18 22 2 314 507
82 100 5 4 333 501
2 69 28 4 245 308
19 16 8 5 506 779
20 2 24 4 588 701
97 33 10 2 548 689
51 87 15 3 412 663
43 70 7 2 260 410
62 76 17 7 344 630
99 28 19 5 519 605
30 19 6 7 354 626
35 29 5 1 409 513
84 93 19 1 256 473
71 9 17 6 397 636
8 70 13 2 363 662
75 52 19 6 418 485
59 80 12 6 424 599
63 72 27 5 357 604
63 4 6 6 280 398
58 44 12 4 224 501
68 55 19 3 350 621
72 22 23 1 362 422
81 43 21 6 208 308
92 64 30 6 384 653
11 43 24 2 331 430
56 5 25 5 225 325
93 88 27 3 412 698
9 65 7 4 627 727
24 90 16 7 245 459
70 89 10 7 500 769
14 8 24 2 619 738
15 22 13 6 341 438
49 93 23 4 447 729
73 61 13 2 477 688
22 85 20 5 432 655
81 63 17 1 305 500
53 93 25 2 333 619
65 15 10 6 549 669
54 20 7 3 647 719
62 13 20 5 574 689
58 13 10 7 332 535
56 52 27 6 414 689
85 58 16 2 599 668
88 24 19 1 238 308
17 72 26 5 418 558
4 12 19 7 515 748
10 90 10 3 676 799
83 45 29 4 226 511
87 73 30 6 273 390
96 12 24 7 247 338
5 15 18 7 268 347
66 20 30 7 531 722
71 82 24 1 472 540
82 90 6 3 402 475
88 98 5 2 444 727
39 44 11 6 499 655
69 99 21 4 510 792
81 51 23 3 496 634
0 83 13 5 543 742
44 57 7 1 253 378
76 5 12 1 288 559
61 81 10 1 398 476
29 4 10 5 339 581
98 31 20 1 266 337
39 32 21 6 411 522
48 4 21 4 247 422
82 17 30 2 445 687
100 85 17 2 284 487
39 19 16 3 572 674
79 16 23 6 377 442
25 77 23 4 721 794
16 94 15 5 280 353
55 26 20 2 297 357
69 17 5 4 512 585
67 1 13 1 291 356
47 67 30 4 392 537
9 57 15 3 534 601
59 87 29 6 236 312
74 16 20 5 658 795
72 25 7 2 240 311
96 44 30 4 471 750
5 87 14 4 473 721
63 21 25 5 585 708
31 7 9 4 320 443
52 6 25 6 329 417
64 75 6 2 506 765
54 38 10 2 664 745
76 95 25 5 548 787
2 32 20 1 475 552
26 90 6 3 519 669
69 85 6 5 476 542
57 0 24 2 494 659
44 76 25 2 496 645
67 2 9 5 509 699
51 92 25 1 452 705
82 43 16 2 419 563
45 69 28 1 257 411
54 13 22 1 613 769
21 24 8 7 252 384
78 81 30 1 619 690
67 88 25 2 303 533
61 45 12 5 229 502
99 77 14 4 323 538
1 44 14 1 385 448
31 42 17 7 296 476
73 41 5 1 433 651
68 14 26 1 404 616
95 51 14 7 677 749
69 63 9 1 423 712
32 23 13 6 451 690
88 69 16 6 518 616
2 41 6 7 345 632
100 64 28 3 474 639
8 65 29 2 449 527
5 5 26 3 443 554
81 95 9 5 573 638
6 5 5 3 400 672
50 68 11 2 400 586
28 47 23 6 511 692
45 54 18 5 565 640
20 38 24 4 529 766
94 82 27 5 674 749
72 2 10 2 521 790
20 32 12 6 257 410
27 25 24 5 718 800
73 9 7 7 243 389
78 41 18 7 394 550
10 1 6 1 326 557
38 89 12 3 448 684
65 28 13 2 539 622
14 97 14 5 255 544
63 68 22 2 401 657
65 52 15 2 642 715
48 58 12 6 398 478
11 28 23 6 563 783
74 55 28 3 235 498
66 70 5 1 227 459
91 7 27 7 465 756
53 43 17 7 342 514
50 6 7 1 536 634
43 90 27 7 465 589
96 23 10 6 527 731
87 69 12 5 619 768
89 57 18 6 272 494
85 21 9 2 267 555
60 65 20 1 370 526
24 20 18 6 476 772
21 72 28 2 706 786
59 70 13 1 309 453
4 76 25 5 423 483
25 9 6 4 331 531
2 88 13 7 559 697
19 22 21 1 611 679
29 61 8 3 536 676
46 57 25 1 246 309
73 42 19 7 469 599
71 92 8 7 474 753
25 16 25 1 505 648
30 11 20 6 665 739
76 46 27 6 342 402
84 3 23 2 492 700
83 46 12 4 279 349
86 71 23 1 578 717
98 96 14 7 313 525
19 29 13 4 520 753
0 94 23 2 583 738
16 54 13 4 394 533
59 16 11 3 398 640
6 22 23 6 298 388
7 31 27 7 281 462
56 30 25 7 250 443
93 0 19 2 430 633
75 61 18 5 631 775
52 32 15 7 617 738
62 26 20 5 360 632
30 48 21 5 588 792
43 93 5 2 244 409
36 22 7 7 298 596
83 71 21 6 504 715
55 81 13 3 416 651
9 98 27 5 343 415
50 35 23 7 591 665
77 92 21 6 299 589
10 94 5 3 521 604
63 14 10 2 234 385
31 26 16 7 377 675
32 89 26 4 247 522
40 59 23 2 407 481
94 66 6 4 470 742
37 91 21 2 248 491
5 81 12 4 513 634
7 96 9 6 676 737
83 60 19 2 671 763
59 88 25 6 223 482
88 76 19 6 355 483
79 1 11 3 492 674
58 2 22 1 432 496
0 80 11 1 664 760
32 27 19 5 386 447
25 23 10 1 227 487
99 86 18 7 618 750
33 20 22 1 377 483
87 50 20 2 568 716
51 6 16 1 294 508
55 10 29 1 464 562
97 14 7 5 330 390
56 3 20 7 235 506
87 49 17 3 304 544
28 48 24 4 479 652
24 68 24 3 330 420
95 84 11 2 228 400
