1074
26 49 0 0 0 0
90 90 21 7 451 693
82 50 30 7 621 719
32 25 14 5 388 655
65 27 6 1 402 511
51 17 9 5 482 751
52 71 20 7 607 689
11 54 25 7 271 494
49 100 15 2 439 695
64 39 20 7 228 379
90 13 6 4 328 477
31 83 23 3 364 540
27 49 30 4 216 280
19 56 27 1 485 604
23 22 12 4 493 661
30 66 26 6 261 546
92 22 20 3 226 288
88 39 21 5 207 277
11 96 21 1 489 648
73 5 28 3 229 416
38 50 5 1 517 707
58 75 23 6 530 702
4 71 13 6 494 647
51 36 21 5 528 729
9 49 21 5 401 648
4 13 7 3 206 405
87 59 13 6 305 501
78 91 30 6 418 596
44 14 19 2 444 635
49 37 10 5 606 743
7 32 15 2 324 519
91 36 26 7 345 478
67 95 12 7 441 521
68 7 11 7 545 726
86 71 21 4 481 594
33 42 22 2 417 543
57 99 22 2 272 476
49 57 6 6 227 339
87 91 30 5 492 784
9 5 24 1 264 481
97 92 13 5 279 445
34 5 22 5 536 715
31 92 8 6 469 686
28 88 12 2 304 481
63 85 28 6 534 748
30 69 7 5 448 593
36 3 15 1 598 672
43 51 26 3 528 629
15 1 27 1 481 620
42 60 11 2 516 697
31 87 20 5 526 610
31 99 8 2 468 589
85 11 5 4 372 569
26 81 29 5 644 777
32 41 15 7 413 498
44 65 7 7 572 717
94 92 20 3 242 468
24 47 24 2 367 432
70 66 30 5 615 779
19 38 29 4 424 717
32 11 10 5 257 431
33 38 13 5 245 448
79 79 30 7 230 470
69 51 13 5 296 577
60 75 29 5 522 654
47 13 16 7 330 503
38 6 25 6 469 721
33 18 23 5 319 611
60 88 20 2 348 642
83 21 5 4 213 423
41 75 12 3 425 555
79 55 10 2 673 734
89 34 27 7 319 457
68 64 26 1 526 781
46 8 8 2 430 598
81 14 13 6 337 586
84 82 9 6 509 682
4 45 12 1 289 523
96 0 23 6 280 354
34 15 17 6 590 780
85 39 6 5 375 494
76 91 28 6 447 747
78 24 8 7 592 769
21 42 30 6 644 730
14 9 24 5 605 729
0 11 13 4 456 640
53 84 9 1 516 651
32 13 28 6 420 502
6 51 15 1 201 281
33 16 29 6 202 320
61 15 28 2 513 597
3 97 26 6 469 705
16 20 16 5 684 774
52 25 11 6 374 522
68 46 20 6 394 525
22 88 22 6 206 272
60 89 24 4 475 696
93 17 18 3 439 606
65 50 22 1 568 794
44 27 11 5 373 567
95 53 23 2 583 793
50 60 20 7 275 526
6 98 25 2 409 470
70 97 30 1 235 311
6 39 23 1 235 501
98 24 13 7 297 572
9 7 23 1 292 570
28 34 25 5 319 424
100 53 10 1 296 472
45 92 30 6 489 556
75 91 8 6 634 775
9 78 19 5 318 617
34 35 18 6 444 538
46 86 27 7 332 512
64 68 17 6 250 334
74 28 12 6 396 679
15 11 24 1 498 789
17 80 16 5 295 564
81 99 13 5 597 681
63 3 27 7 417 716
51 43 13 3 384 564
71 48 24 2 429 607
93 57 5 6 361 625
12 51 11 7 325 588
38 39 25 5 363 553
54 14 23 2 486 655
65 9 8 3 520 741
49 68 30 2 428 672
47 58 10 1 375 448
66 59 28 5 593 679
90 78 24 4 298 587
89 40 5 2 347 612
48 67 9 4 402 464
27 38 14 1 578 652
37 1 26 1 512 686
49 98 25 6 666 783
39 4 13 7 386 606
99 44 20 7 246 509
69 56 10 2 332 527
61 93 9 5 547 618
15 84 14 4 227 340
76 97 30 5 578 662
15 76 6 3 346 449
75 24 16 4 305 438
69 89 12 1 399 666
96 20 24 6 287 379
94 23 13 2 209 472
71 17 16 4 533 753
88 75 7 4 316 581
25 4 6 1 607 676
51 13 21 3 263 480
11 78 29 6 564 701
7 36 20 3 374 543
14 6 27 1 589 772
95 35 22 1 540 626
51 5 5 7 235 436
5 35 21 2 330 535
8 82 17 5 437 552
86 66 26 5 251 366
51 78 30 3 463 538
96 56 5 2 352 613
93 35 6 6 371 446
17 49 8 2 239 412
97 23 26 2 296 370
24 72 22 1 254 474
19 67 21 5 297 418
25 24 15 5 290 505
49 63 19 7 441 553
57 46 6 4 430 585
75 45 27 5 537 778
97 74 24 7 377 442
4 72 17 6 587 751
47 28 12 7 492 598
23 71 22 5 282 563
67 53 14 5 311 411
85 99 28 5 370 530
73 84 14 2 331 503
18 78 8 6 313 431
2 29 21 1 658 772
76 35 11 5 270 563
67 10 19 4 498 792
37 21 5 1 438 602
8 27 20 4 273 560
23 50 20 6 236 386
49 92 12 3 241 514
27 88 7 6 687 765
72 79 9 4 301 465
35 9 10 6 613 714
15 47 25 5 466 749
34 36 15 5 616 741
58 11 21 2 225 444
89 84 11 2 450 571
74 25 5 5 233 351
85 41 9 1 594 754
75 47 12 4 601 753
26 51 10 7 673 760
83 9 25 3 460 642
67 29 28 1 369 463
32 10 7 1 226 458
92 70 14 2 281 346
7 45 15 5 461 642
54 56 12 2 582 704
42 70 20 3 427 625
69 75 7 1 546 629
57 49 14 2 452 683
21 76 12 5 458 654
12 82 27 3 514 701
17 19 15 6 210 477
13 90 17 6 264 474
39 9 24 2 287 422
94 0 15 6 355 514
67 66 6 6 223 283
61 14 15 2 409 493
32 14 14 6 232 501
90 94 28 2 333 552
27 6 15 3 262 458
42 93 13 4 575 657
1 98 11 5 512 674
36 8 10 1 506 593
40 82 11 1 631 709
17 53 9 3 347 426
52 20 10 3 434 679
99 27 5 5 443 731
47 35 8 4 227 412
76 5 16 2 340 490
40 62 19 6 214 425
23 42 26 1 449 574
61 81 28 4 429 660
60 4 28 2 303 425
8 29 26 7 328 609
52 14 20 4 570 643
63 88 25 6 219 452
100 14 30 6 319 447
47 31 11 6 400 611
5 33 18 4 268 403
32 71 18 1 706 770
62 63 17 7 519 665
2 88 9 2 285 399
9 47 12 2 501 628
32 28 29 2 543 638
67 42 6 1 268 562
3 78 23 6 434 556
35 27 15 5 357 546
9 41 24 5 253 422
47 1 28 7 381 608
76 52 10 1 203 502
99 4 9 7 239 337
46 22 30 5 206 474
91 20 29 6 245 358
31 7 18 1 263 520
62 8 28 6 539 737
90 11 15 7 324 475
34 38 30 3 347 585
32 95 24 1 569 749
27 8 14 2 423 502
17 45 25 1 382 497
80 3 5 3 495 710
44 51 28 6 360 467
20 57 6 7 446 611
97 84 8 5 206 506
49 94 16 7 370 653
52 41 29 1 513 707
91 92 8 6 275 452
77 49 19 5 503 710
43 13 14 4 393 619
39 32 26 6 314 448
70 10 13 1 569 791
29 85 19 4 377 638
70 51 18 2 714 791
65 95 12 5 489 606
78 25 27 4 470 593
39 77 16 5 567 754
8 3 30 2 371 487
23 10 12 5 295 441
56 87 11 3 246 481
9 93 10 4 410 653
53 74 16 4 679 783
89 19 20 2 451 640
12 19 9 3 571 747
37 68 27 1 384 445
48 11 14 7 287 415
48 7 28 4 500 587
94 52 30 6 466 709
18 23 14 4 231 420
79 40 25 7 278 413
68 71 25 1 618 728
38 14 16 2 380 489
1 54 11 3 323 612
16 94 15 6 210 484
87 37 8 2 524 690
89 12 22 4 519 583
10 17 23 5 358 425
81 79 23 7 436 589
43 67 21 7 460 566
23 37 13 2 311 583
67 23 30 3 383 464
93 32 21 2 691 794
7 97 22 5 465 700
21 59 29 7 228 386
21 2 5 1 526 658
96 66 14 2 650 740
4 85 25 4 729 800
23 46 6 7 370 642
28 87 23 4 576 728
10 50 15 3 424 576
89 46 8 1 204 375
67 60 13 7 612 763
2 75 25 7 561 787
17 24 7 1 300 375
94 1 8 1 304 398
14 43 30 1 297 439
33 8 26 5 229 529
65 69 21 3 200 265
89 88 16 1 649 756
67 8 7 1 235 305
47 21 25 4 311 525
88 62 15 7 621 687
20 59 5 3 290 473
10 67 11 7 283 518
25 70 25 6 437 728
77 88 18 5 493 588
83 12 25 5 345 608
39 8 8 5 336 517
20 75 22 6 384 451
1 95 19 3 369 572
17 11 23 4 505 666
3 60 24 6 612 698
2 73 24 1 412 686
85 13 7 7 644 777
70 5 30 6 469 550
82 20 19 6 416 592
91 0 5 3 260 385
98 17 6 2 469 571
10 89 8 3 449 697
98 54 22 6 465 677
28 98 16 5 243 436
59 66 18 1 324 462
56 35 9 4 383 668
71 66 14 4 385 513
92 74 8 1 222 350
18 37 22 3 572 718
92 95 19 1 264 397
21 39 18 6 283 397
84 33 17 7 365 603
95 95 22 5 553 642
51 39 24 5 318 552
40 50 23 1 407 662
26 12 22 2 489 652
4 30 30 4 544 659
75 9 29 4 518 789
19 16 27 7 418 556
27 9 15 3 472 594
76 23 26 1 500 722
53 44 19 1 394 562
89 62 6 7 359 635
74 70 9 1 232 498
98 51 23 3 509 747
64 29 21 6 408 653
21 88 14 1 551 739
30 50 17 2 239 420
18 44 11 6 323 440
82 38 9 6 494 717
22 42 17 3 494 651
9 86 28 3 655 743
79 82 15 2 322 414
10 19 25 1 376 618
10 18 21 3 239 538
63 27 19 7 533 704
41 37 29 7 271 411
87 40 28 2 210 476
27 82 17 6 694 785
94 7 13 7 287 512
50 43 11 2 408 621
20 78 11 4 642 798
72 93 19 7 632 707
100 73 10 6 290 395
41 68 9 4 690 753
65 39 14 6 608 780
94 31 22 1 440 556
96 42 22 4 303 399
28 65 30 2 409 588
73 100 9 1 660 787
8 21 23 4 576 682
20 86 21 4 398 516
2 17 20 4 287 482
91 94 9 5 464 691
87 89 21 3 586 687
57 77 19 6 239 367
71 42 28 7 327 414
48 80 28 4 586 655
39 99 13 6 629 783
10 49 11 6 615 719
27 45 27 7 652 755
18 75 25 3 387 610
32 2 27 7 349 549
46 79 24 5 594 796
58 15 29 2 431 583
52 100 27 6 395 592
47 6 17 2 260 339
39 17 12 4 237 490
56 90 15 5 272 366
75 28 9 7 543 764
28 41 20 6 539 611
27 70 18 3 234 518
11 73 8 4 216 320
22 5 8 3 201 320
16 46 28 2 301 564
32 5 9 5 420 565
68 2 9 5 278 364
100 37 18 3 465 663
28 78 21 4 275 366
26 90 24 7 272 376
5 56 22 5 373 490
59 56 8 2 482 683
71 33 27 3 511 789
1 45 5 6 445 572
11 32 18 6 336 396
32 51 30 4 405 486
20 37 5 6 455 693
45 0 19 6 258 396
62 15 23 3 396 518
37 87 12 6 443 685
62 95 10 2 255 389
81 24 8 1 258 405
6 63 13 7 543 675
83 0 13 1 391 659
69 4 15 2 366 658
31 76 30 4 450 673
40 71 18 7 293 498
52 32 27 7 252 405
61 98 19 4 216 402
31 74 8 4 527 632
35 55 5 7 392 476
68 47 8 5 233 512
27 73 29 3 390 451
71 16 17 5 490 659
66 48 9 6 324 438
34 70 9 4 233 384
81 94 7 4 423 634
72 78 17 2 474 556
39 22 27 6 506 740
33 14 29 4 460 745
56 84 11 3 461 534
10 42 5 1 271 503
38 1 24 5 427 633
36 16 26 3 341 488
62 80 7 5 263 455
69 42 20 7 321 507
31 79 21 7 541 726
89 35 7 3 373 563
64 24 29 2 287 530
94 97 23 2 688 756
89 69 10 1 670 740
67 73 14 6 218 370
90 51 20 5 507 601
82 26 29 2 241 537
78 8 6 1 614 766
28 44 28 1 247 448
92 41 24 7 375 651
76 17 7 1 397 615
43 54 15 6 527 675
15 94 18 1 513 703
41 78 27 7 412 597
88 79 24 6 500 616
5 32 15 5 531 754
74 48 28 7 367 504
14 7 13 6 402 471
75 70 22 4 415 558
37 78 21 3 257 440
79 67 27 1 449 528
32 60 13 1 494 748
35 22 22 7 308 411
49 22 29 7 565 746
76 63 8 1 313 611
95 57 23 5 216 475
27 90 26 5 268 430
39 20 24 3 221 304
47 9 13 1 613 714
67 100 15 4 509 697
78 97 27 5 674 781
66 95 29 1 700 777
62 30 30 3 470 724
54 34 12 5 632 743
49 84 13 4 386 480
21 31 20 6 377 463
81 10 9 1 667 770
74 40 18 1 463 747
41 76 18 4 545 800
96 13 7 3 262 526
16 14 5 5 417 615
27 52 25 5 306 532
15 31 6 1 323 440
14 77 21 6 518 714
11 82 28 6 214 456
14 74 26 4 401 617
68 34 22 2 426 516
87 13 19 5 237 431
60 27 17 7 201 354
59 50 30 5 423 591
50 74 26 2 439 716
39 69 6 2 251 358
78 61 26 3 417 628
45 42 16 5 454 576
61 6 5 6 219 472
10 43 6 4 432 578
47 19 19 7 218 341
20 97 6 4 518 760
9 25 11 4 425 713
20 83 15 5 232 343
5 72 23 4 443 685
82 54 8 2 574 677
58 39 7 7 411 568
87 25 11 4 205 443
81 55 26 5 266 419
31 36 13 5 526 645
75 21 7 6 614 791
46 26 12 2 360 617
52 66 9 7 424 616
30 37 15 3 265 431
0 9 21 3 326 553
96 7 18 2 285 568
14 50 9 3 383 445
20 93 9 7 310 392
8 32 20 1 648 738
82 3 28 4 406 620
39 98 8 5 492 715
31 15 13 1 267 567
27 93 12 3 520 655
29 43 22 7 537 677
65 41 16 1 214 392
45 52 30 6 506 702
27 92 9 7 537 626
39 66 10 1 365 455
72 51 8 1 308 427
7 53 25 3 449 516
73 70 10 7 239 360
7 63 8 2 614 697
42 30 7 3 401 533
44 40 7 3 480 752
19 1 9 7 356 434
48 61 7 6 382 608
94 29 15 4 428 628
68 94 9 3 406 559
51 82 27 3 307 499
36 47 24 2 277 464
63 15 15 3 314 403
57 35 28 2 476 714
91 60 14 1 261 390
23 93 8 6 547 622
56 100 5 2 675 735
26 77 9 4 545 790
89 21 11 1 403 694
98 100 28 1 371 517
59 79 28 2 588 770
71 24 23 3 475 590
89 60 21 3 570 760
29 14 13 5 437 685
38 78 13 5 414 506
56 48 21 4 519 761
17 23 20 6 510 747
90 63 10 1 392 595
66 41 24 7 208 363
36 5 28 6 487 737
0 41 6 1 621 738
4 7 9 7 692 769
88 7 5 2 410 475
26 43 7 5 397 667
4 94 14 3 251 509
42 61 27 2 523 635
78 82 27 6 348 473
1 77 25 1 493 724
11 60 20 6 322 392
47 25 12 7 257 499
48 23 23 6 575 704
40 49 11 2 260 454
15 90 25 3 240 363
32 46 14 7 378 627
53 95 11 3 534 736
67 99 26 2 423 637
93 23 22 3 566 728
64 3 18 4 258 441
93 2 21 1 273 400
81 42 15 4 367 502
38 59 20 1 255 407
88 20 7 4 654 745
61 90 6 7 282 397
41 93 15 2 518 754
66 50 28 2 673 772
23 86 18 7 242 465
91 85 7 1 354 532
61 21 23 6 264 411
15 36 28 3 448 708
63 67 14 1 414 484
19 32 18 2 232 361
73 28 5 4 689 764
100 58 22 3 229 337
17 79 5 7 251 443
3 16 14 1 454 620
77 94 19 5 258 464
94 12 15 4 206 374
17 61 11 1 646 712
67 36 12 3 230 450
20 77 24 4 419 614
10 100 21 2 250 440
69 93 8 6 341 532
4 46 12 6 621 681
34 58 21 7 372 657
36 6 20 2 270 358
3 34 12 3 384 638
79 9 19 1 511 681
31 51 18 3 205 406
48 35 22 4 551 771
44 77 29 4 705 770
33 90 5 3 454 621
38 67 25 6 412 573
72 80 9 7 210 453
47 75 6 6 332 508
60 77 7 5 432 499
21 72 13 1 376 617
6 26 19 4 593 789
98 69 17 7 285 485
49 13 7 2 203 481
71 31 19 7 347 627
5 10 8 5 435 607
55 12 23 3 511 797
30 20 30 3 571 658
86 36 20 3 337 608
85 81 25 6 588 676
50 50 20 2 537 741
6 65 13 2 208 378
0 92 16 5 691 766
41 60 21 6 223 400
46 50 6 7 215 337
60 100 21 7 572 645
33 58 12 2 231 416
29 71 20 1 392 548
97 19 7 3 302 367
59 8 13 7 396 587
49 75 20 5 313 413
53 38 14 2 384 578
21 87 5 5 438 684
59 1 13 6 644 713
87 7 19 7 356 584
82 96 17 5 541 764
97 79 11 7 305 603
48 87 21 1 366 540
100 78 15 7 322 540
100 77 9 1 241 484
98 93 7 2 511 571
73 89 28 4 334 566
17 52 17 5 323 523
56 16 14 2 203 377
31 89 16 4 282 485
25 92 13 3 375 654
97 46 27 5 292 452
19 98 30 3 465 562
16 82 25 5 203 358
3 38 7 4 500 679
92 17 23 2 415 642
25 81 10 4 347 427
78 76 20 7 395 607
96 12 7 5 391 518
3 96 25 7 341 461
46 41 5 6 287 427
14 63 20 6 217 283
25 20 9 3 270 556
13 55 7 3 415 510
91 88 7 4 677 793
65 31 14 6 202 347
39 82 20 6 445 581
56 18 30 7 500 595
0 63 24 7 201 308
99 17 26 1 221 448
20 63 7 1 592 698
67 85 12 1 373 548
97 17 15 2 569 701
77 98 13 7 493 567
54 39 30 5 507 577
93 91 11 4 644 711
35 17 30 5 213 506
81 60 21 6 225 296
69 92 28 7 381 474
14 59 26 3 318 608
65 42 20 3 285 575
13 36 20 5 363 626
99 0 20 1 339 412
21 18 22 7 298 468
42 9 8 3 287 478
56 76 7 5 221 516
13 54 27 4 519 617
71 83 18 6 532 727
69 49 7 2 419 511
7 56 11 7 390 648
55 92 29 4 553 633
50 76 24 1 320 563
13 70 27 3 471 659
9 83 19 5 293 536
94 10 18 2 351 600
3 41 8 7 425 636
82 63 25 6 330 490
30 0 28 5 330 471
70 46 12 7 721 785
41 11 14 4 471 537
9 50 18 3 686 748
45 5 11 1 584 688
96 39 7 4 435 620
82 12 23 5 348 479
49 11 16 4 453 593
57 61 22 2 567 744
89 33 28 7 430 711
98 68 11 1 317 487
75 13 18 7 476 665
94 27 30 2 335 447
61 58 17 1 599 767
55 88 21 3 345 488
41 34 21 2 503 605
56 99 25 2 468 603
88 65 26 6 341 424
63 68 16 5 504 707
33 92 20 3 424 620
38 8 26 3 549 693
14 11 19 2 253 513
100 9 26 4 452 629
15 16 7 4 278 519
84 93 29 7 511 777
94 56 30 2 236 400
93 33 12 5 297 439
100 93 9 2 565 728
80 73 18 3 308 589
40 91 15 3 483 728
44 37 27 1 456 753
70 25 19 3 368 621
30 25 22 6 481 683
78 80 6 1 601 755
50 82 6 4 579 780
28 7 17 3 260 414
87 0 16 7 349 618
44 47 29 2 228 312
79 20 6 2 494 764
37 55 8 4 455 613
70 83 25 5 443 515
11 97 14 5 252 536
64 17 25 6 306 399
64 36 21 4 216 379
70 76 13 5 251 323
91 50 12 7 603 772
50 91 23 1 503 788
30 87 15 2 611 677
78 29 11 4 563 794
18 40 11 6 357 464
48 74 15 1 248 511
11 57 9 1 479 628
31 91 15 6 200 341
75 19 15 7 336 536
60 17 17 4 368 636
42 98 27 7 547 706
68 83 6 3 477 719
58 74 9 7 402 465
88 46 8 2 457 687
46 40 18 7 388 477
72 30 17 4 387 606
35 4 25 4 447 668
38 49 7 7 446 713
26 3 19 2 258 430
83 66 13 2 533 785
29 77 9 4 263 358
91 16 17 5 414 508
89 0 26 4 566 771
88 76 29 2 657 733
20 91 8 5 456 661
70 74 27 6 289 477
19 88 5 2 585 671
18 65 10 4 523 799
84 43 13 7 537 716
45 81 7 3 659 764
68 66 25 2 362 633
75 14 24 6 304 600
8 46 5 1 256 376
52 16 21 7 328 596
56 73 20 4 290 441
18 42 24 6 507 567
84 25 16 3 648 742
39 68 19 7 211 394
51 7 18 2 476 594
53 20 6 2 281 465
8 23 14 5 487 705
1 33 28 7 380 652
83 72 17 2 552 628
72 63 30 7 267 343
53 99 26 2 341 633
20 23 6 2 284 546
36 51 21 2 402 671
81 83 29 7 420 489
85 3 11 4 314 523
52 53 11 1 573 692
67 57 27 5 374 546
63 45 30 7 571 658
36 34 23 1 577 723
45 9 30 4 313 408
27 4 15 5 319 516
76 7 7 7 343 610
95 51 22 4 666 789
26 38 13 6 515 641
6 62 17 2 487 653
13 22 29 3 583 650
97 30 23 2 546 739
37 25 15 3 426 500
35 47 5 4 313 512
5 68 30 6 427 545
28 48 13 6 568 630
22 31 13 5 461 579
16 49 9 1 508 672
18 35 28 6 423 545
6 52 13 1 583 712
31 14 26 3 219 403
97 75 29 5 463 619
19 9 14 5 564 733
55 27 11 4 231 309
29 15 30 3 385 557
91 46 6 5 549 626
71 96 17 4 506 579
33 5 25 1 259 429
98 11 16 4 641 725
75 84 19 3 295 406
11 7 19 7 609 728
38 63 28 2 499 691
47 96 20 4 564 772
74 5 6 2 387 657
43 69 14 6 691 755
48 85 13 6 291 407
60 82 28 6 323 482
29 49 11 3 607 733
52 51 19 5 244 491
27 19 12 5 375 499
51 33 19 6 540 764
74 11 28 5 368 563
70 30 26 5 329 524
22 24 20 4 464 568
89 97 23 3 528 658
87 87 8 4 571 633
18 24 21 6 524 704
51 6 14 7 352 495
42 56 26 4 278 450
62 24 16 4 233 477
39 30 27 1 516 628
46 55 6 2 244 451
67 61 17 3 319 598
44 70 18 5 394 688
92 91 30 5 560 781
44 18 30 5 461 704
51 28 17 1 560 665
59 20 30 2 564 691
33 87 6 4 501 732
30 95 24 3 579 670
90 19 17 2 544 759
66 2 8 6 392 609
81 16 25 2 461 721
38 32 23 5 560 783
58 26 13 1 602 761
85 25 30 5 693 782
2 33 28 6 543 798
96 3 23 2 298 535
46 65 11 4 424 547
69 90 29 2 462 752
31 21 7 6 406 518
4 79 11 3 270 491
3 11 7 4 281 568
99 36 10 7 314 455
85 96 19 5 456 592
2 96 11 3 411 514
82 71 8 6 257 379
4 56 24 2 586 731
50 13 28 2 298 464
69 11 12 5 632 792
81 69 18 5 524 634
62 22 25 3 603 762
84 68 10 3 508 642
54 29 14 1 327 452
14 5 30 6 647 751
17 38 8 3 516 778
83 94 7 4 461 617
75 54 5 1 214 301
37 39 28 1 318 544
39 75 26 4 328 600
61 2 27 7 316 522
29 78 23 7 517 656
14 10 22 4 405 608
37 51 16 6 321 476
63 43 6 5 395 525
92 31 30 1 273 573
1 87 9 6 344 530
44 17 19 6 405 503
30 60 26 1 370 572
45 53 13 2 517 753
86 59 30 2 547 736
57 67 12 3 445 670
20 99 27 6 461 660
92 92 25 4 379 456
13 23 14 4 393 494
95 54 23 2 351 643
5 73 23 2 418 588
2 37 30 3 543 787
61 46 18 2 305 493
13 97 23 6 400 629
61 0 10 3 453 514
45 46 7 4 268 498
29 73 8 2 201 484
42 79 21 3 426 619
35 21 8 3 306 454
28 27 7 4 514 708
83 46 23 2 259 545
89 42 14 7 609 764
31 59 7 1 509 776
38 70 9 5 311 507
41 96 10 4 455 696
84 46 28 5 206 380
81 95 20 2 262 333
51 72 19 4 252 383
9 30 29 3 289 464
18 79 20 7 206 488
50 49 23 7 527 735
52 77 6 3 501 589
88 53 5 4 278 496
91 44 27 4 493 738
78 4 13 1 409 528
11 81 20 6 435 656
14 57 25 3 415 700
81 40 10 6 550 716
91 7 26 3 237 309
99 97 8 5 224 329
17 48 5 1 211 304
58 81 11 6 325 590
83 24 30 6 507 612
80 25 6 6 265 342
60 64 8 3 577 726
92 39 17 1 447 510
46 43 25 2 327 401
73 3 5 2 538 742
42 25 16 2 396 678
64 91 29 3 512 589
98 30 27 3 477 733
76 42 21 1 578 714
38 24 25 1 262 357
16 65 16 6 400 522
29 59 16 5 226 366
90 5 28 6 522 722
44 53 27 7 467 543
96 21 17 1 284 503
78 93 20 3 518 718
99 20 21 2 324 570
2 14 9 7 245 335
47 72 11 1 252 500
73 36 24 6 270 517
19 11 10 4 230 331
57 79 20 4 526 719
36 81 6 4 384 587
85 73 22 4 403 595
80 13 6 1 248 467
93 36 5 3 260 552
98 71 16 2 349 417
89 50 9 1 429 612
32 88 17 6 599 714
45 69 23 2 302 529
78 37 15 1 594 728
1 24 25 6 454 671
37 12 7 3 629 742
26 4 21 7 297 450
49 81 23 3 606 700
84 27 9 6 507 772
36 56 9 4 311 372
40 53 28 6 486 636
55 54 5 5 351 569
48 30 12 4 407 646
3 5 11 4 399 644
70 90 16 4 306 418
71 70 5 4 296 502
22 89 14 4 321 522
81 66 21 2 290 434
13 63 17 1 561 631
56 45 27 4 363 432
72 17 14 3 713 775
83 88 9 6 356 505
34 99 11 2 669 799
96 17 6 4 512 641
29 52 8 5 563 735
68 52 11 7 281 380
7 49 23 4 568 683
78 10 12 1 268 329
61 3 11 2 234 425
30 5 14 3 409 562
37 61 12 5 656 747
62 79 30 3 527 632
74 95 28 7 298 487
76 86 8 5 253 550
36 59 30 7 569 665
18 47 30 4 602 719
51 12 25 4 621 697
13 92 16 3 554 623
52 21 15 7 218 393
63 21 28 5 232 498
65 67 17 3 569 773
55 85 14 5 496 763
36 96 27 3 281 571
30 6 22 5 616 785
98 55 16 4 518 784
43 6 5 4 226 508
70 11 25 2 508 575
22 63 6 7 227 360
76 6 26 6 616 714
19 30 26 5 476 765
96 19 5 3 446 717
89 90 15 1 407 535
75 71 24 5 316 430
29 40 14 5 531 593
12 97 25 7 273 474
6 1 7 4 411 612
50 88 19 2 692 797
37 67 23 6 203 345
85 91 23 7 226 375
42 69 28 5 443 721
17 1 30 1 349 637
30 96 13 1 265 429
40 10 24 1 567 661
0 66 29 6 289 584
76 47 6 7 357 441
91 76 9 7 392 536
90 44 25 5 340 434
2 99 23 5 255 375
90 50 27 3 416 653
87 68 7 2 492 723
60 19 27 2 218 377
43 0 27 3 259 433
47 47 23 4 437 522
97 45 22 4 204 331
24 90 28 2 205 327
9 62 17 6 566 644
46 21 29 2 238 392
4 70 28 1 226 294
45 93 26 1 412 632
12 94 13 2 417 691
84 29 22 6 445 637
73 54 23 7 671 735
97 67 28 1 229 387
26 26 22 7 524 617
34 77 5 7 397 623
63 31 12 2 473 629
63 70 18 5 256 395
73 67 29 5 462 649
75 50 26 1 390 589
15 6 12 1 557 773
22 12 15 2 249 384
48 57 20 2 204 272
83 81 30 6 214 497
74 41 11 3 553 615
10 15 15 2 514 696
84 31 6 4 507 580
24 82 15 2 201 373
23 7 20 7 362 455
22 71 30 3 579 705
84 78 24 5 482 627
1 5 22 5 318 571
34 100 11 7 357 548
32 7 10 3 445 610
37 62 21 6 332 623
12 88 27 1 207 344
14 31 26 7 446 626
80 22 8 3 613 796
1 20 29 7 346 631
16 87 9 1 411 703
27 39 19 6 377 593
14 90 27 4 547 675
63 4 11 1 429 690
61 41 9 2 431 493
95 55 5 7 435 688
