743
10 70 0 0 0 0
11 70 19 4 326 539
4 18 29 7 405 688
16 54 30 6 431 712
91 83 29 1 353 651
9 56 23 1 549 609
49 100 16 5 515 718
44 60 29 2 211 412
71 21 5 3 463 746
42 23 29 7 205 480
6 34 22 3 619 768
4 15 12 2 360 462
52 87 19 1 622 713
56 14 8 4 298 414
3 29 14 4 417 591
87 87 9 5 274 432
29 3 11 6 506 728
10 8 9 5 471 737
79 9 18 3 390 542
24 75 18 3 650 792
23 20 20 6 381 530
20 12 22 5 377 560
5 1 18 5 523 594
45 50 27 3 411 578
44 19 11 3 441 531
48 22 21 5 653 740
66 74 27 5 324 595
96 98 11 2 226 474
49 50 9 1 447 683
56 34 7 5 409 664
9 32 19 5 484 609
83 31 26 5 521 690
42 20 22 7 370 616
29 90 8 5 277 548
77 76 25 6 249 406
31 89 20 6 400 561
33 22 18 4 285 402
22 44 28 2 240 428
9 92 22 2 332 443
71 70 20 4 477 655
24 85 11 3 657 790
90 29 6 1 445 578
25 32 11 7 517 696
67 55 12 4 314 540
72 28 16 6 232 380
14 75 11 3 463 599
90 73 16 7 417 695
37 0 28 4 254 377
41 5 5 6 476 674
2 43 9 6 370 505
27 71 6 4 430 590
4 47 10 3 410 627
58 0 12 4 664 792
90 4 17 5 200 489
28 2 21 4 249 418
60 3 9 7 523 707
95 99 25 5 250 316
99 57 19 7 312 422
69 60 5 2 446 742
58 77 30 3 479 748
88 38 22 1 414 534
84 4 8 5 472 552
24 73 23 1 522 597
96 77 15 4 231 389
42 72 24 4 545 671
52 27 25 1 340 625
12 96 30 4 629 691
50 85 22 3 439 713
81 25 17 4 396 633
100 25 10 3 574 718
30 40 23 2 549 649
13 13 11 1 574 701
95 93 30 5 462 695
72 83 29 2 726 795
2 26 5 5 564 652
49 37 15 1 452 728
68 13 16 5 651 798
30 3 23 1 354 444
41 51 9 1 318 492
83 100 18 6 231 498
32 4 24 5 581 748
51 45 22 7 241 434
20 13 16 3 445 728
85 23 24 7 518 712
94 5 22 2 516 609
98 44 15 4 602 754
50 20 9 6 579 776
6 89 16 5 239 471
71 40 19 2 477 657
21 67 16 1 433 594
12 87 30 5 565 635
0 47 12 1 618 760
61 51 17 2 366 625
21 3 19 6 588 715
96 66 24 1 247 322
32 10 12 7 438 678
88 3 11 5 484 571
62 76 29 2 547 632
75 11 17 5 478 768
2 10 8 6 456 622
19 44 5 3 486 767
7 5 12 1 502 766
13 85 10 4 393 684
69 12 26 7 595 703
36 72 12 3 256 426
88 33 26 6 503 783
0 77 28 6 407 625
39 90 30 1 522 708
84 81 29 6 469 646
7 30 6 5 598 674
39 68 14 3 637 774
46 93 25 7 396 632
6 48 28 1 643 773
71 27 13 2 423 621
22 83 15 6 408 551
43 95 26 6 685 759
71 66 6 4 437 561
15 17 17 3 513 692
61 71 30 3 457 633
60 21 17 3 722 795
36 78 29 1 516 694
15 49 14 1 523 607
7 90 15 4 349 422
2 18 28 1 627 727
44 12 27 7 461 718
93 74 11 5 315 443
94 100 12 6 328 470
8 0 22 5 444 670
91 63 15 4 363 548
64 4 23 6 387 604
82 33 20 5 698 791
24 24 16 4 692 791
94 91 26 2 426 604
5 63 21 4 392 560
91 17 21 6 384 489
4 85 6 6 468 644
90 55 19 5 613 792
16 46 30 1 257 519
91 20 12 3 333 420
72 46 5 2 281 550
63 37 20 7 602 695
73 20 18 5 608 736
75 77 8 5 560 776
2 7 7 7 446 556
28 52 9 5 531 704
3 5 17 3 355 624
94 77 9 4 573 713
100 4 6 5 417 571
72 56 10 2 408 611
30 17 25 3 245 482
24 9 23 4 436 578
81 60 22 4 649 710
8 68 27 4 249 378
76 17 6 5 273 522
67 49 10 3 340 499
2 77 10 3 276 464
20 28 26 6 581 642
99 18 14 5 389 460
62 56 21 5 621 709
30 99 8 4 454 529
49 60 7 7 464 755
81 7 11 1 268 394
35 45 23 4 247 534
40 64 21 2 431 586
79 8 7 4 306 407
47 65 18 1 719 800
50 24 12 5 263 425
7 64 8 7 235 453
51 97 15 2 366 506
4 100 28 2 207 367
12 88 30 1 369 473
87 79 17 6 473 594
70 43 29 2 234 344
72 4 24 1 386 590
64 62 26 5 425 539
19 85 28 1 524 618
87 30 22 4 666 759
73 42 16 1 650 785
96 6 11 4 352 584
44 71 19 3 374 670
77 53 7 6 379 461
99 5 5 6 317 537
82 6 22 5 353 431
5 59 9 5 517 620
56 43 8 1 418 599
75 20 23 7 375 660
79 54 27 3 501 673
27 28 19 7 457 569
63 94 7 2 223 354
38 61 5 6 635 718
26 32 8 1 620 722
69 85 20 4 517 795
71 93 27 1 616 735
17 3 28 1 316 539
79 7 8 3 381 622
8 19 20 3 395 506
46 97 5 5 426 530
27 30 17 1 615 728
79 55 23 7 527 707
78 77 9 2 497 604
73 97 5 6 311 600
20 79 8 3 506 603
1 32 10 7 339 447
59 89 15 2 402 631
99 79 11 6 234 327
63 85 19 6 398 679
40 25 18 6 243 499
34 18 27 6 379 544
51 47 19 7 317 474
97 45 14 2 294 355
30 90 30 6 351 526
77 30 23 7 515 703
73 70 25 3 308 525
90 18 6 6 482 630
88 39 18 7 369 527
70 65 17 3 257 479
16 44 24 4 483 677
14 27 21 5 399 541
41 17 15 2 285 374
33 20 16 3 561 675
95 49 16 4 370 619
77 40 7 6 256 512
36 95 5 7 660 774
19 49 26 1 468 628
69 38 30 7 635 796
63 70 23 1 491 652
26 41 11 5 344 473
46 4 24 1 353 479
92 16 22 7 652 798
91 54 8 4 568 707
65 10 12 3 394 509
70 9 8 3 309 475
100 72 16 6 322 579
97 81 23 1 409 698
0 64 25 1 560 699
94 23 15 3 291 518
56 53 17 2 551 752
25 14 5 6 403 463
49 63 22 2 638 795
56 63 9 1 424 677
6 69 8 3 564 700
33 77 18 6 340 487
45 43 24 3 343 438
10 92 11 5 211 467
38 12 14 2 397 458
24 95 19 3 501 772
6 76 7 6 218 429
16 92 5 2 480 558
4 61 20 3 567 786
67 21 29 2 270 464
96 72 16 3 512 759
63 21 29 5 595 680
21 72 14 2 440 541
81 59 30 2 492 716
55 63 17 5 550 631
3 45 7 6 336 553
14 78 8 7 536 640
51 2 9 2 260 427
4 36 25 6 259 414
38 81 13 5 242 472
82 50 10 6 228 368
17 88 19 1 494 656
11 26 14 7 294 535
58 19 8 3 582 721
41 84 18 6 298 471
23 68 11 3 466 670
21 22 7 1 315 433
96 85 20 4 335 628
98 91 20 7 422 636
61 52 26 4 612 791
72 80 18 6 222 387
12 51 28 3 294 587
65 81 30 1 710 788
75 66 19 5 718 787
72 58 29 2 363 564
92 11 15 3 431 598
93 9 5 3 442 739
12 16 20 1 493 645
45 32 12 5 204 272
75 62 21 6 320 529
74 89 26 7 461 608
28 0 9 2 530 735
50 95 13 1 455 717
45 83 20 7 216 302
10 46 23 3 415 510
99 4 30 3 419 624
26 19 29 3 533 743
2 79 27 1 728 793
31 8 10 2 390 683
48 20 8 3 348 458
64 71 7 3 293 453
14 50 29 3 264 472
36 46 23 4 226 460
95 65 12 3 249 542
68 61 16 6 665 752
53 11 29 5 309 481
1 86 19 4 292 521
17 90 30 6 382 576
91 76 16 4 226 510
22 85 9 3 256 402
43 80 18 1 350 582
64 78 24 5 413 686
22 60 14 2 484 559
76 61 15 3 547 783
46 70 12 1 377 468
12 3 22 4 293 439
54 82 30 6 541 602
5 0 25 5 566 718
59 61 25 1 324 536
28 37 16 7 309 490
23 82 8 5 531 601
78 42 5 2 465 568
87 22 21 3 240 377
84 31 8 7 227 365
43 1 8 6 349 524
16 26 18 5 325 477
9 76 10 7 547 716
43 54 19 6 256 518
19 57 10 3 479 707
51 67 30 5 448 735
61 21 29 6 514 597
59 41 12 2 224 288
56 35 19 5 532 766
93 18 20 2 494 774
15 66 6 2 441 718
35 69 7 3 586 736
21 46 23 3 203 298
59 18 17 7 519 797
80 35 17 6 218 432
86 13 7 1 684 755
90 90 10 3 324 523
6 74 20 1 387 547
16 43 19 5 507 591
54 4 19 6 223 430
29 47 19 5 380 557
44 42 19 3 313 397
79 87 13 2 417 496
33 91 22 5 390 566
98 12 9 2 350 482
98 48 21 4 426 669
77 0 22 5 208 271
21 60 17 2 435 714
16 55 13 2 247 399
56 58 21 4 314 378
66 2 8 6 265 373
6 28 18 7 223 484
21 79 6 1 421 602
80 3 9 6 396 645
77 42 19 4 424 676
23 15 23 5 372 655
75 79 15 3 213 296
60 4 12 1 357 538
60 74 7 7 311 557
70 41 9 3 601 795
34 27 11 7 425 677
91 82 25 7 396 502
76 20 20 1 252 433
29 29 10 4 317 479
19 12 16 6 227 319
96 3 5 3 584 654
76 75 28 4 391 504
71 46 12 1 209 341
48 83 22 5 335 493
86 60 13 7 404 518
66 35 28 6 292 424
42 35 6 5 296 498
46 36 15 3 447 662
75 84 20 6 576 775
19 63 15 3 593 677
81 14 24 3 636 703
70 10 12 5 293 502
48 19 30 5 310 556
67 89 21 5 384 584
66 25 22 5 323 560
43 64 12 5 568 788
31 82 11 3 427 621
65 36 28 5 412 567
82 98 13 3 400 509
16 35 10 7 652 781
69 55 13 3 357 494
26 15 7 4 226 366
82 12 19 6 214 395
29 1 9 4 590 739
97 94 6 4 302 493
68 49 13 2 672 762
87 9 16 2 469 679
56 66 27 2 390 598
40 50 18 1 593 692
47 93 26 5 525 619
95 67 21 1 529 652
31 24 16 3 297 427
61 70 23 1 403 581
35 88 19 5 469 641
67 24 17 5 258 539
2 52 27 1 285 511
54 55 26 1 514 705
20 1 29 6 349 431
75 42 10 7 203 484
43 0 28 4 389 465
95 76 6 1 316 410
49 19 5 2 437 709
5 86 14 5 438 499
85 17 21 3 265 559
83 89 11 4 521 753
14 64 25 3 440 718
39 3 27 6 381 638
50 32 13 1 495 755
25 13 19 6 552 647
77 4 12 6 400 507
79 84 6 7 589 794
30 10 6 5 300 540
26 94 19 5 615 779
38 62 27 1 463 754
38 44 28 6 371 524
24 19 27 7 344 644
83 11 27 1 603 741
53 30 10 3 327 598
64 24 23 7 341 576
22 68 12 6 592 798
74 29 14 6 348 519
22 54 16 4 562 637
35 80 20 1 306 590
38 48 24 1 254 430
63 68 29 2 225 392
28 49 9 4 229 416
50 98 27 4 412 643
73 18 21 1 444 669
100 36 6 6 203 264
65 55 6 5 537 612
51 11 5 7 286 478
52 53 17 6 445 721
91 6 7 3 360 501
12 100 21 1 429 656
77 20 19 7 293 577
17 76 10 3 431 704
27 66 9 2 263 434
56 56 5 6 307 372
90 51 12 7 450 699
85 2 7 6 540 627
52 81 18 5 667 770
29 35 5 6 411 679
3 30 20 4 390 673
9 0 15 3 492 769
64 64 19 2 357 594
57 73 5 2 621 778
54 47 17 1 414 586
75 36 19 3 389 570
24 79 28 5 255 403
61 23 30 3 589 658
51 15 18 6 452 527
16 65 22 5 312 464
37 22 6 3 424 704
12 13 5 2 712 787
29 50 23 2 326 488
27 0 30 7 641 774
67 16 10 2 453 683
98 23 29 5 470 640
97 54 21 2 309 560
16 77 14 3 519 707
30 19 22 2 736 799
40 52 24 3 599 767
42 89 5 6 282 472
0 96 23 2 281 448
25 66 11 6 252 367
72 73 28 5 667 800
19 93 22 5 494 639
20 56 18 4 420 608
2 69 16 1 416 493
11 69 29 5 605 724
53 68 22 3 221 311
76 88 18 6 637 799
74 77 27 6 552 661
5 71 15 3 235 346
54 92 16 2 242 391
23 92 16 1 572 769
45 72 8 5 441 566
87 25 9 4 409 662
31 10 8 4 335 452
97 48 16 3 466 740
17 84 19 1 497 640
34 11 12 7 435 696
52 50 24 5 369 532
58 90 20 1 485 710
24 28 9 6 463 690
33 28 8 7 241 314
0 35 27 4 589 797
6 70 18 4 265 496
80 1 11 4 236 321
77 49 26 3 248 544
38 23 26 6 586 649
28 11 9 2 388 482
41 81 23 6 446 599
92 35 13 4 354 623
7 75 8 5 468 667
53 21 9 7 368 588
42 94 23 4 393 606
81 37 14 1 395 661
78 94 5 6 305 519
12 27 27 5 273 404
88 20 22 3 590 709
70 66 10 1 235 337
60 17 26 1 615 709
84 36 12 6 399 619
8 44 30 5 233 415
75 30 23 7 441 717
16 50 17 5 432 563
13 11 19 4 375 574
81 55 5 7 321 587
21 97 24 2 304 552
25 55 9 4 607 740
72 95 29 3 275 551
15 84 8 4 459 702
97 50 17 6 423 552
78 39 18 1 217 343
40 75 5 1 645 784
57 55 14 5 613 788
56 67 21 6 570 651
66 61 15 7 488 559
35 84 22 5 560 658
37 96 14 1 559 743
73 49 13 7 377 522
86 12 8 4 233 481
52 72 11 7 337 627
84 3 8 2 392 477
99 26 14 6 282 431
80 58 11 7 323 405
1 19 26 3 371 614
66 63 19 5 604 687
87 65 26 3 716 799
56 69 12 1 315 476
13 24 29 7 629 762
93 89 6 1 524 784
53 46 24 6 326 547
50 76 22 3 649 791
39 1 23 5 272 556
5 5 30 5 601 790
55 74 6 2 323 444
85 35 24 2 443 688
93 43 8 7 399 636
37 24 8 3 522 591
59 97 19 7 244 399
94 36 25 7 204 501
36 63 25 1 295 449
42 53 24 1 362 556
38 2 30 2 289 491
63 25 13 6 237 311
78 26 29 7 483 729
35 44 24 3 672 786
92 82 29 4 338 433
38 3 22 2 495 748
9 100 9 1 332 566
4 31 7 7 480 778
53 31 7 3 640 708
14 29 17 7 248 502
80 16 23 6 405 600
91 35 9 6 434 720
44 13 28 6 368 668
76 96 15 4 261 486
93 53 24 5 473 699
74 50 5 6 383 461
10 67 13 6 416 544
34 20 14 7 431 535
9 34 9 4 258 361
18 6 20 7 384 664
34 98 24 3 270 547
17 59 10 1 252 408
93 97 5 6 677 748
20 61 29 5 728 788
97 0 11 2 241 442
54 86 23 3 472 613
84 95 19 1 633 704
26 63 8 2 384 523
62 40 20 3 248 526
73 26 22 7 456 658
43 5 26 6 690 762
94 6 11 4 323 520
88 82 10 3 310 566
25 92 7 2 488 627
36 51 11 5 295 367
47 16 17 6 393 512
90 77 11 5 240 462
68 83 14 4 345 604
20 89 18 4 496 705
84 65 29 1 423 582
68 60 17 1 574 724
92 7 7 4 418 601
81 79 27 2 440 738
94 19 27 4 220 432
72 82 9 2 399 508
78 1 27 5 200 427
71 15 30 2 566 765
42 15 26 7 383 452
54 71 28 4 418 496
73 1 16 3 320 582
33 59 6 3 303 401
54 99 16 4 462 673
4 21 27 5 450 690
48 36 11 1 502 708
31 51 29 3 337 569
74 57 29 5 204 350
93 61 27 1 450 522
43 77 26 7 465 654
29 87 25 5 620 760
64 98 8 1 342 488
27 80 25 5 344 446
41 63 17 1 534 724
9 43 29 4 454 680
79 68 12 1 237 414
6 77 10 7 320 604
35 98 8 2 390 573
96 18 24 7 462 642
32 60 11 3 697 762
67 84 28 5 396 477
16 17 20 5 486 689
34 44 30 6 452 561
35 46 12 3 468 755
33 12 9 2 493 789
17 50 28 5 368 620
78 47 19 2 267 331
49 66 23 5 295 519
82 94 10 4 359 560
53 100 22 2 243 394
91 5 21 5 379 562
6 54 30 2 291 408
0 48 16 6 479 625
75 95 29 7 401 635
51 53 6 1 292 587
60 37 22 1 490 644
54 72 11 4 356 482
11 15 27 3 400 543
65 11 19 3 495 763
15 30 11 4 461 680
94 0 12 7 560 785
82 54 27 3 544 792
54 34 9 2 208 285
69 90 12 3 619 751
99 34 9 4 204 277
28 71 5 5 438 704
28 93 18 6 312 584
85 54 8 7 210 302
7 77 30 3 606 782
59 69 18 2 561 660
85 31 21 7 429 721
95 52 6 7 565 740
79 11 11 6 319 411
91 22 5 3 473 771
57 5 7 6 231 347
20 21 20 3 483 661
86 95 11 3 242 372
63 13 8 1 594 723
67 50 30 7 464 545
80 8 26 1 506 772
33 25 15 6 279 526
51 30 25 6 321 524
54 97 10 3 505 588
43 30 23 5 659 747
92 93 8 7 553 655
45 45 17 5 429 618
98 17 23 5 273 569
55 7 28 1 253 424
51 20 5 7 441 722
29 23 10 3 229 346
82 64 14 2 235 406
5 56 9 4 381 648
97 28 30 4 365 535
37 15 13 1 366 534
30 12 25 5 345 467
2 87 20 5 494 734
90 36 5 3 491 665
66 70 19 7 601 770
96 84 18 3 448 544
2 100 21 4 450 537
94 35 11 6 390 605
39 27 11 4 497 591
93 67 7 4 506 702
31 45 23 2 363 562
99 61 21 2 438 509
63 66 13 7 601 720
58 51 14 2 253 544
45 18 22 6 607 745
2 24 7 3 273 490
74 78 12 5 200 260
53 18 18 1 521 608
68 67 7 4 688 755
66 96 8 3 451 735
44 21 10 4 291 413
7 49 7 7 267 504
22 5 28 2 276 351
9 52 30 2 381 539
95 62 6 2 329 582
71 74 12 3 537 795
62 70 11 6 606 778
33 39 28 7 517 721
9 29 29 7 216 404
10 54 13 3 451 547
59 74 11 4 280 421
56 80 5 6 508 661
75 52 25 6 361 538
32 31 21 2 582 670
84 47 9 1 410 688
64 46 12 4 281 461
56 0 16 5 424 665
12 86 30 2 548 679
66 32 7 5 470 721
71 32 13 2 331 519
55 82 24 6 411 662
39 45 18 2 482 682
37 61 12 2 615 785
52 43 17 7 269 456
12 74 15 7 406 555
48 59 23 4 318 549
45 26 5 5 590 688
18 48 10 5 347 507
48 58 8 1 392 472
62 96 29 3 467 648
85 97 13 5 505 601
22 16 17 6 241 384
63 64 13 4 394 532
36 40 29 5 586 646
9 12 10 7 487 636
41 42 23 2 693 756
58 22 22 2 281 467
37 56 23 4 617 702
41 27 20 7 385 668
18 71 15 3 331 448
92 60 25 7 473 546
11 20 17 1 379 675
4 77 10 3 241 371
48 51 12 5 303 402
30 27 5 7 356 486
62 24 21 4 300 571
52 55 7 3 495 612
4 58 6 6 201 447
98 22 30 2 297 486
49 20 11 2 638 725
16 62 12 2 207 491
72 61 8 3 446 694
83 4 5 7 309 520
50 1 6 4 463 551
0 81 27 7 372 614
88 44 24 2 395 456
40 38 16 4 510 573
5 52 26 2 459 631
