891
76 31 0 0 0 0
23 86 13 5 234 318
44 59 15 5 543 742
70 87 6 2 354 460
86 23 11 5 607 758
98 53 23 2 395 548
23 30 10 3 534 671
57 89 15 3 601 678
80 71 7 7 566 682
70 30 30 4 386 543
16 54 26 3 314 433
52 52 26 3 309 460
72 38 23 1 479 551
92 31 28 3 318 589
73 25 7 5 308 589
14 70 5 6 483 693
98 8 27 5 310 470
82 62 26 2 500 731
2 65 27 6 355 482
42 78 18 5 384 507
17 17 7 3 394 687
12 87 23 4 386 451
75 41 19 3 244 426
33 45 12 4 522 739
8 25 11 1 328 412
64 29 14 1 554 673
81 65 10 6 262 461
7 42 28 6 259 402
34 90 16 1 297 508
40 5 18 2 597 764
50 60 17 2 238 516
32 71 10 2 459 709
42 1 25 3 531 721
87 8 10 6 448 670
82 88 11 6 623 755
66 63 18 5 596 764
3 9 11 3 509 640
19 40 22 7 445 627
86 36 30 3 310 471
24 35 27 7 539 745
48 16 17 1 278 561
7 30 11 2 409 522
48 28 7 4 258 451
22 26 16 3 516 579
15 7 30 5 253 533
75 40 30 6 510 737
94 80 14 1 429 535
65 77 22 6 414 477
9 58 9 6 266 430
16 92 23 5 555 698
91 61 16 4 473 668
51 26 24 4 569 776
29 24 7 6 314 533
49 74 30 1 397 654
100 48 13 4 507 656
72 62 24 3 244 399
61 28 21 1 409 514
61 24 10 5 454 548
67 76 16 4 551 653
36 0 9 3 205 499
0 43 9 5 396 564
17 77 28 1 446 514
95 92 10 1 272 423
19 24 23 2 620 767
86 15 10 3 374 572
66 50 16 3 467 645
63 40 6 7 560 701
13 49 14 2 418 611
45 40 13 5 298 574
39 17 9 3 421 662
17 42 21 4 473 722
41 77 9 7 605 722
100 16 25 3 510 702
83 56 14 1 581 775
96 8 20 5 594 745
44 4 6 3 454 666
97 80 26 2 465 702
12 7 5 5 301 542
80 5 28 5 479 750
43 75 19 3 620 704
96 0 17 2 301 400
20 32 9 1 496 770
10 27 20 7 455 696
70 82 29 5 467 731
83 28 25 5 526 763
23 93 16 2 360 426
92 45 9 2 238 475
14 89 13 2 311 373
42 100 8 7 470 712
8 52 10 5 307 515
38 98 24 7 422 582
79 43 15 4 517 666
33 0 19 5 236 523
63 94 10 4 524 787
68 56 14 4 555 679
4 13 12 4 466 734
65 24 20 3 233 298
44 32 10 6 346 583
87 62 6 7 200 261
57 42 20 6 311 558
88 57 30 5 293 360
34 0 19 7 454 622
86 35 11 1 299 554
25 64 13 5 368 585
14 92 14 4 511 599
50 66 15 4 499 717
100 31 26 3 525 745
22 46 17 5 662 752
94 69 22 2 599 665
95 35 15 6 221 450
42 80 30 2 281 370
7 64 29 5 293 465
10 54 17 2 311 436
48 75 13 7 515 604
52 73 14 7 451 601
92 72 12 5 349 493
92 19 18 1 471 726
89 14 9 3 251 352
4 94 25 1 649 793
12 92 16 3 210 428
45 69 12 3 532 671
24 74 8 1 371 666
21 89 10 5 329 522
88 20 27 3 348 597
51 45 6 7 437 536
79 85 22 7 473 537
47 41 23 5 611 701
72 24 27 3 529 722
29 65 8 6 218 430
97 16 12 4 436 632
79 55 5 2 593 740
31 50 10 6 510 700
40 38 26 7 521 616
66 57 11 3 299 570
53 54 23 3 373 605
21 93 5 5 290 508
90 15 25 5 423 617
2 57 24 2 362 531
17 26 13 3 426 534
56 34 6 4 355 482
91 15 10 5 239 405
17 83 10 5 299 469
43 50 7 3 240 514
15 65 10 5 249 350
42 56 23 4 430 648
82 38 29 3 276 467
25 19 6 5 618 768
18 46 25 6 343 637
99 67 22 5 278 471
64 74 13 5 320 552
82 41 17 6 402 658
42 49 7 4 493 792
25 20 24 4 209 321
93 89 8 5 525 740
12 41 30 1 324 520
82 86 26 6 551 723
76 37 20 7 332 528
77 36 22 5 568 680
10 88 26 2 541 680
3 31 10 2 266 382
11 14 15 5 408 538
11 74 17 3 689 761
23 54 7 4 427 705
62 45 23 3 226 443
97 12 28 4 284 412
50 54 7 5 226 335
37 10 13 7 313 422
99 28 17 1 658 720
60 96 24 5 240 314
99 51 7 4 477 731
68 54 6 1 365 541
45 61 15 6 249 490
31 80 13 1 523 754
65 63 19 5 582 792
99 31 10 7 463 609
22 71 7 4 495 749
3 14 15 7 524 599
49 72 14 1 255 365
19 47 7 4 307 372
11 11 11 2 348 553
25 63 29 4 587 780
70 47 5 5 415 630
87 64 25 4 538 774
67 37 28 4 457 636
37 3 22 6 515 746
45 73 13 2 458 654
86 90 6 1 217 427
99 47 27 6 513 595
65 25 12 1 291 359
90 84 21 7 371 504
95 53 16 7 280 368
95 73 10 1 312 609
69 97 13 7 379 639
42 97 10 1 477 616
93 63 27 6 690 764
27 39 14 6 276 457
36 62 19 6 546 700
54 59 24 5 579 655
35 10 30 4 224 436
71 95 21 2 263 352
57 70 5 2 342 470
86 47 9 5 207 501
84 85 27 3 419 490
3 86 12 7 452 650
47 10 27 7 201 284
28 36 8 7 303 383
49 99 6 5 370 448
8 60 14 6 618 693
59 88 13 7 456 570
52 54 7 2 232 339
2 45 21 6 218 284
12 6 11 1 261 361
37 50 25 6 358 653
48 55 23 1 657 781
82 37 30 2 366 494
75 26 10 2 548 632
21 90 29 4 224 344
23 99 16 7 310 420
13 66 26 1 373 623
89 89 18 1 533 639
0 77 22 3 343 518
35 79 9 5 517 740
8 82 29 2 385 621
0 39 25 7 351 437
20 95 9 7 240 421
85 3 17 4 520 712
77 38 21 1 205 367
96 44 14 3 310 392
36 50 16 5 224 448
7 39 13 3 228 501
11 76 19 2 517 753
87 5 9 7 418 693
33 99 27 6 436 664
76 72 23 5 201 413
43 22 20 4 214 460
78 62 22 4 235 422
78 23 22 6 427 538
65 57 23 6 492 716
84 22 24 7 340 489
93 66 29 2 342 622
65 23 9 6 455 643
34 6 7 1 426 531
22 58 18 7 226 515
95 63 23 6 517 623
33 97 15 7 249 386
97 37 15 7 252 450
76 92 24 6 466 527
87 6 19 3 320 414
79 17 28 2 400 499
60 12 12 1 407 561
45 37 26 2 615 751
61 27 6 3 510 637
95 5 25 3 618 749
75 6 20 4 614 784
100 81 18 3 220 435
9 91 12 4 330 543
63 47 6 1 419 687
61 13 16 6 628 767
35 44 30 7 525 654
8 70 13 7 447 617
45 16 15 6 307 418
21 15 28 2 367 639
61 99 15 6 217 508
6 72 12 6 448 638
84 46 16 2 470 628
76 43 30 7 540 655
14 4 17 7 424 651
63 14 7 4 490 689
84 30 20 1 561 701
64 56 17 5 511 646
5 23 20 3 311 524
96 13 14 3 214 341
48 29 25 4 620 768
69 34 15 3 580 783
40 37 17 2 623 761
60 42 5 6 462 623
27 49 6 5 513 788
19 59 14 7 450 679
69 84 30 7 381 492
36 32 6 7 503 626
42 6 23 5 524 710
98 37 18 1 358 479
48 82 22 3 571 738
83 5 12 4 480 616
30 15 14 5 435 609
46 57 29 1 318 453
41 78 5 7 290 432
7 15 20 6 316 464
25 62 28 7 207 350
57 22 6 4 522 710
14 26 25 6 209 422
69 9 19 3 642 707
40 85 10 4 693 766
57 82 29 2 340 540
41 56 19 4 477 729
77 47 24 2 521 583
31 86 23 6 492 749
54 62 22 3 214 331
63 61 27 7 603 793
19 92 23 1 449 598
85 83 16 2 463 571
25 51 18 2 430 514
43 94 27 2 259 368
49 48 24 6 486 736
35 14 6 4 363 594
56 22 5 3 302 540
24 54 24 2 670 746
86 95 8 2 394 502
5 71 24 4 513 710
36 27 27 5 491 746
16 98 29 1 583 644
30 36 27 5 673 793
22 16 13 6 396 489
23 21 10 5 496 624
7 44 21 6 412 638
54 43 26 5 336 615
0 46 18 5 602 699
50 30 11 1 348 481
85 25 16 1 497 695
100 22 18 7 224 439
15 79 7 5 617 753
42 55 15 6 390 488
40 54 11 4 442 566
30 42 18 2 335 458
75 65 16 5 639 787
50 64 8 3 286 392
4 21 22 3 317 450
8 32 11 7 247 403
13 88 20 1 322 582
35 50 10 3 370 510
27 34 28 6 362 480
35 75 20 1 333 617
93 27 28 4 616 758
69 51 18 6 236 318
30 40 15 5 331 408
96 12 18 3 620 687
12 63 5 7 297 404
29 2 20 2 607 751
59 74 6 2 401 607
36 8 27 6 626 729
31 48 19 2 633 781
78 33 25 3 450 729
72 44 29 3 625 748
38 28 20 5 444 717
76 4 15 7 200 479
36 28 12 7 350 529
22 55 28 4 386 469
48 43 19 2 370 575
57 100 29 7 285 506
5 97 15 2 332 573
38 25 19 6 624 749
73 32 7 7 445 744
7 84 26 6 366 597
86 67 22 2 252 420
1 20 6 2 332 538
22 33 7 5 406 624
30 92 20 3 321 438
21 8 30 1 228 528
88 93 16 2 231 298
94 35 11 7 333 416
91 11 26 2 324 611
18 22 17 1 361 453
75 67 26 2 669 787
67 69 21 2 704 790
21 71 13 5 264 513
8 49 27 7 498 601
65 32 20 1 485 751
5 88 18 7 527 693
79 32 18 4 233 460
100 57 7 7 348 540
21 36 25 3 298 588
16 81 12 6 454 565
15 90 28 5 600 666
84 48 10 1 377 654
76 57 16 3 387 681
73 99 5 1 258 458
49 49 19 6 486 708
80 39 16 7 648 765
3 100 18 7 251 470
33 86 30 1 334 395
14 34 14 2 531 708
38 96 11 2 280 536
11 31 5 1 548 729
15 8 29 1 406 610
18 100 18 6 306 407
4 65 7 5 593 767
38 20 11 5 393 620
83 23 30 3 508 714
83 71 12 5 253 538
10 33 20 1 408 594
64 83 9 3 514 607
34 24 25 3 251 352
84 20 25 2 592 761
76 7 7 1 419 689
99 96 22 1 262 493
74 36 26 5 371 488
78 58 12 7 543 682
28 28 9 1 581 741
87 63 21 1 653 719
12 85 29 5 702 775
24 6 25 5 265 388
20 26 19 2 479 660
27 89 27 2 296 408
96 35 21 5 232 502
54 69 16 6 267 450
63 91 28 5 351 454
43 3 16 4 583 687
15 52 20 6 511 689
70 63 30 3 588 743
39 91 10 5 214 345
73 69 28 2 483 717
38 19 9 3 459 552
37 97 16 6 497 565
60 23 7 2 361 647
37 6 23 7 422 517
75 54 27 7 427 566
14 83 14 4 357 589
40 41 6 3 617 794
54 13 6 1 432 684
81 54 15 3 317 448
70 72 17 2 547 690
41 31 8 6 674 768
51 20 25 7 205 414
45 96 23 2 665 778
93 48 25 5 303 559
69 35 12 4 489 632
96 68 16 2 477 647
20 47 15 5 402 529
65 61 26 2 625 787
37 25 24 1 532 776
12 20 7 1 575 705
10 35 29 6 595 718
21 34 24 4 667 759
71 8 9 3 306 549
85 84 8 4 678 790
20 91 12 7 338 463
81 10 22 2 591 767
77 73 12 4 325 514
13 72 25 5 730 798
50 37 26 7 522 759
28 23 29 7 554 749
33 18 23 3 278 425
42 73 30 1 381 448
60 44 26 3 387 520
58 2 25 1 357 612
62 96 12 6 484 695
83 3 7 4 437 552
35 54 24 4 231 403
29 8 18 2 617 792
1 10 28 2 419 710
55 94 22 6 497 596
97 49 16 4 321 614
26 54 6 4 561 775
60 52 22 4 563 705
8 39 13 6 672 748
70 89 7 7 520 781
48 56 30 6 418 571
93 36 20 4 266 473
96 67 17 7 631 748
84 63 12 7 457 611
16 50 8 7 250 531
20 63 13 5 201 317
36 37 14 3 691 770
25 31 16 5 488 710
77 29 5 3 207 469
64 59 17 4 400 466
9 23 22 2 405 543
30 54 12 1 365 628
87 52 25 1 227 527
34 66 5 2 221 399
27 81 11 6 227 421
5 51 8 3 418 502
88 84 18 6 448 643
60 40 20 2 700 779
84 10 12 6 612 729
27 58 16 3 544 655
23 11 24 2 296 576
95 61 24 2 317 379
65 53 25 5 602 699
61 83 26 6 250 524
23 49 15 6 534 752
42 36 20 3 547 755
98 59 14 6 359 534
21 98 26 5 436 661
87 73 30 2 263 465
25 8 6 6 332 534
60 71 6 3 203 503
29 35 13 7 545 692
62 35 9 6 333 424
39 77 19 2 560 643
77 98 15 7 341 417
88 35 22 3 451 705
12 21 19 1 467 579
93 38 24 5 213 446
84 70 5 6 414 535
59 26 19 1 470 741
47 36 19 7 493 739
78 41 14 5 437 627
44 31 6 7 435 634
36 98 10 7 255 486
22 53 26 5 218 344
8 30 11 4 337 624
42 35 24 4 355 535
3 15 30 7 382 530
7 7 13 5 220 433
30 19 7 1 481 726
69 100 26 5 655 776
47 1 14 6 270 375
28 49 15 3 530 657
73 36 30 1 445 528
28 55 25 7 288 545
29 47 8 1 423 607
92 64 15 6 561 632
73 38 28 2 594 755
38 18 17 4 404 677
57 95 6 4 235 330
53 45 27 1 657 770
64 99 20 1 457 587
61 95 8 2 462 758
26 9 9 7 549 657
14 45 23 4 271 364
24 92 23 7 485 681
47 74 19 7 599 784
52 12 28 4 512 608
7 100 25 5 259 462
64 87 18 2 395 518
79 50 17 7 377 670
40 15 5 7 573 653
16 39 13 4 466 669
11 34 7 7 408 527
93 7 22 3 501 752
98 85 11 1 526 776
21 4 6 7 573 750
84 87 15 7 209 410
60 45 16 4 244 471
51 73 9 4 247 547
54 81 14 3 686 781
26 23 6 4 544 701
17 21 11 4 369 528
13 93 20 4 455 686
58 4 26 3 234 304
64 79 29 7 526 794
38 75 29 1 573 637
86 92 23 7 583 706
59 47 17 5 426 489
2 31 24 1 318 528
20 57 23 2 294 378
44 22 27 2 349 552
31 52 12 5 571 676
97 10 8 6 520 714
84 43 22 5 245 493
20 75 26 3 270 370
38 51 26 3 313 474
4 15 20 1 527 742
83 48 24 7 487 682
53 0 13 6 371 541
40 83 18 2 602 709
78 81 19 6 392 690
43 77 12 5 470 544
69 83 19 4 443 742
4 51 27 3 552 688
34 53 6 1 426 664
89 71 18 2 562 780
88 22 17 2 542 709
93 84 30 7 294 426
12 1 28 7 481 580
91 45 30 1 205 304
72 22 8 4 258 519
97 73 21 6 626 796
41 0 17 3 331 463
34 98 27 3 348 617
50 63 23 4 380 663
65 71 18 4 445 733
72 92 26 7 389 660
95 32 7 5 548 633
90 56 7 6 487 767
81 68 9 1 324 395
78 71 16 1 554 661
4 11 30 6 262 364
6 85 9 1 262 459
65 72 12 1 416 711
39 11 28 4 400 670
14 49 17 3 314 510
93 77 13 2 477 746
31 27 23 5 512 701
53 26 22 6 226 479
47 16 17 3 403 569
30 41 17 5 554 714
15 83 12 1 397 579
66 82 30 1 307 553
66 9 17 4 392 565
55 65 16 4 473 677
0 12 19 7 332 631
12 25 24 6 580 753
9 65 17 3 547 778
2 25 7 5 361 535
99 30 18 1 629 757
82 52 23 2 414 548
71 27 23 6 535 717
73 81 19 2 526 677
35 83 10 2 511 780
34 55 5 2 475 700
77 15 18 5 369 458
45 41 12 4 300 363
51 11 25 1 475 669
17 65 16 6 236 322
21 52 25 4 201 360
22 7 21 1 496 654
97 32 18 3 283 580
15 62 20 4 359 576
16 62 9 6 226 515
22 97 25 6 438 498
13 90 9 1 450 605
19 5 27 6 303 391
20 80 8 5 525 722
89 36 10 3 491 643
84 86 11 2 403 606
51 8 29 7 352 605
68 34 28 6 455 593
58 67 6 5 284 379
60 22 15 7 344 605
57 12 15 2 393 675
64 16 8 4 202 395
10 93 25 5 274 511
8 23 16 5 271 461
86 37 12 7 513 723
54 95 16 3 221 317
44 17 10 6 627 716
93 49 16 3 535 705
28 24 16 7 323 402
7 78 12 7 204 462
42 14 10 1 216 443
51 25 26 5 403 588
32 62 27 5 580 644
95 100 9 6 348 579
11 89 6 3 408 535
20 67 15 6 306 475
86 87 13 2 395 691
50 10 20 1 277 346
78 60 26 6 593 685
5 77 5 5 407 554
76 27 25 4 449 728
50 56 9 5 206 477
79 15 15 2 386 526
3 73 18 2 397 458
52 60 22 1 452 630
29 59 16 4 701 780
19 1 5 3 276 359
29 28 12 5 362 579
40 18 12 4 620 768
52 53 17 2 203 318
80 63 13 7 581 645
100 83 15 6 203 479
24 29 8 7 557 763
24 65 18 7 214 469
89 79 9 7 328 444
46 68 13 5 653 741
28 87 7 2 642 774
54 28 26 7 238 397
2 13 12 7 286 411
23 100 25 2 529 595
88 6 25 6 311 401
31 99 13 5 229 320
50 71 21 7 222 492
71 69 9 5 438 669
24 56 30 5 325 590
30 47 26 6 448 531
57 7 15 1 688 759
57 44 17 4 413 703
93 14 21 2 417 655
42 2 27 5 222 415
23 6 11 5 635 724
41 100 16 7 613 710
82 87 26 6 455 526
94 81 14 4 353 592
79 68 5 4 362 613
8 54 8 4 390 456
72 6 27 2 373 493
89 31 10 2 546 609
5 15 10 5 354 561
69 57 20 6 357 646
84 38 5 7 467 726
13 43 27 2 319 388
63 38 23 7 448 692
21 20 19 6 496 736
44 100 6 3 374 477
38 66 11 5 257 442
0 36 13 2 323 539
82 14 6 3 568 739
28 48 16 7 435 614
15 21 7 5 401 623
65 80 9 3 625 708
21 79 13 3 354 572
0 54 6 3 276 342
61 33 8 6 342 572
69 27 6 1 379 576
2 39 9 2 466 602
78 85 16 6 609 792
19 29 21 3 405 488
57 84 26 1 343 520
29 25 25 1 538 798
100 69 30 6 468 714
100 97 28 7 319 521
71 9 17 5 517 676
10 64 14 3 616 678
19 0 28 4 501 712
40 76 17 5 211 379
14 78 30 5 558 645
93 45 8 7 455 660
53 15 9 1 223 397
20 68 6 7 205 292
39 42 13 6 204 400
47 47 28 2 419 611
15 14 27 4 474 595
97 5 22 2 380 554
22 5 9 1 215 461
36 22 11 6 582 701
95 47 18 2 501 594
96 41 9 6 374 577
32 68 17 1 512 780
90 27 20 1 349 445
87 25 14 6 504 592
39 36 9 1 682 780
16 83 13 1 253 510
41 18 9 6 565 738
44 19 30 5 477 690
26 10 25 2 682 742
75 37 14 7 286 547
33 15 11 5 377 500
99 4 17 5 369 556
94 23 24 6 487 693
99 18 30 3 235 363
25 61 13 2 233 299
65 14 8 5 212 353
45 57 19 7 231 413
46 86 27 7 299 474
27 11 27 5 333 616
1 54 5 1 213 276
95 72 7 7 370 619
43 20 23 4 538 626
5 67 5 6 623 711
65 41 29 7 377 624
26 13 10 6 400 653
81 87 16 4 311 424
57 24 25 4 656 756
100 71 16 3 518 679
80 19 10 1 353 439
45 81 16 1 443 529
35 70 9 7 605 673
26 70 9 1 445 635
80 53 18 6 283 429
10 83 27 6 208 388
43 85 22 7 401 597
48 1 22 7 543 672
10 78 25 1 696 768
6 34 14 7 526 713
53 86 10 5 397 482
43 65 14 2 420 715
91 31 20 7 316 438
31 29 14 3 637 742
66 44 14 5 532 708
30 32 26 4 558 743
53 57 13 3 635 696
69 67 26 2 353 464
40 44 22 3 572 718
60 18 21 3 232 365
13 15 20 6 583 799
13 67 9 2 392 688
81 48 30 6 201 354
20 12 16 1 533 695
62 60 26 5 336 441
35 87 29 2 378 533
17 98 13 2 566 698
88 52 23 2 337 426
78 46 27 4 275 480
99 24 26 2 377 624
65 46 23 4 517 717
76 20 23 7 269 546
42 31 24 1 541 707
13 2 13 3 235 390
6 77 16 1 365 620
67 81 14 1 217 430
75 98 24 6 489 679
86 57 26 4 475 627
69 46 12 7 580 710
17 97 30 3 352 487
29 20 8 7 358 521
14 2 14 1 264 438
99 90 20 3 266 491
89 30 8 5 349 459
29 71 24 7 517 794
95 69 7 3 596 795
21 80 30 6 295 363
56 54 7 1 265 335
36 81 17 7 307 579
46 67 6 2 326 541
78 57 5 2 392 528
49 45 29 3 602 730
28 52 10 5 316 564
80 70 21 4 618 729
63 66 20 3 210 324
37 33 13 4 541 782
85 50 17 5 424 603
84 79 30 3 307 439
98 58 18 3 644 791
65 11 7 6 627 750
46 87 6 4 353 640
46 77 27 3 213 393
42 30 26 3 420 715
25 3 24 7 210 346
50 41 12 1 294 550
57 19 20 1 308 573
37 44 30 1 392 653
60 49 23 3 338 532
11 16 27 1 542 734
8 66 20 6 219 349
49 8 23 1 509 598
58 72 16 6 329 606
78 97 14 2 602 720
83 26 27 1 400 506
58 96 15 7 471 626
67 52 9 4 331 626
44 74 18 1 363 614
11 75 13 4 282 345
80 99 6 7 209 329
40 75 28 7 481 585
84 83 10 3 618 712
89 26 13 1 395 504
91 44 11 4 325 418
70 54 9 4 223 435
51 86 23 7 511 781
40 0 10 3 656 769
35 67 8 3 244 531
77 33 26 1 425 618
19 23 21 1 510 755
38 7 6 2 422 681
46 50 8 6 321 503
34 70 16 7 263 503
34 73 14 4 464 688
49 15 20 2 536 664
6 80 19 4 555 698
64 40 16 7 544 645
93 12 22 4 680 784
6 30 25 4 434 585
29 53 13 6 419 633
80 100 5 2 216 500
29 68 10 4 576 744
69 38 16 5 713 783
20 50 15 2 224 513
60 43 23 7 687 776
70 20 24 5 359 539
16 60 24 3 487 739
76 81 18 4 364 639
97 18 19 6 488 583
54 34 21 4 516 774
12 59 10 6 437 547
47 59 22 1 576 788
20 8 24 4 298 428
11 53 9 5 354 483
79 59 12 1 572 725
87 99 29 5 467 599
6 83 7 6 435 499
90 76 7 3 336 628
10 86 16 4 514 687
98 0 17 5 357 550
38 38 9 6 238 516
40 84 7 5 242 378
11 83 6 7 407 558
95 27 28 1 395 650
94 77 24 1 223 292
31 25 28 6 352 485
32 78 25 3 505 620
58 55 23 6 465 531
7 4 8 1 248 377
17 84 12 5 430 498
79 42 17 6 479 675
24 55 27 6 379 595
11 20 5 5 579 760
84 8 16 2 293 392
16 3 16 7 610 745
5 2 28 5 631 792
56 93 24 6 391 628
87 87 18 3 333 416
76 75 29 7 592 741
100 30 6 1 220 340
96 88 26 6 520 651
73 68 27 3 286 548
89 51 11 7 228 461
17 64 26 7 655 780
33 50 22 2 670 756
61 65 15 6 403 673
