722
22 9 0 0 0 0
99 27 24 4 505 765
40 36 22 7 262 413
58 98 11 5 605 778
94 91 15 3 312 425
43 65 21 7 235 314
42 16 23 2 285 421
0 99 18 4 660 763
9 10 30 7 200 289
74 8 10 5 423 680
17 20 24 5 271 430
59 91 20 3 491 688
41 92 10 7 206 321
83 80 8 6 386 488
0 58 17 1 360 480
94 74 29 6 504 776
7 2 26 1 604 729
62 21 6 2 635 757
95 38 5 6 212 348
64 98 7 5 226 369
79 95 19 1 437 673
81 38 8 7 348 637
3 50 8 6 323 498
85 0 29 7 366 447
48 41 16 5 603 792
21 56 15 4 472 575
50 72 15 1 220 410
34 22 12 6 320 398
2 0 16 2 226 398
86 38 24 4 332 415
21 58 23 6 371 569
17 92 21 7 480 684
16 4 23 1 212 355
95 72 29 4 327 414
90 22 9 4 612 714
51 32 16 2 258 448
17 14 23 4 531 610
31 42 29 7 466 623
100 24 10 4 262 356
73 4 5 2 307 422
94 66 26 6 260 524
23 79 13 4 537 798
56 30 19 6 440 603
24 95 28 4 500 637
86 33 22 5 368 625
36 74 29 6 505 603
87 24 14 7 311 510
67 80 24 1 349 516
28 6 29 1 422 689
22 19 17 7 564 718
38 2 28 3 383 480
57 5 27 5 476 543
40 76 30 5 585 765
43 61 8 3 553 642
29 6 16 6 477 644
63 18 9 4 571 744
15 96 20 4 446 567
65 59 19 5 425 566
52 71 11 1 292 576
71 28 23 7 374 605
25 95 15 5 639 783
27 14 29 5 217 350
12 98 22 4 255 533
20 80 8 6 634 757
54 85 27 5 365 551
48 66 29 6 263 374
70 59 15 2 447 593
94 21 16 5 563 708
21 34 22 3 540 601
95 28 18 1 407 512
6 47 15 3 466 533
47 51 19 6 463 625
15 27 21 4 304 497
53 66 25 5 335 431
90 36 28 6 288 437
11 25 11 3 317 502
63 91 16 1 409 489
61 46 26 4 437 507
25 67 24 6 607 668
78 48 27 4 360 427
86 94 8 6 343 411
70 15 12 4 394 478
27 94 5 4 443 629
87 45 18 3 291 567
0 30 14 1 313 530
14 44 17 1 625 692
36 70 27 1 487 603
98 36 11 1 459 710
40 27 14 2 523 780
63 34 14 1 238 499
32 92 7 3 493 676
86 61 18 5 345 526
22 18 15 6 454 609
17 5 9 4 245 335
0 65 6 3 648 722
63 13 9 6 569 762
53 33 17 3 602 762
34 77 26 7 603 728
46 9 13 7 467 726
8 24 26 1 495 601
17 72 29 1 308 592
50 8 23 7 507 708
1 66 18 6 545 729
38 69 22 7 302 402
89 68 10 3 703 799
19 64 23 3 409 522
32 5 26 4 290 510
32 9 27 1 363 505
34 10 16 2 607 796
56 35 14 5 447 593
34 60 6 7 669 757
83 61 28 7 380 628
99 26 5 5 550 708
73 89 16 5 558 680
89 81 18 3 388 609
22 50 6 4 220 454
9 48 8 3 359 496
77 46 15 4 428 670
92 23 20 1 474 605
14 72 30 3 693 797
94 86 22 5 485 667
91 50 8 7 460 526
55 56 27 5 535 727
84 64 23 3 246 514
32 59 19 2 650 789
83 64 28 7 450 724
41 6 20 1 339 564
55 85 9 6 368 449
63 4 27 7 284 557
15 87 14 7 615 715
22 55 15 3 389 464
19 95 12 4 568 683
60 88 17 6 290 353
77 84 27 1 419 498
100 47 15 1 544 672
98 21 15 5 355 577
44 53 21 6 343 411
3 51 13 4 447 733
99 7 8 3 231 415
24 56 7 6 409 593
42 84 11 7 553 769
24 38 24 5 287 587
14 32 28 3 219 364
93 55 16 4 606 701
79 9 17 6 668 794
60 20 28 5 469 648
30 4 5 6 656 730
46 53 12 4 707 777
57 59 30 4 495 735
62 30 11 3 471 678
55 94 14 6 369 480
9 70 28 1 554 640
72 32 16 5 511 591
87 55 27 1 487 785
46 97 17 6 429 546
56 79 28 5 385 653
93 98 5 3 309 569
64 99 16 4 267 514
36 78 6 7 301 402
30 57 11 7 220 304
76 16 21 5 616 783
91 53 5 4 294 419
45 11 9 5 202 466
68 69 16 6 232 494
45 67 13 5 307 556
76 14 5 1 412 480
91 47 8 2 224 375
73 72 26 5 205 374
51 60 22 4 597 711
41 14 9 2 330 539
79 32 21 2 385 484
80 8 7 7 453 683
1 55 7 4 394 593
30 94 6 7 301 448
26 52 9 2 230 437
40 99 29 4 347 567
80 1 18 6 295 564
85 87 13 2 591 717
22 40 11 1 690 760
79 20 11 4 360 455
4 43 26 4 317 570
5 36 17 2 434 714
13 92 21 6 640 718
67 40 15 3 459 708
69 72 19 7 575 762
42 99 11 2 600 785
18 91 17 3 304 495
35 31 27 4 396 473
74 76 27 6 638 727
46 30 27 6 316 595
29 8 15 5 561 673
44 19 26 5 220 412
70 28 5 5 344 498
15 89 27 5 410 705
42 53 17 4 299 536
40 95 29 5 542 698
92 53 16 2 390 594
88 3 13 3 516 775
71 96 10 2 355 547
37 78 21 1 427 541
68 14 7 3 231 386
89 100 19 3 357 432
8 92 7 3 429 609
57 47 14 7 212 364
74 1 15 1 486 603
48 35 19 6 286 471
60 72 20 3 234 382
41 25 24 5 375 609
70 97 21 5 381 512
67 16 8 4 210 449
40 50 27 1 291 422
60 8 9 4 254 466
54 2 13 6 517 589
48 93 17 6 217 376
17 22 26 6 481 681
8 35 24 4 315 450
92 79 5 6 330 420
72 5 19 2 573 738
59 17 24 4 550 615
9 90 5 5 444 704
30 66 20 2 287 514
59 31 16 4 466 594
24 42 8 6 539 694
81 56 19 3 566 724
22 58 26 1 244 373
3 68 17 3 495 667
81 32 15 1 256 538
63 26 18 1 365 441
95 89 6 1 382 594
42 34 8 6 263 374
7 71 14 6 424 607
88 84 18 2 350 578
85 26 16 6 251 545
56 33 20 5 384 670
66 58 20 3 497 603
17 86 13 2 413 595
70 10 10 2 231 395
24 89 15 2 331 565
65 47 27 1 620 699
42 46 22 4 588 705
33 60 30 6 457 597
76 24 27 2 509 663
67 72 18 3 562 795
74 17 11 2 474 727
14 27 20 5 351 600
32 29 14 1 498 577
6 10 15 3 549 710
87 22 16 6 504 706
68 21 14 4 216 308
26 70 18 3 679 786
11 69 18 2 482 560
15 69 29 6 477 745
0 48 29 7 480 606
41 28 5 3 398 535
33 62 25 6 202 426
43 88 17 4 542 631
71 81 11 1 203 305
29 42 6 2 441 698
26 58 17 7 564 773
93 8 16 7 416 702
4 66 24 3 635 695
79 69 13 3 669 753
74 43 25 4 323 491
20 27 22 1 283 414
62 22 18 5 477 589
58 14 19 2 524 662
77 21 18 2 301 476
79 4 29 5 204 351
51 24 9 3 376 668
37 54 19 4 683 794
81 96 20 3 659 781
100 92 8 6 501 580
15 37 16 1 454 544
21 9 5 3 462 568
99 72 19 7 202 466
79 17 26 2 336 558
12 81 27 6 225 520
35 100 12 6 393 657
17 28 18 5 559 667
87 36 17 5 416 535
62 20 9 2 311 538
59 24 27 5 452 619
10 20 30 6 452 636
8 82 26 4 204 453
89 24 13 6 307 419
58 97 28 3 460 691
64 54 25 7 412 662
76 85 13 6 625 769
27 88 5 4 210 398
37 41 20 1 260 512
40 84 8 5 592 706
11 62 28 2 410 658
62 79 6 6 340 477
86 28 5 5 509 653
23 13 27 4 559 739
15 4 17 5 425 628
22 30 5 7 564 787
64 42 9 6 616 701
49 14 29 1 253 315
49 2 27 1 445 654
100 39 25 2 390 593
40 72 25 5 330 608
95 34 21 4 416 691
51 27 8 5 555 773
1 68 8 1 272 432
63 51 21 6 545 770
26 61 12 2 390 562
13 40 25 3 534 665
53 41 5 3 273 423
66 92 12 5 227 495
5 78 30 2 474 700
88 61 28 3 286 571
81 76 28 6 494 587
79 38 14 7 435 567
84 18 28 6 649 782
89 80 24 1 226 416
99 91 8 4 515 619
71 57 14 4 489 711
21 6 30 6 547 794
35 93 15 3 331 404
72 94 5 3 495 587
46 13 25 1 282 380
10 66 21 4 524 584
49 12 6 4 494 599
58 8 18 4 655 767
55 38 25 3 364 450
74 9 7 1 406 512
54 8 26 1 360 491
68 71 21 2 207 417
71 39 7 3 540 765
80 5 21 6 502 642
20 47 27 3 510 658
96 95 20 5 590 799
37 80 22 3 207 420
31 53 28 4 260 433
5 75 29 4 359 625
35 66 17 2 502 744
42 58 24 5 515 795
3 59 9 6 477 600
72 98 20 4 518 660
61 40 12 7 579 677
21 30 7 6 386 455
87 43 29 1 465 725
55 91 6 6 271 393
49 67 10 3 460 740
34 83 26 3 370 489
41 68 6 6 268 560
48 84 13 3 241 511
33 63 20 3 342 633
64 29 11 5 425 534
59 11 24 1 462 722
30 85 26 3 602 721
44 100 27 5 331 460
57 94 25 1 344 488
13 50 28 3 412 549
56 93 10 1 432 526
8 44 20 1 457 643
78 53 27 5 680 759
4 86 8 2 470 681
87 21 7 3 599 757
64 97 30 4 510 595
99 4 29 7 342 412
20 6 26 7 521 788
4 28 15 7 352 440
89 23 13 4 337 441
32 2 6 2 605 669
61 82 28 4 480 598
0 81 5 1 326 517
24 81 8 1 446 683
45 53 14 1 401 477
69 24 30 4 586 669
22 53 7 5 442 575
77 63 7 4 642 764
100 59 13 6 563 643
30 37 27 4 379 507
36 44 22 5 281 342
89 7 11 1 440 615
49 37 21 1 221 472
39 39 12 6 257 473
54 84 20 1 325 430
68 95 10 4 528 798
22 14 27 4 269 375
64 41 10 2 410 546
17 85 30 2 413 692
82 54 6 4 261 512
28 35 7 7 533 748
96 85 30 5 377 649
59 66 24 1 592 668
83 94 12 4 462 527
21 24 10 7 683 774
92 92 30 2 709 796
83 28 28 5 528 799
33 93 7 2 566 713
65 61 22 1 351 411
32 30 7 4 561 696
81 54 13 6 463 700
93 99 9 5 283 561
20 100 11 3 454 634
52 93 18 3 384 587
19 90 24 4 415 547
21 22 13 2 357 618
71 40 25 3 665 755
34 67 13 4 283 438
71 33 27 5 349 461
56 86 28 3 722 798
6 94 20 4 597 742
27 46 9 4 624 784
64 44 29 5 367 584
87 9 26 2 618 745
65 31 17 4 224 500
22 93 22 5 326 485
80 45 9 3 256 540
61 35 7 6 428 515
52 15 21 7 554 656
77 59 19 4 672 783
46 15 22 1 421 576
32 36 6 4 288 496
19 5 15 2 401 693
16 86 24 7 224 400
90 55 25 7 475 577
80 32 12 6 270 555
88 77 30 2 372 488
54 25 28 6 391 685
90 42 12 7 379 507
21 85 5 6 482 546
33 10 11 7 376 524
7 53 17 6 241 340
42 75 29 7 577 765
0 88 14 5 476 747
24 62 7 1 428 681
88 93 6 4 594 667
59 36 29 5 466 551
12 97 16 7 459 612
73 56 16 6 275 352
84 29 21 5 703 792
45 22 18 7 474 563
27 2 24 5 493 574
13 38 15 5 582 742
39 43 8 2 444 612
25 71 22 7 220 442
15 30 11 7 487 608
92 73 8 1 499 678
19 87 19 2 628 756
81 66 28 5 284 551
52 86 28 1 416 609
34 29 30 1 606 729
15 17 21 7 407 588
84 69 24 2 378 476
52 18 14 2 403 530
91 35 18 5 503 709
86 22 21 6 223 395
33 55 17 7 288 445
68 4 17 7 466 738
55 66 9 4 322 533
70 30 26 3 618 689
77 73 12 1 514 779
21 27 8 3 549 638
21 33 16 6 689 785
48 39 12 1 336 443
96 38 18 6 473 548
92 37 26 3 258 452
8 40 14 3 456 591
49 9 26 2 418 609
63 48 8 4 650 791
25 89 10 4 230 443
23 88 5 5 445 584
5 22 29 2 455 573
16 80 8 2 320 421
24 74 5 7 529 722
44 85 18 2 438 728
63 47 29 2 545 634
5 85 5 6 319 558
65 26 10 6 486 760
89 58 17 4 271 361
32 46 26 1 274 480
70 53 16 3 448 529
99 75 21 5 529 745
82 31 22 4 222 380
95 8 16 3 383 683
79 73 16 4 650 776
76 89 16 3 312 557
11 61 22 4 208 294
83 90 18 1 305 580
5 59 7 6 250 524
66 30 15 4 253 319
66 62 18 2 730 799
51 86 15 5 494 638
59 78 18 5 651 772
15 85 5 4 295 394
90 4 8 5 317 525
36 97 5 6 506 685
8 51 21 7 265 524
5 52 14 6 265 426
19 83 21 4 492 590
34 0 28 2 459 653
9 100 7 6 273 524
58 90 12 1 482 721
0 53 19 7 368 584
8 10 11 6 220 476
78 73 8 5 450 563
52 80 16 2 591 653
98 78 18 7 208 467
57 19 19 6 525 781
59 41 15 5 299 585
31 57 13 3 224 390
48 46 18 7 324 462
22 49 8 1 435 578
34 61 10 1 265 396
58 44 16 6 586 762
61 77 12 5 705 795
6 58 12 3 282 418
63 50 30 3 376 532
48 1 6 4 578 781
5 56 5 1 372 461
90 85 17 7 373 626
92 82 16 3 486 546
22 74 25 4 612 724
57 99 14 6 494 652
56 34 17 2 289 460
27 48 27 1 255 423
67 88 10 2 564 739
59 90 22 3 392 565
67 22 24 4 512 788
48 72 21 6 364 634
40 85 18 5 408 625
19 89 7 2 339 458
27 15 28 7 305 548
67 86 9 7 242 396
0 89 30 1 541 629
66 72 6 2 331 577
68 10 6 6 639 762
94 14 6 2 337 492
30 32 17 2 519 597
32 10 19 7 402 556
65 78 20 1 429 630
39 75 5 6 651 800
63 22 24 4 651 771
55 15 6 4 597 747
12 58 19 7 521 786
56 5 15 5 369 591
51 31 30 1 365 594
48 56 12 5 580 780
91 78 9 7 367 585
59 79 9 4 581 785
2 97 20 1 402 550
8 36 10 7 498 587
21 88 29 7 352 473
97 84 5 1 414 475
57 23 21 4 371 640
100 16 13 5 543 681
2 44 14 7 612 674
65 28 10 2 519 740
77 27 10 1 509 733
19 91 16 5 632 770
11 40 22 6 241 302
97 45 13 5 579 734
91 26 26 1 404 554
5 2 5 5 291 394
35 27 15 1 439 731
73 25 5 4 348 452
28 48 27 1 437 737
23 30 18 3 250 535
74 85 13 3 306 381
87 44 25 1 277 455
54 35 27 7 375 636
13 91 6 7 646 784
76 95 20 5 562 789
3 33 24 7 438 615
93 36 13 7 522 586
74 99 30 7 285 436
21 49 23 5 411 491
10 73 11 7 325 445
39 54 15 4 345 500
6 76 9 7 486 740
7 7 14 5 538 624
79 59 29 1 686 770
5 61 17 7 514 704
27 73 28 3 369 558
18 66 11 6 223 493
30 83 13 2 502 739
58 15 9 1 401 560
94 35 23 6 218 478
52 55 14 7 608 697
23 14 30 6 498 593
7 24 18 6 541 644
69 36 20 5 223 412
13 88 16 5 261 522
82 16 7 2 682 757
86 34 22 2 364 508
10 72 28 4 339 480
87 59 28 5 363 644
55 83 12 1 673 737
75 91 11 3 219 335
25 29 14 6 536 754
30 29 22 7 597 710
86 68 15 4 267 404
72 41 5 4 297 466
20 94 23 1 282 547
66 13 23 7 497 731
37 79 29 5 346 641
39 9 22 4 314 566
79 74 12 7 645 705
77 32 23 1 370 440
53 26 8 5 445 678
2 83 23 4 516 715
44 44 29 2 209 372
75 25 30 6 567 693
89 57 24 7 391 688
30 11 8 5 254 319
19 13 20 4 392 523
39 69 7 1 671 750
74 67 17 7 253 429
82 43 9 1 680 755
5 84 13 5 371 653
80 76 27 3 586 684
79 18 29 6 207 429
64 58 15 4 427 497
79 14 7 1 243 356
60 27 16 6 379 650
18 56 21 1 269 436
31 38 5 3 463 751
99 48 29 6 402 610
58 55 16 4 248 383
43 100 6 6 649 710
92 81 6 4 270 345
38 83 26 5 377 603
87 69 15 5 473 618
90 8 15 1 626 729
92 35 28 4 561 653
56 94 8 6 555 633
30 60 26 7 259 468
51 100 21 6 270 537
59 89 10 2 686 749
23 54 20 2 302 393
89 61 6 1 319 498
79 42 27 5 498 723
30 96 26 4 695 775
4 38 22 3 485 642
36 49 21 7 377 519
55 98 19 5 355 623
1 65 21 5 266 337
90 24 11 5 334 439
81 24 7 3 253 511
71 60 16 3 247 318
75 84 21 2 224 425
18 68 21 6 591 755
10 57 20 7 272 413
53 57 26 4 392 605
73 91 17 3 202 372
27 51 16 7 522 789
64 75 25 1 393 552
89 69 15 3 548 736
46 79 14 2 295 570
60 26 12 6 472 629
54 22 15 6 366 542
22 84 22 6 297 360
62 23 10 1 665 787
27 47 22 2 302 383
90 86 8 3 334 564
48 26 5 4 420 620
83 62 24 3 621 776
79 98 25 6 242 417
67 21 25 1 377 532
81 86 21 5 570 721
31 85 9 6 221 415
75 7 25 7 254 468
13 63 21 5 267 510
47 86 18 1 223 360
66 16 17 4 629 691
9 24 9 3 450 683
28 16 6 4 516 605
27 20 20 5 475 657
24 52 19 5 564 629
58 57 16 2 254 554
56 6 10 4 386 485
80 78 14 3 361 447
71 48 14 7 442 551
61 68 8 2 238 372
38 93 19 7 411 551
22 97 27 7 459 521
34 15 22 4 513 610
11 11 26 3 527 775
49 15 20 5 385 630
88 72 13 3 575 775
20 88 6 2 654 748
16 10 9 4 452 597
37 48 21 3 449 688
11 67 21 7 300 402
7 17 30 6 519 800
69 70 9 2 289 352
58 64 23 7 592 687
76 25 29 7 264 429
20 56 14 5 623 730
20 1 17 6 361 473
77 92 13 6 232 378
64 40 5 1 520 694
80 69 25 5 618 731
4 69 13 6 246 479
86 76 8 7 445 679
0 66 16 7 641 773
99 93 17 2 563 643
15 9 6 7 534 660
39 95 9 7 579 646
5 49 8 6 563 751
14 17 6 5 498 705
22 75 10 7 352 609
58 48 7 3 242 539
3 34 6 3 360 556
61 14 29 1 676 785
21 75 15 7 468 598
50 4 13 7 588 752
72 0 9 2 228 426
86 80 30 4 517 599
23 66 15 7 383 625
15 44 5 2 283 389
2 17 6 1 298 504
94 59 17 3 317 567
71 69 23 3 618 706
11 83 27 2 206 494
84 9 6 2 233 500
37 94 26 2 242 346
11 38 24 7 398 571
