631
35 37 0 0 0 0
45 86 5 1 397 596
24 80 25 5 652 753
84 79 14 7 581 704
67 22 20 3 568 662
19 93 19 7 433 546
73 49 29 4 560 783
51 90 7 3 283 536
60 50 18 5 341 501
84 74 8 5 514 697
9 84 19 1 575 693
11 24 14 6 418 508
7 85 30 6 344 432
29 8 24 6 268 483
57 43 21 6 201 358
49 99 10 1 656 796
55 50 15 2 259 420
52 17 5 7 238 392
45 41 17 5 494 579
95 33 8 1 687 768
29 26 20 5 297 399
38 62 16 1 305 483
22 72 15 5 474 541
14 10 8 1 342 418
13 89 17 2 314 613
18 69 30 6 534 778
25 64 10 7 540 766
20 53 19 6 481 558
84 38 12 2 528 739
25 48 8 3 431 670
22 94 25 4 472 568
92 74 14 1 331 566
39 80 5 7 543 612
64 48 28 6 295 500
84 29 28 4 202 447
17 54 20 2 444 555
59 65 28 3 243 524
58 18 17 5 278 365
45 28 6 2 529 594
27 53 16 2 627 774
6 37 15 3 243 485
46 42 15 4 556 721
10 21 28 1 346 621
34 24 25 5 237 530
27 86 20 2 570 662
97 52 6 3 391 557
93 66 19 1 432 654
1 63 17 4 490 556
95 77 8 6 267 556
58 47 5 1 330 400
46 8 26 6 617 715
88 87 18 2 438 540
61 1 19 5 471 699
24 50 22 7 213 345
92 73 6 7 309 478
1 69 9 4 608 753
71 36 28 2 368 553
9 49 9 5 327 464
61 94 9 7 305 500
29 71 27 7 221 343
15 66 27 2 327 499
29 58 25 4 519 709
57 88 17 6 510 755
17 39 26 3 610 717
45 74 30 2 541 788
40 69 16 1 384 584
99 79 15 4 212 366
81 59 15 4 534 647
17 5 7 2 582 655
38 40 24 4 360 507
9 45 15 3 338 632
20 3 14 2 532 785
14 100 19 7 483 770
88 50 24 7 558 728
82 11 26 1 403 533
41 83 23 5 465 546
4 88 5 1 579 732
88 1 8 3 326 432
8 73 13 1 563 635
62 59 17 6 246 412
73 36 13 3 203 323
63 94 17 1 347 599
31 54 20 5 581 773
1 54 17 1 489 775
46 5 18 7 322 529
51 58 15 7 481 693
62 23 16 5 567 699
65 67 25 1 251 517
64 66 11 6 257 556
100 14 21 2 267 453
14 64 25 4 625 736
42 50 12 4 428 691
12 78 24 1 371 437
79 23 30 3 401 612
64 2 28 4 257 453
41 43 13 2 591 674
43 0 12 7 606 784
71 37 18 2 520 597
25 31 25 5 624 796
67 8 19 6 458 749
91 10 11 5 487 682
16 81 21 1 452 550
45 89 15 7 668 746
42 15 13 1 220 315
69 30 28 7 209 407
9 21 22 1 561 744
67 61 14 3 209 341
2 78 28 7 467 617
68 33 28 4 684 758
67 70 8 6 309 551
65 1 20 5 433 576
55 9 24 1 356 601
20 25 24 5 380 623
50 81 26 3 389 604
28 75 16 1 479 650
19 10 26 4 293 463
85 99 5 4 343 567
77 6 20 7 380 519
66 62 15 4 477 602
63 28 14 6 373 478
89 78 12 1 634 793
86 77 12 2 510 776
32 19 28 2 650 776
43 62 7 5 379 612
16 87 9 5 560 674
95 61 18 5 554 788
45 85 28 7 333 541
87 88 9 2 302 409
21 8 22 6 217 451
23 86 12 6 390 648
95 47 10 6 338 495
53 67 23 6 709 772
36 6 23 6 223 487
100 19 9 7 427 656
66 4 10 1 490 669
86 26 6 6 209 340
100 15 19 3 525 716
91 50 6 2 273 535
41 55 28 6 212 373
51 65 27 2 516 644
83 6 10 4 265 539
35 3 6 5 488 649
95 85 21 5 286 366
73 8 13 6 644 753
99 35 12 7 243 490
19 66 30 1 517 737
47 88 11 1 438 561
63 48 8 2 367 516
85 90 19 2 265 342
27 74 15 6 420 570
46 29 30 2 384 681
1 99 27 3 416 617
49 62 11 5 352 441
95 28 9 5 359 549
65 98 25 2 235 335
63 66 12 5 231 380
22 17 5 6 526 648
78 40 28 2 500 800
76 55 25 6 292 413
52 50 24 3 680 759
11 45 29 6 291 489
67 56 9 6 353 437
50 91 25 1 444 577
68 24 9 6 588 789
87 8 7 3 721 781
20 67 8 7 310 494
26 57 8 4 470 667
58 45 26 2 468 749
12 26 10 6 556 729
36 61 11 1 302 543
0 34 8 2 292 441
6 89 17 3 335 603
25 63 21 2 231 442
1 85 11 3 229 328
40 97 8 3 504 587
43 67 18 3 365 570
15 81 26 4 230 515
88 73 16 6 437 575
91 81 14 3 577 639
8 50 25 1 627 689
83 61 5 3 370 521
97 67 27 7 329 426
26 37 24 5 259 488
88 6 18 3 203 360
16 13 24 2 345 578
89 6 7 6 435 723
36 59 30 5 594 655
65 73 28 7 549 785
67 30 24 6 646 733
1 75 25 5 269 385
2 82 9 4 306 435
89 34 13 6 679 765
94 87 28 6 218 365
87 35 28 6 656 745
39 22 23 5 429 637
28 9 27 6 206 278
21 61 23 1 349 636
96 70 12 3 609 730
43 13 21 1 634 792
75 80 26 2 473 718
19 82 28 3 235 447
96 47 21 2 428 686
81 47 25 2 614 727
23 53 12 3 394 520
89 0 22 2 223 478
0 65 14 5 734 796
92 81 24 7 262 415
7 71 26 6 379 439
99 47 22 2 354 572
66 13 25 1 462 700
41 78 29 7 522 621
48 45 25 4 303 470
75 53 16 1 334 442
12 4 23 1 432 570
90 56 25 1 551 693
21 75 11 3 390 525
77 43 24 3 283 468
25 81 13 6 498 588
80 50 20 4 504 657
15 39 8 7 697 793
70 64 17 7 503 719
42 42 21 3 256 380
55 87 9 2 362 429
2 72 8 2 390 517
63 99 25 4 216 398
39 78 8 2 614 678
23 61 5 5 427 640
54 75 15 6 357 621
90 51 24 1 293 454
91 77 30 7 418 549
15 27 12 2 250 434
25 72 24 3 335 533
34 76 6 1 548 737
34 72 20 6 257 423
95 1 19 5 540 638
45 37 8 2 281 351
87 29 8 2 317 596
94 88 13 3 415 547
14 32 8 3 241 428
10 46 29 6 303 396
38 36 13 1 719 787
87 41 14 2 441 707
46 76 20 5 409 529
39 85 19 6 669 788
41 1 26 4 289 438
4 87 21 1 558 688
45 55 19 2 476 754
43 33 10 6 423 486
59 42 18 4 457 648
95 4 22 7 484 657
14 72 26 4 588 668
57 66 27 6 506 738
8 69 20 4 357 655
12 20 17 5 519 641
99 59 7 4 258 407
65 29 12 2 537 613
36 18 25 7 204 314
89 13 28 6 267 409
32 55 29 3 366 516
80 22 17 2 495 689
17 51 7 7 255 388
30 92 7 6 451 555
53 89 25 1 475 712
23 66 21 6 277 384
45 39 17 7 686 800
95 32 18 4 350 454
59 67 7 3 357 551
2 91 20 6 397 569
66 70 29 2 280 531
43 80 17 4 210 448
43 36 27 1 591 673
57 64 25 5 535 614
15 45 16 4 445 683
81 34 30 4 239 430
3 97 27 1 452 716
87 93 19 6 539 691
61 84 14 4 267 445
15 52 15 2 373 634
92 84 12 3 440 532
26 65 29 1 499 668
40 90 28 4 561 713
8 66 16 7 679 769
95 0 9 3 442 521
27 85 7 7 348 641
85 44 30 1 331 438
98 66 20 3 228 368
14 3 15 6 612 712
2 96 19 6 265 352
91 55 6 2 386 534
85 57 18 6 257 343
78 61 16 5 356 457
97 76 17 2 361 489
44 83 28 5 313 420
77 22 9 4 333 464
47 80 29 1 459 622
16 45 28 4 341 575
40 62 5 3 420 537
0 56 27 2 571 787
72 80 17 6 619 773
84 77 23 6 242 525
26 27 22 7 530 709
44 1 21 5 214 333
65 27 30 7 554 676
29 79 8 1 202 404
36 95 29 5 448 719
91 49 6 3 398 649
12 42 13 1 339 442
15 89 13 4 330 430
50 67 27 4 408 471
94 55 14 4 463 606
88 84 26 6 526 639
85 4 8 4 265 475
52 49 12 1 625 750
78 16 5 3 293 416
100 97 27 5 539 747
22 23 26 2 398 491
50 15 8 5 323 443
33 46 23 7 354 432
75 7 5 5 574 752
34 85 20 2 531 613
93 72 13 5 316 477
9 1 23 6 495 749
75 90 15 1 365 483
84 7 11 4 247 421
56 82 22 2 538 692
88 83 30 7 265 406
89 32 7 7 298 460
62 100 11 7 232 463
64 27 6 6 348 432
88 38 17 4 294 461
90 71 28 3 653 729
89 28 13 3 431 596
92 40 17 1 617 689
69 53 30 7 493 608
24 6 23 6 422 626
34 89 26 6 570 769
35 44 6 7 390 607
31 64 19 4 502 614
60 55 26 7 293 593
8 27 25 2 317 515
75 37 17 2 552 646
9 48 30 7 254 425
73 85 22 2 372 576
72 27 12 3 510 651
98 19 5 1 467 611
68 80 28 6 607 697
21 29 7 7 570 639
36 30 14 5 232 389
32 78 26 4 310 527
77 37 22 4 445 692
33 69 13 5 425 553
39 66 21 5 208 291
82 80 5 4 356 525
76 65 9 1 483 690
69 39 20 5 554 661
43 6 29 2 237 526
16 32 12 2 446 712
42 61 28 4 208 460
48 60 15 5 243 475
41 93 13 7 311 499
41 98 8 7 285 459
65 81 20 1 487 625
35 15 28 6 479 729
49 84 21 7 203 418
5 92 12 1 686 749
57 59 25 7 321 428
57 53 19 3 448 654
25 95 11 7 258 357
23 47 29 3 227 445
76 81 26 2 568 705
9 34 5 4 360 616
11 100 22 6 344 517
42 38 12 6 516 696
99 1 25 5 583 777
17 80 22 6 404 516
8 56 12 6 480 566
68 30 19 1 399 599
0 3 12 7 427 616
72 20 28 5 528 790
47 54 16 4 324 579
94 5 26 6 298 592
24 97 7 2 295 431
4 93 17 1 207 396
34 18 15 4 248 398
95 36 12 4 208 291
63 1 29 7 517 725
49 42 25 2 568 673
63 43 19 4 302 502
26 10 19 3 339 578
35 19 16 5 281 576
93 35 8 4 450 512
52 85 5 3 400 669
93 73 19 5 200 455
31 39 26 7 212 420
37 51 17 1 220 337
86 63 15 7 300 454
13 44 10 4 331 399
71 13 17 3 204 473
11 39 7 7 234 445
11 2 15 2 515 701
61 86 16 5 667 796
64 18 24 4 381 560
31 14 14 3 563 641
6 54 26 5 200 468
28 94 27 5 392 643
83 31 15 1 442 571
5 62 23 4 631 728
6 48 12 3 488 757
23 92 15 6 578 679
45 5 14 3 438 679
57 47 21 5 330 515
63 65 12 6 554 717
76 83 13 7 292 510
66 35 25 2 487 645
30 93 9 6 313 497
77 63 24 3 517 732
3 63 23 4 280 490
29 56 18 4 332 395
91 94 20 3 567 665
11 83 12 6 359 587
13 74 7 2 592 795
93 95 17 2 524 598
8 2 8 5 549 668
82 90 17 7 709 773
20 9 17 2 511 661
34 10 27 1 421 591
47 66 25 3 321 608
15 35 20 3 543 758
47 86 13 4 375 589
37 20 17 6 656 762
61 52 13 7 362 552
54 20 13 7 273 386
4 25 19 1 235 364
78 25 5 6 313 401
2 57 7 6 494 634
56 25 9 6 212 311
42 51 6 4 322 579
31 59 14 2 491 783
32 58 24 4 240 532
97 18 13 1 432 513
66 38 26 3 542 720
62 77 29 2 283 430
10 66 30 4 575 711
77 15 24 1 473 728
74 66 15 6 482 589
62 5 15 6 204 495
31 80 6 7 726 786
57 100 9 4 357 613
45 87 19 5 584 766
72 83 10 6 281 389
49 1 6 6 455 579
40 13 8 5 365 658
23 2 6 5 440 704
71 30 27 5 376 663
14 74 28 6 212 322
98 63 16 3 410 613
89 47 7 1 370 637
60 7 13 4 515 597
88 0 21 4 239 310
26 53 9 6 293 395
57 73 10 5 481 554
55 64 11 4 332 477
30 18 25 3 222 505
33 15 28 1 546 705
99 68 20 4 582 696
71 41 14 6 449 525
25 45 25 6 490 582
86 12 12 6 365 507
9 73 15 6 547 686
10 33 23 5 400 659
60 4 16 6 378 445
86 64 11 4 403 640
23 94 15 3 683 790
41 33 19 6 470 733
64 12 13 5 538 624
36 31 16 7 486 752
18 10 6 3 233 333
20 38 30 4 326 520
24 38 5 2 485 571
85 69 28 1 424 618
87 89 13 6 452 705
93 28 24 6 685 770
61 42 29 1 367 518
29 57 22 1 444 734
67 25 15 5 531 757
43 55 10 3 291 374
100 16 25 2 531 597
18 95 18 5 596 767
100 56 8 3 460 639
94 73 12 4 623 797
29 75 15 5 255 342
0 40 6 1 235 316
23 57 24 1 617 711
69 37 18 7 296 482
58 53 11 4 205 482
31 75 14 2 268 533
64 84 18 1 521 727
6 18 13 1 502 755
72 32 18 5 372 657
13 20 28 2 462 557
19 75 7 2 366 553
97 1 28 6 380 609
62 95 12 5 409 700
50 59 15 7 251 404
58 46 28 7 245 470
70 57 8 2 371 475
30 64 7 5 439 507
79 14 15 5 333 513
80 90 30 6 358 577
61 41 14 5 295 445
45 90 26 2 527 722
48 21 22 7 348 616
43 32 25 3 698 799
54 12 15 3 273 465
32 84 8 2 529 774
89 74 17 2 260 525
47 25 20 4 607 680
52 54 5 7 503 729
50 86 20 6 388 655
78 53 5 7 357 553
98 87 22 4 667 733
6 97 24 6 559 758
68 35 17 3 479 540
90 57 7 2 397 518
10 29 9 7 283 497
48 49 16 1 480 732
32 32 15 7 609 761
61 70 19 3 290 554
20 82 24 6 442 681
94 32 15 7 366 472
59 41 21 5 404 483
45 70 12 7 362 601
69 66 28 1 544 712
89 66 25 3 312 511
7 56 5 5 512 617
89 95 28 1 587 666
61 78 11 7 452 532
47 55 9 2 526 628
18 45 6 3 265 356
24 11 13 7 214 395
60 42 23 4 287 482
59 68 16 2 583 700
26 64 28 3 391 527
14 86 21 2 449 667
60 23 20 4 387 448
63 31 22 6 573 651
8 34 16 2 413 505
75 46 17 2 292 376
11 4 29 4 500 800
11 75 7 7 442 627
33 93 28 2 470 654
80 53 10 3 482 715
13 40 14 2 453 616
82 58 27 1 366 465
96 85 13 7 239 404
72 93 17 4 442 529
46 32 6 2 653 771
37 82 8 6 294 468
75 78 11 2 380 652
28 27 23 1 405 544
55 36 19 3 295 509
22 20 23 1 307 563
18 87 19 4 229 375
100 25 23 1 343 494
94 36 20 7 362 463
55 97 22 6 285 545
75 54 18 3 340 527
57 25 15 4 318 480
44 55 21 7 428 686
43 38 30 7 281 492
90 34 27 6 350 603
79 38 15 6 220 308
25 84 7 5 396 512
88 77 19 2 210 304
59 33 13 5 460 738
11 53 5 1 470 588
81 46 6 7 437 600
71 23 20 4 357 574
23 13 19 5 448 664
82 96 27 6 257 466
35 60 10 1 511 592
79 57 9 2 596 672
11 19 16 3 335 626
98 33 17 3 639 796
71 62 5 5 591 774
55 66 10 7 317 560
55 83 15 1 262 419
34 62 8 3 434 598
87 73 5 3 396 538
10 0 24 7 414 608
92 93 9 4 211 433
52 33 17 6 339 506
24 46 15 1 575 660
68 39 10 4 502 600
21 36 30 6 612 797
79 84 17 2 493 565
59 43 28 2 408 552
6 11 24 5 432 633
73 90 17 7 605 777
28 64 20 4 565 625
69 43 5 4 413 497
32 41 22 6 588 658
43 86 23 5 508 753
15 56 6 7 331 442
76 77 29 7 570 743
87 43 24 1 407 662
62 12 21 2 507 708
89 5 8 5 592 756
19 30 7 2 250 501
88 26 15 5 631 779
30 50 5 1 604 737
79 51 26 4 673 747
13 27 18 6 556 699
72 59 22 7 246 409
20 60 19 7 313 431
71 34 15 2 523 625
53 80 17 1 394 615
12 41 9 3 281 382
97 17 13 1 249 332
56 69 27 2 256 556
33 88 30 1 643 780
4 42 6 6 433 615
43 79 22 6 255 436
61 2 18 4 432 699
65 22 24 7 566 640
93 43 22 1 286 386
55 65 19 5 454 653
36 48 6 2 207 451
26 90 7 3 266 337
66 26 15 7 544 684
64 96 8 6 364 489
