1696
36 18 0 0 0 0
81 9 10 3 259 557
12 50 8 2 482 627
2 25 5 4 590 686
38 54 20 2 218 444
69 23 22 3 483 656
93 0 17 3 570 720
54 32 23 6 354 575
90 12 27 5 345 493
13 72 28 1 260 522
12 57 5 5 293 440
89 28 15 3 216 443
25 48 25 3 555 728
43 69 8 5 535 707
4 94 23 3 509 674
80 92 10 6 483 565
10 11 11 6 538 660
91 57 15 5 610 709
81 8 15 3 441 584
95 54 29 3 312 434
83 97 15 5 534 679
28 35 16 1 307 469
58 45 20 2 597 672
53 57 22 4 583 673
58 36 25 5 506 690
16 25 26 5 521 642
68 34 16 6 444 686
13 11 20 7 398 562
66 82 25 1 572 796
68 94 28 3 240 436
4 69 20 5 619 734
13 92 16 4 557 667
85 48 15 5 335 559
88 48 19 7 329 611
98 3 15 1 433 709
100 68 8 7 281 425
95 33 30 7 346 481
95 26 15 2 389 638
17 57 15 7 317 535
25 14 12 5 511 659
22 0 11 6 442 708
73 21 24 3 428 604
53 75 29 2 213 340
68 61 18 6 364 464
77 2 14 6 315 465
39 66 12 1 388 554
13 100 12 3 375 498
40 34 15 4 463 698
99 53 12 6 484 732
21 79 13 6 302 597
42 9 24 2 320 476
42 36 13 2 494 620
93 90 15 7 378 441
68 96 30 6 595 725
8 59 13 7 264 466
10 91 26 7 347 572
47 1 9 5 318 387
69 43 30 4 458 661
12 7 11 2 406 573
6 36 5 6 561 708
24 95 21 5 389 483
66 10 17 2 492 603
83 86 22 7 355 448
49 100 7 1 555 623
7 11 30 4 502 595
89 100 6 3 289 529
70 63 27 6 256 341
28 58 11 5 326 520
52 29 14 2 577 732
43 16 17 5 291 549
48 32 16 6 208 493
54 94 22 4 455 748
1 27 19 2 289 354
70 28 23 4 466 702
83 38 29 1 641 704
9 53 21 6 373 567
49 73 10 3 250 313
22 22 14 1 201 310
36 25 28 4 573 766
78 77 15 3 339 439
19 56 28 2 518 716
49 52 6 5 315 385
82 67 27 6 268 392
8 71 15 7 438 645
52 52 8 3 271 333
15 72 10 1 404 503
49 16 16 5 461 604
77 1 6 3 344 502
48 46 15 2 470 584
30 14 8 7 475 766
14 20 15 5 348 454
31 45 15 1 240 340
88 18 10 7 322 570
83 2 26 1 449 599
34 8 27 2 281 394
5 83 7 6 423 677
71 58 6 6 559 769
49 51 7 4 544 626
28 15 5 7 581 752
63 42 22 3 395 489
97 92 24 6 437 714
67 80 15 3 248 387
40 22 30 3 527 791
97 85 19 7 424 692
2 58 15 3 252 350
75 40 14 5 318 513
17 80 5 5 575 701
30 74 28 4 242 306
31 84 5 3 407 579
61 74 19 1 226 519
1 11 17 4 290 572
67 26 12 7 640 798
13 26 6 2 571 653
11 50 17 6 304 554
95 53 22 4 248 543
53 3 14 3 666 794
79 49 13 6 574 652
93 29 5 7 526 755
16 16 20 6 313 555
27 19 28 2 528 693
14 6 9 2 433 609
11 42 13 5 420 634
89 45 11 7 668 767
15 68 6 5 601 741
54 25 14 3 413 535
57 66 15 3 506 768
0 65 28 3 219 479
10 26 24 3 288 431
82 37 15 6 231 403
53 59 19 1 274 452
51 54 6 4 270 435
12 82 8 4 503 636
75 72 25 3 270 542
44 76 12 6 452 736
87 41 20 6 411 689
28 43 10 4 536 681
57 83 13 6 449 655
16 41 23 2 322 590
77 25 20 3 373 494
89 60 14 6 399 501
32 5 22 3 390 576
73 93 10 1 375 505
24 72 9 6 657 739
44 26 28 5 290 415
81 91 16 6 531 650
9 19 27 4 399 509
86 77 5 6 365 627
37 31 13 6 385 495
92 79 12 2 539 670
6 25 13 2 537 793
88 2 7 5 404 583
57 100 13 6 439 723
38 9 11 5 595 769
4 41 15 7 225 462
39 53 9 1 332 546
28 92 17 5 300 528
99 90 7 5 283 452
92 65 13 5 354 588
91 65 22 6 291 446
38 7 9 5 393 691
83 95 23 7 657 743
25 19 15 2 463 546
33 40 16 4 225 448
84 40 18 4 535 732
100 73 28 4 378 617
20 36 26 6 609 771
66 88 22 3 464 673
5 13 27 1 635 788
98 8 16 7 593 743
54 45 24 6 461 709
99 38 6 3 540 607
37 25 17 7 705 774
46 22 22 7 523 643
94 100 27 7 212 463
16 86 16 1 477 601
67 11 14 6 221 508
20 57 25 6 280 580
11 35 5 3 296 515
88 3 19 4 415 698
2 2 12 7 263 343
29 52 25 4 278 372
18 78 9 1 525 793
39 51 14 3 457 588
44 52 8 6 414 691
13 45 12 4 251 345
68 35 23 5 686 746
43 7 30 4 668 741
3 1 7 3 519 733
84 31 9 7 350 460
18 75 9 5 657 785
10 68 17 6 635 700
72 89 18 6 352 499
6 67 27 4 210 396
97 51 26 6 262 550
7 28 16 7 219 287
55 90 20 4 288 492
54 41 9 1 386 615
67 8 7 5 352 527
78 49 7 6 292 372
36 78 22 5 220 438
89 69 16 4 461 638
16 19 18 2 547 766
15 47 9 5 223 405
71 86 19 2 210 437
6 7 13 4 382 578
37 77 16 7 409 564
57 10 29 1 202 286
41 10 5 6 343 615
100 19 17 3 525 744
59 34 18 5 570 647
43 32 12 2 442 720
19 50 22 7 404 578
13 86 24 1 446 519
53 1 14 2 533 672
88 5 8 4 504 583
89 65 21 3 554 702
96 53 8 1 320 607
91 29 11 6 477 664
20 35 9 7 290 553
63 1 28 3 512 761
11 74 13 2 541 669
42 88 6 6 502 733
72 59 12 6 572 664
7 21 28 2 276 457
97 32 29 5 370 579
1 7 28 6 398 676
8 23 16 6 292 392
44 88 22 6 436 643
11 97 13 4 206 484
39 86 11 5 625 713
51 95 22 3 551 788
33 52 14 6 524 621
60 20 26 5 286 463
39 25 20 6 253 489
12 37 5 6 230 321
27 54 12 2 263 552
58 34 8 7 417 507
0 69 6 6 416 637
13 64 17 6 349 409
79 74 28 5 377 667
5 74 9 1 425 702
17 25 22 6 304 373
93 50 7 3 485 729
22 57 28 3 479 684
68 79 14 6 497 634
58 56 28 6 388 653
64 3 20 1 380 663
0 55 28 6 216 305
70 12 20 2 574 668
1 78 30 2 470 587
34 11 21 3 540 639
79 19 15 1 289 557
37 64 23 1 282 524
65 15 24 4 489 619
68 68 8 3 307 482
88 52 30 2 274 360
44 14 14 5 379 455
19 34 22 5 349 637
0 17 6 4 506 688
83 19 8 7 525 745
74 44 30 5 634 788
85 9 5 3 342 421
95 76 20 4 360 427
9 7 30 7 500 735
91 64 9 1 287 373
92 90 10 6 463 623
71 50 28 6 233 494
26 63 28 3 261 411
94 33 14 1 624 786
41 11 17 6 553 669
100 47 12 6 449 669
96 78 18 6 432 698
67 92 16 7 400 575
71 54 26 3 377 495
50 71 7 5 394 497
34 93 6 3 682 798
70 61 12 4 529 683
91 15 9 3 324 419
2 62 20 2 578 670
62 65 26 2 209 304
21 35 13 1 687 775
36 76 17 1 337 586
78 52 24 1 486 629
57 53 12 4 291 351
37 0 20 6 228 410
49 44 11 5 537 755
69 10 6 6 357 579
81 99 26 4 377 532
84 71 28 2 229 400
71 33 13 7 204 417
64 86 24 7 385 465
96 45 26 4 617 725
33 2 29 5 322 474
99 35 21 7 222 306
6 64 27 2 301 434
59 4 6 2 512 757
82 64 12 5 643 768
25 45 7 3 356 554
31 46 29 1 591 734
47 57 20 5 636 714
66 68 9 4 484 657
58 55 18 2 224 470
83 5 26 5 526 643
5 58 11 3 559 794
41 58 13 7 356 601
62 47 8 4 449 511
96 76 10 4 201 446
23 89 18 7 277 357
74 79 14 6 329 483
31 56 29 6 349 645
90 26 13 1 693 756
32 40 8 5 253 375
0 73 15 1 471 657
86 49 15 1 289 381
94 55 20 6 297 554
40 88 21 4 321 387
33 68 27 5 616 711
89 14 9 4 288 393
24 90 15 2 394 595
79 32 6 6 222 357
18 86 7 6 253 327
36 51 14 5 372 526
22 98 20 3 308 482
92 50 11 4 202 433
72 87 10 7 695 776
22 89 15 7 319 615
37 44 12 2 349 611
34 50 21 1 537 780
29 98 15 4 374 534
1 82 12 4 562 650
80 21 26 3 496 769
19 100 26 5 390 638
94 16 21 1 555 737
92 80 18 5 398 488
79 62 18 6 466 620
97 89 24 5 614 682
17 14 6 5 247 485
71 23 29 4 501 717
30 26 10 3 468 649
86 11 21 1 475 656
30 33 30 6 225 393
86 52 12 4 377 585
30 73 7 4 594 750
49 13 19 1 531 651
54 61 27 2 621 732
64 52 14 1 270 352
9 22 26 5 592 714
63 95 12 3 324 614
90 24 18 5 534 695
37 68 12 6 232 327
40 92 24 5 505 653
54 93 8 1 211 337
36 72 12 6 470 625
27 93 22 2 295 394
11 11 20 7 394 461
20 71 6 2 372 520
43 76 24 7 206 287
12 97 16 5 588 714
82 60 15 4 363 528
78 71 12 6 300 405
11 45 29 7 451 514
48 24 29 2 214 469
1 67 12 2 277 485
45 12 15 6 288 506
51 4 25 3 218 283
71 38 17 4 586 738
94 83 28 2 311 427
18 69 25 3 459 572
77 7 22 7 236 480
9 33 26 3 321 529
54 64 18 7 436 628
75 83 27 7 364 446
28 79 12 6 336 481
48 40 20 4 401 619
75 65 20 4 208 378
43 100 30 4 201 274
55 94 22 3 546 793
1 63 26 2 401 513
93 32 22 5 317 467
76 53 7 2 646 724
51 44 8 2 448 694
43 52 23 2 443 738
42 94 13 2 489 776
9 67 14 2 305 594
45 23 15 1 237 335
93 40 17 2 267 507
89 81 30 7 310 527
80 48 21 5 526 671
23 28 25 2 431 693
5 37 29 1 351 422
72 12 23 5 486 739
82 58 5 6 313 431
63 19 18 3 219 306
54 68 23 3 418 695
50 63 25 4 220 497
78 81 19 4 497 600
34 12 5 3 236 500
62 1 30 7 528 689
94 76 5 6 389 527
59 70 11 3 462 618
2 11 18 6 448 598
27 8 20 4 527 686
83 18 15 2 671 744
64 79 16 7 656 743
93 20 28 2 547 749
30 52 26 1 330 497
90 87 29 3 208 362
24 87 17 5 422 694
69 89 9 3 239 335
46 100 24 2 508 712
93 14 26 1 526 703
3 89 27 2 306 398
41 33 30 3 589 774
66 78 20 5 301 362
86 8 24 4 394 469
21 33 28 2 348 521
13 75 10 2 467 579
30 29 14 4 221 428
7 25 19 4 487 710
92 52 15 7 229 368
70 64 22 3 504 570
82 1 27 2 460 593
87 51 9 3 464 626
2 37 30 4 244 436
57 87 30 5 343 595
93 73 16 6 490 733
33 0 13 5 443 676
31 19 28 7 289 545
40 19 18 6 392 656
69 35 20 3 669 799
20 10 10 6 386 575
52 89 25 1 654 727
2 85 28 2 220 505
100 43 6 1 342 460
30 65 29 1 318 594
88 50 24 1 336 629
18 64 22 7 334 628
39 21 6 7 467 706
24 92 25 7 350 449
11 0 13 7 337 631
100 100 28 2 357 611
70 82 23 5 704 778
93 21 9 4 343 476
83 32 14 7 613 727
56 87 9 2 504 599
34 68 15 5 344 422
57 75 6 6 350 572
73 22 23 5 574 797
12 48 12 1 620 757
52 66 18 2 597 673
50 0 19 7 573 705
32 89 6 5 344 428
68 21 24 4 381 454
77 80 14 1 393 545
74 50 5 3 276 482
63 64 25 6 646 706
54 12 30 5 240 506
64 60 17 5 577 654
7 75 6 6 553 750
65 85 30 2 437 557
11 21 24 5 450 705
38 99 7 2 638 704
62 85 25 1 269 491
100 0 5 7 202 278
10 28 26 3 470 695
41 0 11 4 321 448
32 30 22 7 370 514
25 49 9 3 263 419
43 47 14 6 509 794
31 81 13 2 384 537
43 51 8 7 283 575
11 83 11 7 393 693
64 88 19 2 306 477
6 58 29 5 620 734
95 64 12 4 507 578
50 17 11 1 643 749
52 90 30 7 404 658
87 47 12 2 378 442
9 76 26 7 297 412
0 51 22 7 358 559
35 24 25 1 238 331
100 35 16 5 278 472
73 12 30 1 538 611
36 90 5 1 332 414
24 18 14 2 454 553
57 30 30 7 604 765
61 31 13 2 656 778
4 59 14 1 471 569
74 51 14 7 422 577
77 93 24 2 491 596
24 65 26 4 432 508
22 27 24 2 250 357
95 92 23 1 328 547
53 10 17 4 294 383
86 40 14 2 521 740
6 98 19 2 258 385
86 35 13 7 480 633
47 73 20 7 386 605
15 29 24 1 304 569
71 19 9 3 349 489
3 11 23 3 470 538
35 21 17 3 226 336
78 7 24 5 210 410
95 71 15 5 248 485
65 79 20 1 425 519
2 95 23 3 407 567
90 71 15 5 349 434
41 1 17 1 454 724
19 52 5 1 286 521
80 20 25 2 412 622
19 75 22 3 395 614
23 27 9 1 283 546
65 44 10 7 698 763
30 34 16 1 227 436
78 89 7 3 200 313
43 39 20 1 412 631
85 94 10 6 544 704
31 32 22 7 425 609
85 81 11 2 210 357
4 15 22 4 301 374
88 73 8 1 261 514
7 26 17 7 566 784
81 44 30 2 528 746
53 25 7 3 504 781
40 76 18 3 619 785
4 53 14 6 419 708
26 81 21 3 497 588
56 75 6 2 466 557
99 77 28 5 579 690
69 54 5 3 541 782
87 55 14 5 629 764
18 17 14 3 447 745
20 72 8 2 271 336
6 78 5 6 561 670
79 29 14 6 203 501
16 33 15 3 209 508
45 18 18 6 479 625
12 19 28 3 204 457
48 2 21 3 434 692
24 30 6 2 326 485
22 67 25 7 599 679
54 54 10 2 404 477
65 87 26 6 466 714
78 14 17 7 683 753
37 67 14 5 502 635
88 96 6 2 653 727
92 73 27 1 302 426
66 56 16 1 625 772
15 61 22 2 540 695
86 10 19 6 569 714
13 53 24 5 323 559
42 34 13 6 435 686
30 64 13 5 351 646
69 12 15 6 265 527
17 76 17 1 555 797
22 11 13 3 383 463
83 4 8 1 546 613
68 65 8 6 498 764
61 32 27 5 585 661
4 31 8 4 220 357
76 8 26 1 242 390
28 81 27 6 358 487
65 46 25 5 288 426
70 44 7 1 523 583
8 21 13 2 399 506
50 6 19 6 405 673
36 41 14 5 291 356
40 94 19 2 323 423
83 6 18 6 235 346
52 64 11 1 327 540
47 54 5 7 275 352
67 55 12 1 521 717
55 84 14 4 549 752
66 47 11 4 282 399
16 50 19 4 301 588
84 41 15 1 577 782
77 99 23 7 316 487
40 72 21 3 253 356
50 58 20 4 490 581
35 54 19 4 697 769
32 53 5 7 389 538
22 3 8 6 487 740
28 63 23 7 506 705
58 83 10 5 456 573
43 14 18 4 224 488
68 45 20 7 510 762
98 68 20 4 250 346
6 20 12 1 284 352
48 94 8 3 286 539
6 66 12 7 220 319
9 74 8 2 437 712
53 13 27 7 265 496
41 45 25 4 237 535
74 55 26 1 243 347
84 52 5 3 404 622
50 73 29 7 484 713
8 25 17 6 312 520
97 3 12 7 439 679
54 79 10 7 614 685
75 78 22 2 337 618
11 88 23 4 364 622
9 55 30 4 436 515
98 90 15 3 220 374
100 16 18 4 358 471
28 48 7 1 494 692
52 2 7 5 432 659
58 19 10 5 462 723
56 55 25 4 223 302
17 64 28 3 208 475
79 10 6 3 422 653
32 67 30 5 282 463
39 24 9 3 483 751
63 78 29 4 274 519
21 67 15 2 593 699
75 79 17 1 378 571
67 61 30 2 466 676
12 52 9 7 410 657
83 47 16 4 222 334
42 18 18 4 375 537
98 25 5 1 446 684
33 53 21 4 233 440
39 96 5 3 435 634
51 16 14 1 411 663
82 90 21 3 393 551
84 43 6 1 312 533
13 41 23 6 250 453
76 14 13 5 281 361
47 14 11 5 589 744
85 29 18 7 494 706
46 57 27 2 496 633
29 94 24 6 406 490
18 52 11 6 642 780
76 32 6 5 599 733
30 85 8 1 287 581
30 23 14 4 266 391
60 85 6 7 442 515
13 12 10 4 234 452
22 96 26 6 273 466
88 42 19 7 210 438
24 19 23 4 260 438
98 20 30 6 656 751
85 73 20 7 459 724
85 72 30 5 412 670
16 83 13 6 265 337
11 41 9 5 385 632
84 64 14 6 279 484
96 9 19 6 411 550
28 89 8 6 247 419
89 27 10 4 649 721
23 13 11 3 485 717
3 98 11 6 539 716
99 15 21 4 586 758
64 5 19 6 392 662
89 53 11 3 457 621
77 26 8 2 205 340
73 2 16 3 407 627
67 85 29 7 384 466
61 79 29 3 529 746
84 74 16 1 363 531
11 62 24 6 290 351
87 79 17 2 376 512
26 98 13 5 333 408
47 7 11 6 394 659
21 100 10 1 245 353
17 43 5 2 637 761
88 56 23 6 365 656
0 52 8 1 654 787
57 64 30 7 417 560
92 85 14 5 258 443
39 71 21 2 509 710
56 51 8 1 425 664
67 29 24 5 219 420
75 18 8 6 386 646
97 88 25 4 710 770
58 35 25 2 375 521
81 71 22 5 348 631
2 29 11 7 385 573
50 24 19 7 457 612
10 1 30 2 473 742
17 98 15 1 546 799
59 67 11 6 202 415
4 66 20 5 242 492
40 30 23 6 472 722
36 65 18 2 372 641
19 88 13 3 577 643
73 52 9 2 390 620
81 75 14 3 691 791
20 64 5 5 317 549
99 67 10 5 220 390
73 42 30 5 524 642
19 98 12 6 407 621
6 70 29 3 417 645
43 5 25 6 316 452
33 26 11 1 455 516
89 87 21 3 653 774
14 57 7 2 373 592
16 1 26 6 326 600
2 36 18 4 293 379
18 46 18 2 215 418
82 27 16 5 591 724
94 88 6 1 337 592
92 19 13 2 511 690
54 87 22 2 209 505
61 23 30 1 389 611
53 85 20 2 289 457
34 6 23 4 276 497
88 57 5 1 664 729
86 39 19 2 460 722
19 27 27 5 662 792
98 49 13 2 224 446
7 0 5 3 290 532
45 74 9 4 229 499
13 23 16 4 612 746
62 70 17 3 518 680
2 50 14 4 249 420
40 2 17 4 335 561
74 92 20 6 440 643
75 9 5 4 416 578
94 25 19 2 343 571
3 56 30 4 384 509
83 36 5 2 541 715
45 94 21 6 540 740
2 93 27 6 368 635
83 28 18 6 227 356
4 46 5 1 537 701
24 34 23 1 533 754
71 70 8 5 637 718
43 6 13 4 368 551
51 83 12 1 353 601
39 3 15 2 382 472
18 4 14 4 721 797
21 58 15 6 211 280
20 14 22 6 328 472
54 98 20 5 264 472
59 64 20 6 235 369
0 0 15 5 201 362
73 68 13 5 344 600
94 89 28 2 327 472
13 44 17 1 221 472
8 99 19 3 262 425
49 29 11 1 549 671
24 25 5 5 397 509
58 57 19 6 272 352
43 43 22 3 571 702
28 64 30 6 497 715
61 14 23 3 419 610
13 48 15 3 214 371
32 18 9 3 412 524
89 32 24 7 251 496
50 40 17 5 517 786
86 46 16 7 334 612
52 73 15 4 532 741
100 56 24 2 490 574
39 83 7 7 372 634
0 96 28 3 313 413
68 31 13 1 211 278
93 3 15 7 434 718
11 58 30 7 545 746
17 91 17 6 376 446
6 2 23 6 311 551
43 68 18 7 331 458
53 11 24 6 272 468
83 94 29 6 413 524
16 72 22 3 220 440
100 18 6 4 222 305
23 99 7 2 334 513
56 46 26 3 607 682
40 50 13 7 225 318
46 41 29 1 268 347
100 28 28 5 493 773
49 77 17 2 473 654
62 51 11 3 435 531
44 70 19 3 387 512
36 47 9 7 508 688
20 68 12 2 378 567
96 6 24 4 580 766
2 35 7 7 580 711
68 67 17 6 608 690
83 27 9 7 406 473
71 32 30 6 477 688
26 51 5 5 398 681
54 37 13 1 369 546
66 96 19 4 272 464
66 70 7 5 241 406
2 19 16 1 243 396
85 34 18 6 561 767
23 3 23 6 419 486
82 54 17 7 417 485
13 19 19 6 409 706
80 38 27 3 394 459
12 20 23 5 287 480
21 98 15 7 393 575
97 84 12 1 284 409
89 44 23 4 374 451
81 58 17 6 239 391
25 1 20 5 335 519
97 97 26 6 362 524
76 92 16 6 396 695
45 33 17 7 700 770
95 36 30 4 358 517
32 82 12 4 349 455
71 51 9 5 473 583
14 42 24 6 336 600
95 87 11 4 448 627
36 50 18 6 436 526
5 84 16 4 232 319
8 52 7 4 243 543
0 78 17 6 587 768
1 60 8 6 619 739
48 53 25 7 221 286
21 38 13 4 433 587
67 60 30 1 355 469
97 38 27 4 500 654
21 20 10 4 206 310
72 73 20 6 238 527
99 88 7 6 325 564
44 55 12 4 555 757
96 30 26 4 567 659
48 26 26 1 540 748
21 6 7 6 391 476
58 79 5 1 320 465
27 9 10 1 554 614
90 79 11 1 235 423
1 47 13 4 301 449
26 15 28 2 717 788
96 0 10 3 516 760
5 98 20 1 510 742
8 83 20 4 279 348
18 41 25 6 520 672
1 28 6 1 436 624
34 56 6 2 625 767
75 37 30 2 631 782
42 64 8 1 492 577
3 6 30 4 542 634
6 47 28 2 237 344
36 0 26 4 521 624
56 73 9 6 202 350
80 93 28 1 701 788
80 81 10 3 297 412
86 50 25 5 320 408
32 91 20 7 626 779
40 27 27 6 433 531
10 95 30 1 458 717
72 61 10 4 349 515
47 16 25 6 491 557
18 66 10 7 337 605
78 28 19 6 326 553
31 36 23 6 556 649
85 7 18 5 392 586
99 6 16 6 357 558
21 1 29 6 253 515
59 53 19 7 605 759
62 16 7 6 366 555
98 65 19 3 495 735
42 45 8 1 523 637
44 75 22 3 317 572
45 39 7 1 294 493
75 57 21 5 405 514
57 37 24 5 221 510
10 69 20 4 485 566
94 72 14 1 310 371
74 58 6 2 640 760
64 85 12 3 274 412
82 75 28 7 271 341
96 15 12 6 486 766
31 21 5 3 420 484
26 35 25 1 237 304
84 1 7 2 598 714
23 15 22 2 278 382
97 19 10 4 381 508
63 48 21 6 644 706
40 46 29 2 379 556
56 62 25 2 271 535
65 43 8 2 270 500
88 84 25 2 387 614
71 4 15 3 607 691
40 71 13 4 547 616
94 20 5 3 378 470
68 43 20 4 570 682
81 25 25 3 589 775
61 91 14 6 207 491
95 60 5 4 215 380
66 83 18 6 519 721
63 33 15 7 379 528
95 41 20 4 297 405
82 89 9 2 460 624
69 100 26 3 425 570
88 74 28 5 625 790
51 37 14 5 389 583
28 86 16 6 337 517
78 22 30 5 458 636
26 21 17 4 398 650
70 26 26 2 573 751
86 84 19 4 397 578
19 66 10 3 523 733
80 0 24 4 300 594
56 60 9 5 386 473
98 7 20 5 406 603
41 48 28 1 505 662
18 19 22 7 645 710
22 15 10 4 478 741
83 3 6 5 655 796
88 88 9 6 483 655
55 82 11 2 483 725
66 64 11 1 249 313
9 80 22 6 276 444
31 59 10 7 583 745
44 1 26 5 481 590
81 2 19 4 371 465
69 61 7 1 551 770
23 61 5 1 382 511
78 20 18 2 230 376
43 75 5 6 404 641
77 36 15 7 397 656
83 82 21 6 328 474
17 6 24 7 331 619
82 98 19 4 268 374
15 77 27 2 665 730
52 46 11 7 362 506
16 55 23 1 724 796
70 8 24 5 394 473
56 96 27 4 256 555
16 29 29 1 267 370
43 91 12 1 436 519
52 93 28 6 501 584
48 66 23 5 208 435
36 56 15 2 642 710
20 62 20 6 260 522
12 90 26 1 423 714
13 40 14 7 352 572
33 47 25 3 200 366
25 0 16 3 287 422
68 55 17 6 386 497
19 37 16 2 241 482
40 35 24 3 548 766
6 92 29 6 255 526
36 37 27 1 424 623
21 60 11 1 574 740
72 65 5 6 439 511
23 65 11 5 671 739
1 34 29 1 580 685
89 24 26 5 567 757
16 34 13 2 585 650
66 41 15 7 254 495
18 55 26 7 600 791
12 88 9 4 527 620
98 69 16 2 272 508
31 77 26 4 480 587
5 39 7 5 658 735
72 72 15 6 626 778
21 19 28 5 257 342
34 91 25 6 615 740
53 91 13 6 252 460
37 80 30 4 640 748
58 38 17 7 568 669
0 57 14 2 551 689
73 63 14 1 642 792
63 47 22 4 473 733
9 2 21 1 672 753
75 56 13 3 423 584
59 7 10 5 498 764
78 79 8 7 489 773
21 3 21 5 428 510
24 76 24 7 605 713
64 13 11 1 480 549
79 71 15 2 280 348
68 99 5 3 427 700
17 1 26 7 463 746
7 61 26 5 268 497
58 90 5 1 291 408
4 91 11 5 452 652
41 30 10 6 441 513
51 56 19 3 678 740
43 21 7 4 648 724
94 59 27 6 426 635
43 60 8 6 268 524
68 12 15 7 256 487
90 49 17 3 560 685
65 74 8 5 277 455
29 18 18 7 582 788
32 37 18 3 447 613
65 100 9 3 471 666
49 72 6 5 407 480
11 81 14 3 469 683
31 44 28 3 368 506
4 95 15 7 455 532
90 60 6 4 511 619
81 11 24 2 465 754
19 11 9 4 357 562
11 90 26 4 326 563
4 17 23 3 479 757
29 17 29 6 328 485
52 30 6 5 220 385
93 37 17 7 347 597
87 94 23 7 469 722
35 72 24 6 475 738
43 97 25 5 566 790
92 45 15 6 268 436
69 96 7 6 346 619
58 0 20 7 593 676
30 71 15 4 628 773
24 3 11 2 418 619
90 19 23 2 439 595
44 93 22 7 430 628
43 45 28 1 507 759
42 3 27 6 412 711
83 20 12 6 403 655
70 1 9 5 207 415
9 59 9 2 334 468
96 4 5 2 248 429
12 9 22 5 492 564
32 93 15 2 520 718
90 63 20 2 448 590
94 12 25 1 473 564
0 76 13 7 443 703
79 28 7 5 206 379
55 36 22 5 392 475
75 53 28 1 409 618
42 42 19 7 200 458
80 60 26 3 210 390
48 11 11 3 450 586
85 44 23 3 445 542
51 9 17 3 532 721
39 38 24 5 446 729
41 68 17 4 385 457
84 83 27 5 422 554
30 31 9 1 333 625
94 78 9 3 253 388
3 31 23 1 358 574
3 35 26 1 236 512
80 19 6 7 613 733
35 42 28 1 395 456
26 57 15 5 368 556
22 41 28 5 436 712
26 10 23 3 443 514
52 27 28 7 516 590
65 1 7 3 365 555
26 62 27 6 554 772
53 99 15 5 345 551
74 62 11 5 320 534
58 61 18 1 435 685
54 33 28 2 208 381
22 59 11 3 248 491
30 67 11 1 505 684
14 55 28 5 388 619
62 12 21 2 497 571
43 65 12 6 668 747
86 63 30 3 372 668
72 88 27 7 305 430
43 1 16 7 265 406
41 64 11 5 375 438
19 18 5 4 370 500
58 32 23 4 623 720
29 32 7 6 556 767
41 84 30 1 384 673
74 1 13 2 455 520
20 82 19 6 280 561
68 89 12 5 672 734
56 43 13 6 333 568
65 17 5 6 404 532
56 77 29 4 501 780
2 42 8 4 511 771
13 7 17 6 465 662
0 25 22 6 385 450
1 91 24 1 279 419
33 71 22 5 215 398
25 7 17 3 430 621
31 12 17 3 652 750
22 7 26 4 588 723
4 62 25 7 405 565
86 72 11 4 235 479
83 76 22 1 623 685
62 55 30 1 594 732
12 70 17 2 424 509
78 78 11 6 291 471
21 72 20 3 479 657
88 59 14 3 553 689
37 33 12 5 525 688
49 28 9 3 252 354
2 84 9 4 579 768
6 26 9 2 547 759
71 42 20 3 531 620
58 60 16 6 210 477
77 68 6 3 363 625
19 16 11 2 234 312
74 75 21 7 238 332
56 82 30 6 578 753
79 75 9 4 265 518
94 50 28 2 421 524
66 50 5 5 558 658
62 2 16 1 208 473
82 34 9 2 305 394
14 85 13 6 307 602
7 41 13 1 482 623
47 66 19 3 572 642
62 82 12 3 326 478
29 88 27 2 469 744
30 70 11 3 512 590
30 6 24 3 565 798
31 54 25 1 587 674
15 56 29 2 207 479
72 21 25 3 515 707
40 9 26 5 511 727
37 36 20 6 464 663
6 29 5 5 326 595
10 89 26 3 246 485
86 73 24 1 563 736
27 72 11 1 619 798
28 61 18 7 394 485
63 24 29 7 214 380
62 74 8 1 688 759
35 36 24 5 477 756
2 6 30 1 298 499
39 6 28 4 320 416
94 63 15 1 213 334
64 22 7 3 254 396
45 20 21 1 220 499
93 74 25 4 523 758
32 36 24 4 464 672
4 76 21 1 629 792
88 67 6 4 319 607
53 20 18 5 473 695
67 32 13 5 472 747
19 96 17 5 345 617
44 44 11 5 213 308
99 93 7 5 530 695
81 0 11 1 225 477
5 72 26 2 355 621
90 62 19 6 354 530
50 72 6 6 564 790
80 28 15 5 557 686
100 6 20 7 570 656
20 78 17 2 370 531
96 89 10 4 434 567
57 41 9 1 638 701
41 73 18 4 297 388
73 54 19 5 428 581
24 50 14 4 437 519
84 18 10 1 278 414
28 87 11 7 380 670
34 72 16 6 437 704
81 13 14 1 414 620
76 87 9 4 226 496
50 7 27 3 625 767
59 66 5 1 525 792
23 44 14 6 223 417
8 29 21 6 579 696
71 47 17 3 367 574
6 74 15 1 217 424
74 77 12 1 432 631
69 6 18 2 361 615
4 37 20 3 433 609
20 26 7 7 406 661
11 66 18 6 346 513
82 70 25 6 601 745
2 26 17 1 309 420
46 69 9 4 501 791
24 77 24 1 295 403
82 63 20 5 349 431
52 6 27 6 261 542
49 9 12 1 329 470
9 36 12 3 596 729
51 51 10 1 234 522
49 82 19 6 333 602
42 31 10 5 464 751
89 2 17 2 475 551
75 44 24 3 432 581
23 83 13 6 294 451
10 3 22 6 486 689
85 8 16 6 399 665
59 62 12 1 365 637
38 51 22 7 581 661
24 8 26 2 459 565
86 93 24 4 308 443
55 54 18 6 281 485
36 22 13 1 603 799
75 59 29 1 406 594
3 3 13 3 712 772
52 45 8 1 608 669
83 11 23 5 399 685
72 62 6 3 316 397
39 43 20 2 489 653
12 30 7 5 633 758
6 96 30 3 528 733
86 18 30 1 465 692
94 69 5 5 435 735
79 1 26 4 265 380
83 37 13 6 492 601
43 4 11 5 315 460
50 8 22 4 582 676
67 53 12 5 283 540
54 74 28 4 478 645
90 64 28 1 359 623
90 99 6 2 504 721
38 11 8 3 251 451
84 20 6 6 317 605
29 75 8 6 504 747
46 81 27 5 298 572
81 42 15 3 356 624
88 28 11 7 494 612
52 96 19 4 308 401
9 83 23 3 426 487
29 20 17 7 407 506
76 93 30 7 491 565
68 98 11 7 676 780
63 32 23 6 686 787
88 21 15 5 230 469
91 60 22 2 325 437
1 12 21 2 209 489
3 100 15 5 305 430
97 58 23 4 372 626
47 15 22 2 280 341
1 46 21 6 508 792
73 46 5 4 294 502
94 6 14 1 258 421
49 69 15 3 222 466
78 98 24 5 368 444
30 47 5 7 365 544
10 27 13 2 237 323
62 92 28 1 243 362
56 93 29 1 508 671
92 20 24 4 310 605
85 86 22 4 539 791
34 31 27 3 503 578
10 8 23 5 499 586
44 49 20 4 256 407
74 17 18 1 389 619
86 55 26 4 428 556
56 27 24 6 459 658
66 51 23 1 560 678
80 8 7 6 445 597
5 45 7 2 602 686
22 90 5 3 461 753
14 94 21 2 239 340
73 58 25 5 336 514
87 12 12 4 214 381
59 33 24 6 228 351
100 63 17 1 446 552
83 71 7 3 241 532
98 34 6 6 476 719
46 80 11 6 473 551
71 8 23 1 670 776
67 63 5 7 511 635
50 69 30 5 564 692
82 84 12 7 419 607
39 42 23 7 441 578
75 61 17 4 208 489
25 70 18 3 235 301
74 84 10 1 294 479
66 19 5 1 579 729
76 0 23 6 637 717
86 47 24 7 314 581
12 11 29 4 438 610
97 0 6 4 335 572
79 91 11 2 694 775
74 69 20 7 450 659
70 99 21 3 321 507
16 48 29 4 361 422
64 65 16 4 381 499
43 89 21 5 339 431
5 88 17 1 464 653
52 65 7 3 314 445
54 59 21 7 398 466
51 17 25 1 269 546
19 63 25 7 494 635
16 3 12 1 494 554
44 95 28 7 699 791
63 72 25 1 701 788
40 44 11 6 352 573
13 57 8 2 412 697
46 13 18 2 314 514
76 84 20 6 638 719
21 89 9 5 581 734
18 34 17 6 607 751
46 77 6 7 492 763
59 11 14 1 386 545
14 36 9 7 493 763
63 29 9 3 373 454
52 16 12 6 373 449
47 31 10 6 418 504
88 83 22 5 490 594
49 31 13 1 294 492
47 95 11 3 452 621
99 21 29 6 242 320
80 12 17 2 431 638
68 1 25 7 468 705
3 58 17 4 466 616
64 93 5 6 338 612
51 33 21 3 287 361
53 2 10 2 580 735
65 13 13 6 271 560
80 15 29 4 513 607
70 7 29 6 509 788
86 58 26 6 221 344
79 99 14 5 444 696
12 62 16 2 435 729
42 73 15 7 333 394
8 31 19 5 537 614
75 38 25 1 313 548
33 59 7 3 310 570
85 37 28 7 580 657
59 86 10 3 430 599
74 65 8 3 407 695
40 79 28 7 460 715
8 57 6 5 361 656
22 75 19 4 217 348
43 61 17 7 365 491
8 32 7 6 533 692
46 27 26 5 326 526
62 17 5 1 462 642
93 92 11 6 491 609
24 42 19 7 458 519
83 64 13 7 240 427
94 3 23 7 292 558
74 23 26 2 365 486
2 38 9 5 392 540
38 42 15 6 264 418
60 62 27 6 575 659
58 69 18 2 441 502
18 70 11 4 205 366
50 85 9 6 237 339
25 13 26 7 357 448
64 47 30 7 322 525
71 36 28 1 273 354
59 22 28 7 379 592
31 91 10 2 253 502
48 75 26 7 517 763
8 67 12 2 544 611
68 64 5 2 418 485
93 85 16 6 339 555
9 88 23 4 464 677
30 97 19 4 428 581
86 22 27 4 307 482
82 88 5 7 434 627
3 39 24 2 212 437
33 17 15 1 408 646
20 70 15 4 521 772
54 18 13 1 217 346
97 69 8 3 499 781
45 85 11 1 533 733
98 60 12 5 241 532
86 16 17 7 638 711
17 13 29 4 457 564
36 6 16 6 322 557
90 36 8 3 345 532
98 77 20 4 524 670
71 60 20 3 635 749
0 24 29 7 498 603
80 47 11 3 395 538
99 37 27 5 300 365
34 26 9 4 560 704
23 60 16 1 394 618
8 6 25 7 247 469
94 0 15 5 238 527
49 11 16 5 264 509
4 13 30 1 635 725
29 95 13 7 304 554
87 2 10 5 360 623
57 4 24 2 691 798
78 23 25 5 286 586
22 48 26 7 565 708
67 20 6 6 445 649
73 47 21 3 667 753
40 7 26 3 619 702
46 19 30 1 594 668
76 5 11 6 371 522
33 61 28 6 298 448
83 68 11 1 212 447
40 4 22 3 422 518
7 16 15 6 355 421
29 77 9 1 539 725
88 23 8 6 281 367
33 38 14 1 390 498
16 56 13 1 477 575
60 3 18 2 200 412
57 70 29 1 328 522
58 25 5 2 369 512
9 100 29 1 244 323
23 69 26 1 377 465
72 26 18 4 566 711
8 5 19 5 249 424
50 82 22 1 552 789
84 28 15 5 511 747
84 42 19 1 399 629
93 100 25 5 650 799
91 38 5 3 492 698
82 3 27 1 571 714
73 76 30 1 541 715
55 81 15 7 342 550
39 99 14 2 258 462
30 40 25 6 350 638
56 72 16 7 683 758
77 66 28 6 529 637
4 29 12 7 386 534
0 68 15 3 230 426
64 87 12 6 657 754
57 63 26 2 262 469
19 42 25 3 360 514
1 68 14 4 204 292
74 7 22 6 494 655
81 84 21 3 368 521
77 71 10 1 605 745
11 61 17 1 660 798
80 71 7 4 433 519
94 46 5 5 394 556
33 83 5 5 252 464
47 27 7 6 552 795
68 72 12 7 513 660
2 32 15 1 313 377
80 10 28 1 384 452
32 45 10 6 402 559
3 29 7 1 532 692
37 99 19 7 257 553
8 4 25 2 501 569
86 43 29 7 451 571
87 86 5 7 322 422
99 26 10 7 365 606
5 77 10 7 293 534
35 8 18 2 491 693
20 31 17 1 342 488
45 59 6 3 257 329
94 21 18 4 685 795
76 48 9 3 202 262
79 83 22 6 412 661
98 19 22 7 223 382
59 57 15 5 407 641
58 39 7 3 387 447
20 61 15 2 420 667
32 11 12 2 468 695
45 65 22 5 511 758
89 25 18 4 232 335
17 11 28 2 401 680
59 23 21 7 368 517
92 58 14 2 328 535
48 42 25 7 487 592
98 70 6 6 433 718
27 87 12 6 229 387
55 51 25 6 554 778
89 1 24 2 587 777
92 11 30 7 381 621
36 70 13 1 219 388
15 30 29 3 246 367
15 49 14 3 378 600
8 65 16 6 317 421
93 62 14 3 428 579
80 70 19 4 376 462
55 17 8 7 385 678
72 74 6 3 474 557
80 88 11 2 641 736
100 25 9 5 370 539
23 9 15 3 429 685
54 20 9 3 421 536
54 39 27 7 471 559
13 66 21 7 443 676
16 57 16 7 523 721
65 40 18 3 519 757
12 25 11 7 305 515
78 57 21 6 366 654
85 52 22 3 400 574
75 52 11 1 441 641
52 91 27 3 390 484
62 81 21 7 548 793
95 21 23 3 578 775
58 42 14 4 271 334
20 55 11 3 534 757
90 1 17 2 257 354
87 9 13 4 222 521
60 19 18 7 518 652
43 83 27 4 294 370
22 33 24 7 280 538
100 1 17 5 203 368
40 5 16 2 505 752
73 98 23 4 450 628
23 75 5 1 586 713
19 95 5 3 522 633
75 1 19 2 478 589
76 21 9 2 488 671
11 52 9 6 654 778
77 29 30 1 419 528
81 55 29 2 331 415
4 73 29 1 218 331
77 22 10 1 265 395
95 45 22 5 387 571
18 91 18 2 345 598
3 9 16 3 507 656
62 63 27 4 494 705
53 100 15 2 523 704
87 8 27 4 400 655
58 66 24 5 250 506
14 87 12 4 355 490
51 45 29 6 358 489
29 99 27 4 669 740
66 12 25 4 321 497
12 14 7 6 319 609
21 62 16 2 256 480
86 59 24 1 362 582
4 83 14 6 482 677
26 24 28 2 263 542
55 64 22 4 601 669
33 18 17 5 504 710
89 96 20 6 271 567
29 57 29 5 495 747
5 71 8 1 574 768
19 82 27 6 497 686
9 70 10 2 284 428
39 49 5 1 581 674
45 58 5 5 382 635
48 52 10 7 331 459
27 17 8 2 272 422
37 28 26 4 247 346
12 78 24 5 368 443
44 83 9 4 422 551
82 76 30 4 357 587
56 85 25 3 293 419
36 67 12 4 386 662
94 64 5 3 243 454
33 10 21 5 513 607
52 51 10 7 595 728
37 20 21 3 346 624
21 57 26 5 323 534
34 54 22 7 336 438
29 26 6 3 623 697
9 14 5 4 336 572
5 5 12 3 203 303
1 90 25 2 261 408
31 50 19 5 581 711
13 27 29 2 298 425
81 14 19 5 372 634
60 34 27 6 416 714
0 83 10 1 246 523
0 20 7 1 331 455
28 73 25 6 429 702
9 93 29 7 357 474
17 0 15 5 495 619
10 77 25 1 339 442
19 74 28 5 591 800
80 49 6 6 385 683
1 32 18 6 357 595
8 66 5 1 436 504
29 65 7 2 447 695
63 66 28 6 376 596
40 36 18 1 362 560
95 10 6 1 431 600
91 22 10 2 353 647
65 32 6 3 413 474
2 91 26 7 365 479
82 9 20 4 439 721
54 28 20 2 251 462
57 81 8 4 338 527
51 98 30 1 375 435
66 65 10 7 243 480
96 3 14 1 409 635
32 7 30 1 323 527
52 0 9 6 456 681
29 28 6 5 218 431
51 10 29 2 589 735
88 24 18 4 507 776
16 99 21 4 423 695
27 47 15 4 592 769
33 78 14 1 541 752
31 20 30 6 490 702
86 29 14 7 561 723
98 33 20 7 350 616
33 48 16 1 411 534
25 43 14 6 472 654
2 52 12 6 302 464
12 3 26 2 373 548
35 1 26 6 228 327
98 59 15 6 211 489
68 91 13 4 507 800
90 31 28 5 250 384
90 89 17 4 275 505
80 39 25 6 394 613
98 47 22 6 289 518
83 61 26 2 300 552
27 43 27 6 203 500
72 80 20 3 443 704
84 36 16 1 625 799
4 26 8 7 546 741
65 80 5 5 400 560
89 12 18 5 417 684
1 48 12 7 201 372
78 53 12 1 398 575
98 48 21 5 416 680
69 41 27 7 274 506
92 77 17 5 559 674
58 97 23 5 556 738
31 53 30 2 442 608
37 40 14 2 472 754
19 6 10 1 402 529
78 33 19 3 434 589
67 35 26 3 271 424
38 89 23 6 460 590
69 70 22 7 705 790
69 4 10 5 401 615
66 80 29 5 436 736
51 31 6 7 215 324
91 11 9 5 208 427
95 40 27 2 671 791
2 89 26 3 598 683
73 38 9 4 379 649
32 46 26 5 363 561
62 75 25 6 497 726
55 76 12 6 613 681
67 98 25 5 604 761
7 7 14 1 461 654
92 66 21 2 505 619
29 91 27 6 424 508
24 60 11 4 495 594
85 74 25 3 375 620
67 70 18 5 481 577
77 49 30 2 669 797
32 79 23 1 470 653
60 56 26 2 433 666
16 2 25 4 475 678
85 30 28 2 570 744
11 31 28 4 499 775
25 85 17 2 503 639
34 0 25 5 549 626
98 18 26 7 403 660
46 45 6 4 670 777
2 72 27 5 265 326
75 63 18 2 597 772
98 75 26 7 557 716
73 18 20 5 472 700
47 2 18 3 486 671
60 8 23 1 455 525
57 79 29 1 282 397
71 18 18 2 579 699
58 20 18 6 415 705
100 22 27 5 236 452
82 72 30 6 461 672
65 96 19 4 241 497
86 60 14 7 645 785
74 52 18 2 488 763
27 85 29 2 294 466
86 90 23 6 327 556
100 23 19 4 222 351
24 97 20 5 357 498
24 9 23 3 227 302
55 69 7 3 236 387
22 55 7 7 508 699
36 46 5 3 239 358
97 67 15 7 360 591
50 88 28 1 445 539
83 77 28 3 290 369
12 71 17 3 507 635
47 23 17 6 674 761
4 64 6 2 396 572
82 87 22 1 210 482
43 40 18 5 234 384
17 74 7 4 606 684
7 100 8 4 660 786
35 52 13 5 578 648
92 27 30 4 314 580
4 36 27 1 562 668
45 24 5 5 671 748
47 6 7 3 526 722
8 88 10 2 507 615
93 52 26 3 284 532
54 89 29 3 466 675
89 47 27 3 245 312
89 29 26 4 319 592
26 6 11 4 528 666
98 21 20 7 500 792
0 95 17 3 544 797
40 11 19 6 477 692
90 77 21 2 450 612
38 4 28 1 347 587
4 24 25 4 501 690
73 84 6 2 364 445
51 72 12 3 203 467
21 37 12 7 630 713
81 19 28 3 398 612
95 35 24 5 236 535
21 49 15 6 244 432
12 4 30 5 531 608
1 51 11 1 239 410
49 67 16 3 549 663
67 24 15 6 231 513
56 33 12 1 352 633
81 82 18 1 226 430
84 58 30 6 566 759
84 26 16 4 615 750
68 24 8 6 525 760
23 6 28 4 289 547
26 93 30 1 234 341
40 67 14 6 517 622
81 34 7 5 246 309
47 43 23 2 469 624
51 20 24 3 418 692
61 35 25 7 207 298
7 48 11 1 276 502
64 53 27 4 498 772
35 2 12 1 577 745
25 88 21 2 599 746
