1428
22 40 0 0 0 0
32 72 7 4 662 744
75 60 9 4 415 586
23 59 29 4 262 410
78 81 6 6 229 420
70 27 22 6 379 443
29 45 29 2 248 501
5 24 9 6 484 620
37 99 10 2 323 543
63 38 29 5 310 396
94 4 27 7 215 440
32 82 27 3 364 456
24 94 8 5 606 689
86 56 17 5 379 548
65 38 9 3 420 625
28 14 18 6 322 585
0 11 5 5 302 523
17 5 26 5 401 599
97 17 9 5 314 459
92 14 26 3 289 505
55 36 14 2 524 599
58 4 20 4 291 497
0 4 30 2 586 761
12 77 18 1 655 747
65 20 27 5 280 549
9 97 15 5 515 645
45 87 29 3 201 422
98 16 8 6 348 617
4 84 11 1 228 423
74 9 20 2 329 627
13 37 10 2 509 621
18 95 11 1 636 697
83 0 5 6 543 755
26 17 19 4 227 363
50 80 5 2 290 534
67 19 24 1 435 647
95 71 15 5 557 781
86 87 11 4 606 701
33 40 12 2 225 447
69 36 5 1 374 443
30 43 10 6 345 416
79 90 25 7 464 555
100 48 16 5 479 772
76 27 18 4 493 694
16 75 26 7 290 548
92 37 24 4 474 711
75 27 28 2 357 626
19 3 17 3 469 710
49 16 12 1 381 647
26 75 11 2 251 520
59 100 7 2 284 526
68 23 13 1 542 623
88 56 19 6 682 763
72 83 26 1 551 665
48 5 13 6 590 791
23 78 15 7 288 365
70 32 26 4 290 351
56 3 19 2 309 459
51 34 20 6 380 489
12 36 29 7 435 641
27 52 11 3 250 394
30 10 13 1 572 686
68 11 17 4 658 755
45 99 30 1 210 276
8 7 6 4 263 508
75 90 22 7 571 683
89 2 22 4 360 492
56 0 11 1 438 717
89 36 29 4 247 517
50 78 16 4 452 605
25 3 7 1 700 793
6 6 25 6 668 774
79 56 6 1 608 762
84 8 26 5 365 475
83 46 26 6 266 382
0 41 15 3 205 308
46 27 22 6 600 702
73 23 12 4 574 739
64 19 27 3 282 535
12 0 8 5 397 559
84 100 12 3 417 658
57 30 28 3 217 494
90 9 6 3 218 416
13 64 11 6 477 754
35 48 9 7 595 800
96 3 14 7 206 381
0 33 14 2 225 403
88 54 19 4 287 573
46 99 28 5 279 380
50 46 8 3 201 309
53 16 12 7 276 409
37 11 7 5 282 539
53 99 5 2 372 557
100 75 13 1 396 471
17 78 5 3 357 426
23 19 23 1 294 560
54 47 28 6 290 449
2 22 26 5 612 707
42 31 27 6 201 378
54 82 24 6 604 793
11 52 11 1 290 577
94 10 17 4 494 585
87 94 11 3 352 517
7 36 8 2 463 733
22 83 13 3 709 770
29 83 29 5 542 632
88 94 27 3 419 607
3 31 28 6 391 546
88 93 27 7 526 591
26 70 16 6 421 632
17 8 26 1 259 434
33 47 8 2 406 491
63 29 11 6 384 567
65 24 21 5 209 451
71 11 6 1 336 504
65 4 28 4 504 720
38 65 29 5 278 360
32 45 28 4 711 790
41 46 19 5 264 534
41 5 14 2 256 398
41 84 29 1 437 517
75 80 24 5 675 780
61 73 17 3 544 618
85 28 16 6 702 785
91 25 17 4 458 650
63 86 28 7 467 726
50 54 8 6 309 404
63 55 14 1 328 569
89 19 30 3 483 655
32 37 14 6 524 626
89 41 27 5 270 395
100 73 18 5 432 585
30 69 27 2 446 524
56 93 28 1 439 637
93 24 24 3 397 461
64 37 25 1 370 665
56 87 6 2 555 771
0 31 26 3 321 611
92 45 28 4 576 686
45 75 6 1 244 391
73 22 13 2 554 763
91 16 11 5 340 599
35 83 18 3 349 642
56 47 30 1 348 515
60 57 25 3 426 623
64 27 9 2 492 609
15 51 19 3 424 628
6 70 12 2 612 711
73 57 11 1 407 704
35 81 22 7 462 625
99 60 26 1 352 635
81 3 24 5 448 665
35 36 13 1 229 441
40 39 14 5 310 598
9 9 24 3 376 516
82 34 21 5 594 784
34 93 8 7 475 612
53 33 11 6 619 743
7 12 10 7 378 590
91 12 17 7 506 760
58 92 23 1 437 527
57 83 21 2 446 661
28 89 19 7 254 324
70 12 18 7 445 622
78 38 6 5 305 519
30 75 16 3 403 630
78 17 15 5 470 679
76 62 24 7 440 633
20 43 10 7 373 615
76 63 22 5 413 686
77 91 7 7 305 532
90 11 17 5 210 438
46 91 29 6 296 500
80 87 13 7 512 767
43 6 15 3 470 735
20 3 16 6 329 539
58 98 9 6 667 780
42 41 6 5 394 513
69 48 25 3 262 545
8 36 21 2 505 698
32 30 22 7 297 579
74 6 25 6 276 541
7 87 29 3 348 432
62 75 7 6 478 543
59 63 29 2 442 687
32 24 7 4 403 544
38 24 10 5 523 766
12 42 6 2 496 619
28 90 30 2 556 695
33 73 14 5 409 578
99 94 16 5 486 765
29 70 28 5 360 433
4 67 16 7 382 656
60 38 11 1 513 662
23 92 26 7 257 381
18 41 19 7 223 298
13 74 11 5 627 720
31 10 23 6 353 453
52 75 23 1 365 611
38 3 24 4 336 609
20 65 25 5 527 693
17 95 25 3 267 377
23 65 13 4 338 546
22 37 29 4 617 739
89 6 6 2 607 744
1 94 15 6 478 556
67 13 23 3 419 507
67 77 21 7 605 734
87 18 27 1 466 719
14 34 14 1 604 738
61 39 9 5 230 437
55 46 23 4 230 432
49 99 29 1 252 501
41 9 13 7 287 391
15 66 19 7 283 398
85 16 26 3 515 700
48 65 20 7 322 527
54 41 20 6 253 380
37 81 22 4 254 371
55 88 13 3 410 605
37 34 22 5 430 598
9 43 14 6 412 674
72 71 9 1 467 610
24 2 9 4 454 670
8 39 28 7 543 673
28 24 7 4 630 731
47 19 30 6 546 717
21 45 7 2 569 784
94 62 13 2 435 585
40 92 11 3 324 495
8 8 7 2 392 592
99 86 21 2 479 622
91 38 22 5 601 745
5 0 29 2 327 442
62 15 8 6 321 599
10 83 20 1 397 575
12 62 9 7 571 783
44 66 25 1 260 347
20 89 6 5 287 546
9 59 10 2 516 689
22 10 22 4 318 589
15 25 14 4 200 356
54 13 9 5 514 665
47 58 14 7 602 777
14 37 13 5 325 419
77 67 9 2 495 668
12 72 23 4 419 562
13 51 17 2 360 517
16 6 29 1 457 575
37 94 29 7 298 538
28 26 13 5 311 563
52 15 22 2 408 680
65 29 24 2 596 731
24 73 11 5 373 557
48 55 19 4 387 522
97 72 26 7 364 557
94 55 13 6 444 744
20 50 14 7 559 741
48 68 29 7 218 308
8 99 13 5 539 611
48 31 26 7 586 702
94 23 21 7 599 729
73 33 8 5 450 512
73 50 11 7 480 554
80 47 27 7 268 478
55 70 9 1 393 512
77 89 18 5 309 426
8 19 27 4 368 574
66 77 27 6 510 733
29 35 11 4 429 515
19 44 9 6 602 669
29 57 11 2 561 774
10 58 15 3 688 772
11 20 10 6 660 722
9 44 29 4 462 734
1 66 18 4 212 433
55 57 23 3 610 754
55 41 6 6 553 636
44 83 8 4 246 414
82 72 21 5 571 635
36 22 25 2 447 565
74 25 20 1 294 417
7 83 27 5 560 721
26 46 15 4 606 736
39 96 21 1 328 623
55 80 20 1 645 728
59 37 11 2 318 531
53 1 13 1 227 527
41 32 10 3 331 480
57 1 28 1 407 580
0 83 11 7 352 478
14 5 12 3 348 594
24 49 29 1 553 703
35 95 21 5 425 501
65 26 26 3 219 350
56 57 5 4 489 688
19 80 24 6 357 645
90 58 28 5 302 373
100 97 8 7 545 790
77 32 7 6 418 495
80 7 6 5 404 566
82 7 14 7 395 485
48 1 21 6 264 380
39 50 22 6 634 780
45 44 14 7 470 716
83 15 15 3 263 546
53 79 10 4 273 462
16 62 11 3 466 656
61 60 9 7 409 672
35 0 9 4 489 650
92 78 25 7 495 789
52 89 15 4 214 302
70 52 25 7 388 551
3 28 17 4 247 320
6 48 20 7 233 413
7 43 13 1 204 426
39 49 22 1 262 552
46 66 22 6 218 413
41 35 7 6 380 644
50 22 21 7 349 434
60 63 19 2 474 724
36 68 25 4 662 749
14 22 23 3 358 597
39 48 11 7 243 505
28 31 25 2 450 673
74 10 30 6 244 384
39 88 26 2 613 707
47 94 6 4 581 646
10 21 28 4 209 286
50 16 12 4 330 468
27 100 15 5 547 752
58 9 11 4 325 529
59 50 15 4 544 616
74 87 29 1 515 612
95 4 29 2 437 514
98 46 21 2 704 776
81 21 17 5 459 720
76 72 12 2 295 510
10 90 20 6 290 543
35 24 11 3 332 513
46 33 24 2 353 628
65 78 20 1 416 529
9 38 27 5 344 470
71 82 19 6 444 530
82 71 10 5 440 525
22 47 26 7 380 512
20 94 20 7 281 439
78 87 28 4 443 713
73 64 6 2 362 501
15 78 27 1 360 426
6 78 7 4 299 457
69 88 24 2 480 623
69 22 28 4 264 543
0 90 19 1 251 316
23 41 17 5 336 551
7 20 10 3 412 488
66 18 26 1 459 602
42 34 8 3 387 533
6 96 19 7 527 736
12 20 24 5 333 633
36 12 10 3 298 565
13 24 6 2 397 472
65 81 19 5 233 317
47 90 5 2 205 333
22 97 24 5 539 679
29 19 23 5 286 466
66 34 25 1 462 548
73 40 13 5 246 399
73 24 24 4 606 746
93 67 12 6 431 659
8 81 14 1 660 797
51 11 5 2 465 655
93 70 13 6 276 376
42 32 22 6 346 619
87 46 26 1 201 281
97 4 9 2 398 579
51 36 26 5 302 489
50 50 29 3 547 607
83 95 9 6 370 605
45 52 16 1 326 533
28 3 25 1 391 673
35 64 5 4 515 754
46 68 8 5 574 705
35 96 27 7 257 475
22 25 21 4 561 726
27 73 17 4 531 754
35 100 17 6 376 501
43 72 11 4 299 378
70 49 23 7 448 594
48 59 10 2 538 691
18 5 8 6 253 518
36 18 17 1 425 572
75 18 17 4 282 581
57 88 11 3 510 682
17 7 20 7 468 744
25 30 25 3 321 574
58 26 9 6 506 658
21 11 16 6 215 314
4 55 7 7 268 538
11 83 13 4 600 681
28 1 16 4 417 644
75 29 26 1 390 508
8 83 16 3 232 504
100 98 9 2 560 640
42 42 29 6 248 547
26 41 17 3 436 708
64 47 21 7 326 537
31 35 21 4 211 454
85 19 15 4 510 701
36 14 18 4 276 422
31 45 29 5 245 370
38 97 24 6 605 740
48 77 5 6 454 571
18 38 15 2 489 669
18 58 25 5 307 378
64 68 25 4 488 592
31 84 20 2 546 754
53 54 21 3 229 388
52 16 25 5 506 610
93 18 16 7 460 710
33 2 17 3 287 381
63 20 12 5 216 454
98 74 28 5 450 579
75 38 16 7 232 449
51 22 5 3 558 756
36 45 19 4 448 519
61 92 12 2 441 502
53 7 24 5 264 474
56 6 22 1 346 588
70 64 23 7 259 373
42 0 5 1 399 572
57 99 17 3 402 640
68 4 10 7 384 641
86 93 10 6 614 717
57 8 27 3 341 549
2 91 14 1 387 603
51 49 14 2 420 608
7 55 20 4 327 532
87 100 26 6 371 520
5 2 14 2 469 617
35 87 22 5 462 723
26 73 18 1 461 683
88 10 10 7 256 544
61 87 21 5 345 632
82 27 22 2 211 449
92 48 15 2 663 788
60 7 5 1 550 616
52 48 9 6 288 510
14 9 30 5 518 768
62 46 18 3 372 547
1 81 9 3 529 796
11 23 15 4 276 489
47 60 15 2 338 427
92 44 23 5 488 682
54 48 14 6 498 604
70 99 9 6 617 716
99 21 20 5 368 541
2 17 20 2 397 641
73 31 14 2 209 282
27 49 15 1 253 550
60 32 10 5 396 623
1 82 28 2 420 485
28 37 6 3 622 705
22 58 11 2 399 463
47 31 18 2 235 532
64 83 5 5 323 584
65 93 6 5 514 776
85 70 26 4 488 721
20 22 18 6 208 307
5 25 6 3 208 302
38 83 17 7 260 467
21 16 20 7 250 358
100 41 30 3 556 624
16 32 5 5 506 750
47 71 12 1 447 632
1 44 19 5 604 736
39 58 24 3 267 338
48 21 27 6 246 391
23 22 14 6 312 452
68 68 17 5 512 685
0 61 5 2 421 674
43 99 28 2 399 600
29 96 18 2 450 552
62 8 23 5 363 604
90 35 17 6 447 703
93 62 14 7 232 465
28 85 18 6 200 299
32 0 19 3 383 545
71 89 6 3 207 500
91 28 18 4 294 498
89 32 6 7 372 552
60 66 10 2 349 497
74 23 8 7 230 377
21 14 25 7 267 451
95 7 15 6 431 695
57 29 26 6 351 437
39 0 16 1 313 476
62 79 29 6 495 679
70 94 15 3 536 725
30 40 21 7 275 514
50 24 17 5 530 609
38 64 5 7 473 534
12 64 20 1 464 685
99 46 8 7 350 496
25 44 5 1 230 435
76 38 23 2 316 573
43 3 21 6 248 448
64 95 14 6 346 467
78 91 25 7 686 751
63 23 15 4 389 487
23 37 30 6 269 521
16 85 5 6 451 531
100 92 24 6 413 579
51 60 28 5 249 346
9 25 26 7 591 690
7 96 24 4 604 786
36 74 17 5 519 589
81 39 10 6 464 759
93 40 16 2 428 508
98 17 24 5 569 692
86 52 25 7 375 624
91 79 12 6 378 464
92 8 11 4 485 707
74 52 30 5 546 757
47 28 10 4 560 741
46 34 18 1 225 445
27 8 26 3 277 371
38 38 17 3 246 515
26 16 30 7 226 439
87 82 10 2 385 665
71 68 9 2 271 365
7 97 17 7 211 439
48 47 16 3 266 338
52 91 21 6 315 572
52 82 20 4 274 472
76 53 16 5 382 565
78 34 22 6 383 598
3 84 9 5 509 661
36 16 9 6 555 773
9 12 18 4 519 754
7 80 14 2 247 349
9 2 6 5 579 701
88 63 22 6 282 572
95 76 22 2 349 433
17 28 17 2 637 750
59 66 13 5 311 497
58 93 27 3 470 631
61 90 23 2 582 719
17 15 12 3 229 504
80 12 12 6 308 411
29 3 28 3 324 610
56 66 5 5 402 676
62 66 20 6 428 581
98 61 23 3 599 687
60 77 12 5 431 529
4 26 10 4 283 475
87 17 28 5 515 792
51 51 23 3 471 736
73 47 9 3 421 541
12 59 7 1 252 469
87 0 18 3 386 538
9 0 19 3 481 605
58 73 21 6 283 568
74 81 25 7 224 399
16 27 12 1 356 641
30 89 11 7 215 355
89 66 17 7 561 779
39 3 14 4 399 595
55 91 11 4 561 684
64 53 27 7 521 761
68 94 19 1 511 583
76 46 27 4 567 674
82 17 30 3 244 482
62 34 19 2 408 503
69 16 24 3 239 453
24 64 21 5 450 657
34 57 10 1 307 463
4 57 25 4 425 490
47 24 13 3 450 563
89 92 7 6 295 455
49 74 8 2 489 679
73 42 22 3 612 695
19 66 14 4 436 564
15 70 10 7 317 460
33 70 25 4 320 608
22 32 14 1 619 691
91 39 5 4 344 462
13 81 24 3 319 567
26 35 15 5 333 403
7 44 25 2 491 638
73 10 10 5 385 587
0 28 7 4 498 789
61 48 19 2 361 602
95 22 17 7 200 485
83 82 27 1 310 478
52 57 29 3 344 440
34 41 24 7 520 670
94 35 23 4 561 775
68 5 10 1 484 639
48 23 6 1 521 691
85 76 6 5 368 585
89 3 6 2 409 658
38 84 19 5 216 292
11 79 28 2 503 646
38 60 14 6 459 593
8 0 30 5 573 679
43 80 17 4 362 551
7 38 9 4 342 533
64 70 9 5 467 647
41 12 13 2 262 492
8 94 12 4 312 577
26 30 9 2 370 524
10 73 10 6 629 721
32 10 11 4 413 560
2 45 21 1 579 661
60 10 29 2 477 648
72 62 8 1 295 461
69 11 20 1 478 606
25 87 20 3 379 644
52 34 5 7 502 612
20 20 30 7 280 493
84 88 21 5 352 549
69 94 20 5 357 581
38 30 8 2 211 409
70 5 9 5 430 510
72 74 27 1 257 457
64 65 11 4 437 689
46 32 25 7 239 402
55 9 11 6 387 667
3 81 10 6 510 609
32 1 5 6 333 574
39 52 29 4 615 740
84 32 6 6 412 693
66 63 16 4 500 739
88 81 14 4 345 614
94 30 6 4 308 509
82 3 7 2 578 692
93 54 15 1 504 780
17 48 16 6 393 553
44 31 18 7 367 630
61 55 7 5 232 471
15 47 25 7 251 472
34 4 7 1 600 779
62 97 13 2 491 645
100 45 19 2 554 791
60 98 11 1 521 665
87 61 22 4 579 648
48 45 13 2 270 354
18 20 20 2 208 366
9 34 20 4 232 340
67 81 26 5 374 470
75 43 26 6 338 608
24 47 29 4 238 326
81 14 29 3 235 521
82 30 18 3 413 550
87 40 23 6 351 470
86 21 12 4 590 713
100 2 25 3 334 537
18 89 17 2 394 669
85 78 21 2 498 575
88 37 26 2 348 575
66 13 24 5 318 519
25 1 17 6 278 570
84 94 5 6 282 529
94 5 18 4 642 796
24 19 30 6 474 618
58 48 26 3 202 328
26 10 11 5 609 711
80 37 25 1 569 676
75 87 23 6 503 749
96 71 19 2 445 735
57 93 28 3 322 613
77 54 7 2 257 443
90 38 15 4 419 540
9 65 30 5 257 503
59 9 23 1 309 394
14 90 29 4 349 437
11 28 6 7 257 495
56 96 14 5 297 477
7 6 17 5 608 786
48 54 29 2 363 505
66 92 11 4 326 523
82 20 22 5 523 608
15 26 28 5 609 751
49 10 26 1 504 671
15 2 21 5 398 674
88 95 26 4 503 782
42 1 5 2 528 677
7 70 17 6 323 565
80 98 7 1 357 498
98 35 21 5 244 507
8 46 18 7 616 689
33 59 17 1 449 556
31 19 22 1 291 420
7 25 15 1 604 695
78 71 19 6 496 588
56 7 12 2 301 569
90 52 24 3 493 671
89 79 16 5 695 789
26 91 6 4 204 352
46 39 14 6 452 617
20 83 8 7 445 552
43 18 28 4 267 333
93 95 30 6 396 542
39 43 21 7 483 665
24 53 26 6 266 515
44 51 26 5 410 680
60 43 17 3 727 796
69 23 28 1 220 460
75 85 21 4 509 659
0 37 6 1 407 568
56 58 19 5 616 713
49 46 16 4 493 587
76 65 22 3 509 670
67 20 24 1 372 498
72 81 30 2 478 587
32 15 16 7 534 670
49 18 13 2 456 564
40 7 21 4 531 751
82 61 10 1 281 421
20 81 12 7 486 757
44 81 27 6 455 754
41 4 8 4 438 543
48 50 5 3 533 651
44 90 7 7 406 485
9 47 21 7 613 745
39 38 19 3 209 314
95 51 9 1 268 440
49 13 13 6 344 511
34 17 15 5 273 358
22 29 20 4 528 658
73 3 13 5 563 784
23 39 19 2 284 499
82 10 12 6 218 331
43 31 22 4 401 486
7 46 12 3 472 582
9 41 30 1 394 557
15 64 27 7 560 638
21 58 12 4 647 707
31 53 10 2 237 328
36 63 6 7 566 729
4 68 12 2 418 681
34 34 19 6 477 711
49 77 16 7 537 662
11 51 29 5 296 453
51 86 15 5 209 296
88 50 5 6 210 370
52 1 27 3 224 434
82 92 14 3 544 633
72 57 22 3 623 705
60 37 24 5 341 551
69 7 26 3 520 686
27 12 25 6 300 435
87 28 12 1 290 423
74 89 8 6 561 630
26 19 20 4 230 462
92 62 29 2 449 599
98 3 27 3 543 756
60 84 5 1 604 742
52 10 24 6 341 612
52 38 21 4 301 374
67 44 10 1 223 341
58 16 20 4 275 368
41 34 25 7 541 777
53 63 21 4 478 768
12 7 21 3 580 790
49 73 10 5 236 312
88 5 12 6 268 350
23 84 11 6 388 670
20 8 13 3 460 717
0 24 17 5 391 528
87 96 5 6 626 774
80 48 28 3 395 690
71 17 21 6 399 654
73 53 14 3 244 535
21 77 17 3 417 601
62 80 29 2 625 770
86 47 30 1 530 610
14 82 15 3 437 709
23 98 28 2 430 642
50 74 22 2 309 492
85 100 17 6 239 303
14 1 27 4 314 551
4 29 30 5 219 360
23 24 6 7 635 720
94 32 6 4 379 582
24 48 30 6 630 704
75 39 17 4 471 702
22 86 14 6 615 773
89 74 13 1 210 493
87 4 28 3 429 531
9 13 24 6 482 615
10 36 28 6 295 399
11 70 28 2 445 704
10 85 29 7 471 744
66 66 28 2 604 742
87 34 12 2 203 501
62 28 27 4 546 617
47 57 6 5 213 369
76 47 26 6 245 481
83 96 6 3 209 381
26 87 9 6 516 625
43 32 16 5 225 301
72 54 12 2 597 752
46 13 13 4 334 425
52 52 30 4 494 754
77 4 5 3 253 329
99 24 16 3 290 443
45 56 16 4 599 728
15 41 27 7 305 441
63 96 5 4 245 365
20 92 24 1 437 691
33 88 5 3 598 719
78 24 16 5 328 526
27 55 21 1 382 551
64 85 29 4 240 532
95 60 21 2 267 475
26 24 29 4 299 430
76 61 13 4 295 432
41 19 29 7 317 514
84 62 6 3 289 352
31 39 9 5 304 393
38 13 9 2 272 571
84 98 23 2 347 546
96 78 8 1 622 779
88 41 15 1 574 731
25 7 20 2 300 536
45 29 15 5 348 517
28 25 25 7 553 676
65 52 9 4 286 444
18 96 27 2 254 533
48 57 25 3 208 323
63 14 13 6 200 313
97 15 18 5 393 534
35 50 15 1 385 508
36 76 7 1 502 788
54 6 23 1 475 684
8 3 8 5 526 671
82 45 13 1 530 619
22 56 23 6 213 423
28 51 7 2 408 678
68 51 29 6 520 712
81 42 26 5 380 477
53 49 8 1 403 585
61 52 5 3 264 417
11 76 25 5 230 436
87 35 28 1 474 673
2 79 21 2 430 644
92 99 17 3 315 377
43 54 26 2 550 674
43 2 17 7 434 570
51 37 25 5 576 672
8 98 24 5 326 614
71 99 11 6 232 452
35 66 12 1 347 610
48 100 19 4 510 788
21 60 28 6 379 529
41 95 7 3 398 584
14 35 10 1 551 729
75 86 19 1 444 602
31 17 8 4 528 649
6 61 8 1 364 637
90 66 5 2 518 720
72 85 16 7 426 672
10 11 9 6 510 613
10 5 26 6 440 735
1 50 29 2 604 751
92 34 11 7 203 499
71 14 5 1 336 533
60 94 20 5 456 703
2 71 28 7 283 432
2 12 30 6 240 353
54 68 16 5 408 648
5 37 29 2 449 575
22 60 5 3 415 699
78 90 9 5 222 434
54 56 12 6 417 617
57 96 16 4 249 319
34 15 13 6 679 800
39 85 30 1 407 597
17 56 8 5 445 547
87 81 24 7 266 474
55 7 19 5 680 786
1 30 13 5 646 736
25 35 12 5 221 395
39 15 17 7 583 713
46 97 16 4 319 454
51 65 10 2 296 503
29 5 22 7 394 457
26 76 26 4 299 562
89 95 11 5 227 472
60 61 11 5 686 766
7 3 9 4 310 537
24 83 8 7 223 293
54 20 9 7 323 449
78 54 7 4 632 712
98 65 19 5 575 668
95 96 15 5 692 783
68 52 10 6 444 509
93 9 18 6 587 647
92 5 8 2 611 736
70 44 6 5 316 493
35 77 23 2 458 605
1 73 13 1 256 453
31 50 21 3 666 735
29 64 19 5 249 479
19 14 7 7 349 432
2 77 20 2 531 695
15 40 30 1 419 573
7 78 27 7 465 574
47 65 21 7 271 463
19 35 7 5 505 581
2 48 27 7 363 470
12 18 14 3 289 399
43 43 12 4 402 695
2 96 15 7 518 767
13 52 30 6 589 674
73 79 15 2 559 680
62 71 11 1 585 734
63 88 15 4 411 672
3 41 29 4 455 613
9 11 9 6 221 437
81 37 17 1 272 343
71 61 7 6 211 400
13 63 6 1 296 505
23 71 5 1 412 473
99 77 9 4 579 766
2 28 28 3 547 722
39 42 13 5 260 441
19 26 24 4 368 590
11 85 7 5 505 600
9 78 30 6 455 653
90 23 12 2 498 769
40 83 29 5 400 672
29 86 12 5 496 725
71 98 15 4 394 507
73 11 9 1 467 628
22 78 13 1 376 567
11 75 30 6 288 415
49 50 8 6 612 721
60 54 8 5 378 678
31 44 7 2 342 497
98 51 12 1 447 699
2 66 29 3 345 614
98 23 16 3 362 511
78 30 27 3 542 661
33 43 27 5 352 452
42 28 8 2 255 338
47 21 22 6 227 456
34 39 28 1 349 507
25 23 12 4 410 633
49 81 5 5 313 469
75 70 22 7 544 687
3 16 14 5 281 365
29 76 19 1 366 434
71 62 20 7 375 463
73 97 30 7 301 462
95 91 18 6 328 565
51 59 7 3 495 703
94 13 19 5 688 764
67 42 8 5 611 693
84 20 14 5 568 775
27 7 24 1 386 582
51 98 28 3 367 529
13 20 5 7 368 454
25 86 25 2 455 721
22 67 5 4 422 624
13 4 5 6 306 546
23 42 29 2 396 661
53 26 20 1 517 637
7 29 21 1 400 670
61 58 9 4 302 465
18 21 10 3 246 403
32 39 30 5 268 425
42 92 14 3 251 506
82 52 25 3 244 543
1 42 14 4 454 734
9 67 13 7 382 442
54 88 21 5 247 431
35 28 25 5 420 696
89 46 7 4 368 531
54 27 18 3 415 571
64 26 18 4 481 673
31 58 23 1 409 684
20 76 22 4 326 510
3 72 8 6 369 597
79 23 27 6 624 721
46 11 14 5 612 747
36 11 28 1 296 359
76 45 18 7 298 506
44 93 18 7 203 376
63 10 30 6 280 347
57 4 21 7 454 692
98 8 15 4 450 702
80 52 19 7 209 509
59 54 24 4 624 710
96 28 11 3 573 789
36 96 26 4 459 652
52 59 8 1 443 672
83 1 5 1 609 742
100 61 29 3 290 422
30 83 25 3 263 539
36 85 20 4 383 485
56 80 19 7 419 714
7 81 9 4 456 547
77 56 16 7 236 396
6 39 21 2 309 437
76 21 20 6 386 656
59 97 19 7 469 540
95 21 9 3 201 462
50 2 8 3 460 575
99 2 30 3 624 796
89 11 10 3 578 738
92 19 22 1 438 512
12 96 20 4 367 649
43 38 24 5 620 716
38 80 29 2 732 798
94 84 29 5 643 786
64 36 5 3 489 686
28 18 10 7 404 554
90 27 6 3 417 636
66 44 12 2 439 588
23 72 14 1 376 472
91 17 22 6 608 754
67 35 21 1 583 799
56 25 12 3 244 539
41 36 24 2 357 549
63 77 17 5 288 586
68 21 12 7 546 733
61 93 23 4 200 408
82 5 26 2 435 668
32 87 20 5 369 551
42 18 6 1 717 793
67 33 6 3 382 474
23 56 25 3 487 609
75 54 28 7 316 567
87 71 30 1 395 547
85 50 12 2 586 742
44 0 24 2 432 609
81 53 14 6 363 450
84 19 7 4 397 514
9 57 23 5 531 627
89 71 19 5 283 369
19 84 13 1 234 486
82 68 30 5 393 598
61 7 11 1 555 755
59 4 30 3 651 756
71 33 14 4 592 702
86 79 6 5 512 764
46 75 19 7 487 737
20 93 27 5 655 716
32 18 13 2 319 494
97 68 30 7 264 421
61 100 17 4 542 636
27 37 23 2 226 409
51 9 21 2 444 597
64 60 11 3 488 704
26 65 14 5 490 702
43 16 19 2 281 429
10 12 22 3 673 751
64 78 25 6 608 758
12 13 5 5 311 568
77 46 10 7 571 740
75 31 13 2 569 635
42 66 11 1 479 775
7 0 17 6 440 568
24 6 11 7 359 592
90 85 13 7 534 691
41 57 26 1 204 284
40 55 10 7 253 422
15 57 29 4 518 591
25 10 23 6 223 376
83 52 26 5 425 497
71 58 21 4 509 619
63 78 29 1 414 605
83 77 10 3 569 645
26 12 15 7 441 668
69 68 8 4 619 682
4 10 22 2 672 751
40 69 12 5 353 513
87 54 8 4 271 514
62 94 24 4 469 531
42 23 15 4 594 659
64 90 5 3 432 713
47 37 11 4 544 624
4 36 15 6 658 797
79 91 15 2 647 754
37 80 19 4 299 452
3 52 6 5 679 785
22 87 14 7 483 721
88 80 11 3 404 582
61 5 19 4 588 745
1 41 25 6 302 501
17 82 28 5 629 701
12 92 10 3 328 534
27 36 12 1 379 638
69 49 27 7 515 677
32 70 10 3 219 340
16 71 30 4 216 313
46 5 27 1 629 731
50 39 22 5 562 672
9 84 6 6 366 589
75 49 19 5 400 625
65 8 25 5 332 553
84 50 13 2 236 326
48 48 21 6 452 689
54 5 28 6 407 539
98 91 26 1 628 697
23 52 20 6 395 595
62 48 16 6 589 794
27 3 10 5 373 659
30 35 11 4 381 451
80 18 29 3 503 800
15 95 27 2 571 656
73 73 22 5 261 370
0 30 5 4 465 646
55 23 16 2 403 691
32 100 24 6 317 504
23 81 29 2 321 430
69 98 25 3 390 539
37 59 16 7 330 466
81 43 13 2 397 682
28 13 29 7 483 605
80 69 29 3 345 531
26 7 5 4 303 467
69 2 19 7 595 727
27 26 30 1 238 398
65 58 21 3 279 566
82 35 23 6 385 551
7 11 19 2 473 678
40 22 8 1 633 714
68 17 12 4 370 599
37 8 5 1 676 743
54 84 12 1 555 750
91 62 29 1 381 650
25 26 21 6 608 669
49 29 14 1 288 433
43 88 27 1 551 767
11 14 23 6 400 543
18 28 8 7 380 441
30 7 19 2 560 739
20 90 12 2 264 449
81 90 13 6 707 773
7 72 25 7 438 504
23 3 24 6 407 591
100 87 30 3 680 766
80 63 14 3 444 555
51 87 23 2 217 404
14 88 6 6 452 537
92 64 6 5 324 562
23 80 30 4 286 409
11 3 25 6 270 476
33 20 12 4 437 682
92 83 30 4 312 517
3 2 27 4 475 738
83 58 21 1 226 457
89 35 9 3 232 364
71 86 15 2 305 539
53 78 22 6 436 603
33 3 14 3 411 651
45 17 6 5 286 555
2 13 8 5 498 695
43 30 14 3 529 597
74 80 11 1 313 475
86 34 21 3 384 509
39 40 5 5 412 687
45 71 9 6 375 531
34 42 19 5 592 775
18 47 23 2 224 329
9 80 13 6 426 590
46 67 7 1 294 490
56 89 18 7 384 619
64 59 19 5 252 540
81 72 30 1 375 635
87 69 21 5 566 717
81 88 29 6 279 410
16 45 13 3 421 614
31 2 6 3 351 414
90 14 17 6 512 593
6 19 11 1 512 769
55 19 21 3 604 765
51 91 30 5 711 800
5 57 5 2 505 718
82 13 13 2 235 301
86 12 27 7 606 735
71 54 8 6 340 414
17 79 29 1 407 480
42 36 18 6 474 580
68 69 20 2 415 542
9 76 14 4 312 417
65 80 28 6 281 466
87 89 20 3 339 605
76 15 13 7 220 311
52 58 8 6 502 789
90 79 20 5 503 717
61 11 18 6 273 464
57 69 12 2 610 773
95 66 25 6 449 612
35 86 12 4 424 518
92 26 18 5 338 580
10 93 20 7 530 651
38 45 8 1 398 561
8 75 10 4 438 520
100 91 17 2 307 394
53 81 24 2 687 768
63 59 26 4 365 619
25 47 15 3 548 788
52 25 28 1 587 771
88 96 11 7 392 656
47 66 13 7 278 405
1 85 24 5 346 447
58 41 9 4 357 653
64 84 13 3 384 462
74 38 24 7 584 660
60 5 22 4 588 728
96 59 16 6 346 589
93 1 23 6 527 790
53 5 11 4 413 580
39 64 29 2 371 568
53 37 28 4 412 677
73 98 5 2 563 677
96 53 27 2 243 353
60 52 13 6 287 410
5 65 27 1 507 592
96 99 13 2 433 572
81 79 6 2 587 723
44 99 29 7 333 561
79 97 26 5 264 328
91 55 18 5 393 605
87 58 15 2 393 567
4 51 6 5 591 738
13 18 14 4 350 424
6 65 11 2 465 559
13 33 23 5 522 666
47 53 20 7 453 750
96 88 6 5 404 588
25 81 24 1 497 782
42 94 10 5 470 762
17 50 13 2 616 714
35 23 16 3 256 546
58 89 6 2 546 787
50 85 5 7 510 765
1 53 29 5 321 618
33 9 20 7 413 680
78 21 28 6 431 638
63 47 13 2 593 659
60 21 24 6 352 639
79 14 15 7 268 493
5 23 5 5 264 391
75 52 19 5 287 459
82 57 24 2 526 657
15 53 23 3 521 684
44 62 26 1 436 638
22 14 26 1 393 540
100 54 20 3 447 626
91 99 29 5 408 673
47 7 25 5 264 489
40 59 19 5 652 781
43 90 15 7 651 766
68 43 26 7 611 706
7 91 23 4 528 653
13 82 10 2 461 613
42 78 8 4 557 652
72 10 29 3 356 644
26 66 8 5 613 697
58 87 30 2 442 571
1 71 20 4 226 478
37 12 15 7 567 627
95 25 28 5 223 334
66 84 9 3 394 563
72 14 21 4 290 350
93 48 10 1 612 758
37 7 12 7 320 423
88 38 15 1 223 333
86 36 21 4 659 735
21 62 26 1 382 475
95 18 7 4 401 549
57 94 13 2 539 610
31 70 12 4 305 540
23 18 5 1 493 611
76 50 15 4 363 632
43 50 5 4 524 760
52 9 9 5 382 647
65 94 29 2 447 690
27 19 11 3 535 771
12 90 17 2 374 585
21 15 23 3 278 423
40 98 29 2 283 426
99 36 20 7 360 557
37 39 10 7 352 549
97 85 9 3 283 505
42 11 6 5 404 566
10 44 24 5 215 451
100 5 11 4 388 476
83 98 24 4 624 777
89 91 25 7 475 724
67 78 7 4 225 303
53 92 6 5 522 614
40 4 20 3 428 678
20 54 15 3 618 756
81 87 26 6 531 693
29 61 19 7 637 711
37 18 12 4 634 712
45 91 23 7 234 440
58 99 25 5 462 730
28 30 12 7 481 631
42 20 25 3 571 715
12 95 28 7 685 746
47 41 16 7 536 606
97 7 12 6 277 526
21 43 18 4 569 777
67 91 10 1 531 612
27 11 9 6 362 470
13 25 27 1 469 553
87 6 21 5 393 623
81 45 22 5 519 692
55 67 28 7 492 585
50 82 29 1 333 562
40 45 16 7 414 481
27 70 11 6 416 694
66 59 24 5 378 617
77 16 11 4 372 670
82 86 9 6 494 784
36 99 29 7 357 468
28 43 6 5 419 605
62 95 15 3 326 547
33 64 20 2 575 672
34 10 25 5 314 451
34 59 18 6 470 579
3 76 18 3 448 606
97 41 19 3 577 679
81 13 13 2 539 720
6 8 27 5 652 745
18 22 8 4 425 597
56 8 28 1 200 337
34 56 13 1 330 456
43 25 9 7 482 740
19 92 18 1 379 535
14 27 29 5 520 716
35 5 20 7 466 526
52 41 21 1 662 759
96 63 9 2 638 791
69 19 21 3 401 588
13 93 28 7 679 763
22 73 28 7 588 785
55 40 17 6 447 710
76 43 14 6 228 478
0 20 8 3 206 289
75 1 23 3 215 311
49 4 10 4 510 739
34 3 26 1 596 766
47 14 26 5 504 630
87 43 18 6 628 800
17 66 9 5 227 291
85 85 23 4 431 675
100 17 5 1 602 797
87 72 9 1 401 474
1 43 14 3 207 400
1 92 29 2 332 626
81 49 29 6 363 526
7 56 7 4 354 519
18 17 8 2 236 372
45 97 21 5 232 381
7 79 12 4 372 624
30 38 8 6 390 645
34 58 8 1 576 672
92 90 27 2 381 521
19 30 9 6 315 588
15 29 16 1 439 588
7 10 16 4 320 481
44 50 5 1 298 383
79 64 19 1 266 404
94 31 28 4 453 628
87 38 7 1 263 341
14 2 27 4 424 587
55 12 11 4 328 519
82 99 22 6 461 737
15 31 11 7 364 429
83 51 18 5 352 572
33 74 5 2 296 582
65 96 15 4 296 394
61 24 26 5 378 523
25 92 19 1 371 606
81 24 8 4 364 471
5 68 19 5 542 776
2 50 29 2 214 288
49 71 24 2 488 649
25 27 11 6 317 422
38 90 30 6 512 792
52 2 15 7 330 397
99 89 27 6 635 796
40 10 9 7 296 386
83 39 23 7 669 792
3 62 16 5 634 731
6 32 14 2 516 775
23 88 18 6 588 743
89 30 8 7 220 408
65 5 29 6 479 612
28 11 13 3 279 524
84 61 17 6 228 507
57 11 7 7 462 754
79 42 18 6 455 746
74 90 18 5 223 506
83 99 11 6 297 458
96 50 24 3 529 757
35 70 5 7 279 467
56 44 29 5 577 717
57 52 5 7 238 388
71 42 29 3 421 622
88 58 16 2 217 404
22 21 9 3 715 782
4 38 18 5 574 771
50 0 25 5 535 684
1 20 18 6 290 402
94 85 29 7 298 598
36 86 29 6 553 744
48 40 26 7 247 448
75 47 5 7 718 797
24 0 15 6 383 536
66 5 14 1 525 663
27 20 20 1 409 692
38 11 5 1 462 682
85 89 16 2 355 470
78 55 29 5 456 536
40 34 15 7 527 589
0 17 19 4 247 363
73 13 9 1 357 509
61 82 23 7 271 421
