1261
26 98 0 0 0 0
40 65 23 5 336 504
82 65 21 3 312 588
100 36 9 3 301 520
75 59 9 7 256 476
76 44 24 2 242 535
43 32 19 7 638 766
65 34 14 4 467 538
78 4 26 2 657 741
56 26 10 3 640 765
0 37 9 1 468 679
42 34 29 1 335 414
55 64 7 2 294 433
82 54 6 7 336 626
96 68 30 6 487 574
5 80 6 4 306 527
94 6 26 5 525 690
83 39 19 2 203 393
36 68 26 3 551 787
65 95 26 1 277 440
93 38 15 1 461 701
50 7 14 3 429 697
40 44 15 2 422 498
86 15 5 7 500 664
52 74 11 4 231 473
82 51 8 7 589 683
69 21 8 3 593 761
53 60 27 5 433 524
84 9 29 2 298 539
65 97 24 1 409 590
12 13 5 4 315 484
89 67 10 5 402 648
62 48 7 2 427 497
46 20 10 5 209 455
94 10 24 3 478 737
82 88 10 1 501 652
1 52 19 6 578 703
13 65 18 3 331 461
50 50 21 3 319 526
59 74 28 3 681 797
100 94 28 4 446 552
72 18 18 2 311 574
72 45 21 3 272 457
83 75 12 1 227 523
9 94 12 4 508 675
45 55 28 6 355 605
64 4 13 2 360 512
94 56 19 3 454 705
44 85 16 4 573 726
75 68 13 4 576 669
91 76 27 3 493 787
26 89 24 1 236 485
63 38 6 2 366 597
24 66 7 3 256 503
18 6 6 5 664 794
68 92 19 1 377 548
10 59 24 5 465 745
1 12 28 7 561 655
28 8 14 3 264 504
31 62 24 2 713 788
77 8 24 6 282 356
5 87 27 1 631 721
39 35 25 4 508 621
15 36 14 4 533 705
9 7 16 6 660 756
89 16 10 7 541 757
70 4 22 3 451 550
29 85 26 6 371 522
60 49 9 5 213 308
23 90 14 7 548 775
69 16 25 3 590 790
15 62 20 7 522 702
61 13 20 4 479 572
0 42 30 4 574 746
85 3 20 7 233 426
23 26 9 1 508 744
24 89 30 5 236 464
59 65 28 4 371 484
80 97 14 7 434 584
49 17 5 2 435 534
59 67 24 6 365 441
58 37 8 2 446 626
42 0 11 3 499 653
42 64 20 4 248 439
2 55 15 2 343 627
72 95 26 5 538 781
83 99 23 4 312 423
99 93 8 6 202 487
96 63 20 6 458 531
56 54 18 7 570 700
100 41 18 1 311 519
92 83 17 1 285 459
29 7 5 4 400 696
23 44 26 4 437 679
75 20 9 4 240 462
11 44 30 6 207 385
71 65 27 3 532 708
97 40 14 5 309 472
38 60 29 3 646 781
68 18 30 2 376 558
39 22 7 2 608 715
36 82 25 4 279 424
66 77 18 2 202 449
54 75 8 7 434 542
94 29 17 5 477 724
29 47 13 1 472 564
35 2 25 7 386 476
19 17 18 5 386 584
92 78 27 1 447 683
67 14 30 6 480 702
38 28 25 5 226 389
9 58 10 6 408 481
30 65 11 3 589 794
89 2 23 2 549 747
11 73 5 6 353 487
17 45 11 7 510 574
93 78 8 1 293 527
12 96 7 2 478 575
1 69 18 2 240 517
33 95 20 5 405 554
66 6 8 6 488 600
83 80 9 3 547 746
64 72 29 2 486 561
18 98 5 1 425 591
33 12 14 2 501 656
84 21 19 5 413 541
1 18 27 1 458 666
50 47 22 7 502 730
75 47 7 5 671 738
90 23 10 7 296 431
68 56 29 7 605 667
81 41 12 5 359 447
12 81 21 2 437 533
69 45 26 7 735 798
67 7 19 6 431 622
76 30 17 2 520 583
73 25 11 7 520 753
78 98 19 6 325 462
85 79 27 3 345 441
40 3 24 7 272 511
7 86 16 4 562 796
94 69 26 1 471 697
3 17 30 1 483 777
75 76 20 1 500 722
30 6 12 5 232 372
98 55 22 6 339 454
44 32 22 6 454 620
4 62 9 7 340 420
17 72 5 1 643 765
0 94 22 7 328 539
20 38 14 1 508 661
76 63 12 1 381 509
33 41 27 4 368 540
90 89 9 4 302 473
51 56 28 1 570 649
80 20 27 6 504 782
0 61 20 4 416 542
28 37 6 1 605 792
97 89 21 7 301 565
25 19 8 4 633 737
30 41 11 4 459 669
17 9 27 5 497 617
69 91 23 1 215 439
56 83 24 6 340 478
43 59 21 5 270 491
68 35 26 2 262 521
37 82 11 3 568 750
45 96 24 4 458 571
94 20 29 1 393 637
79 59 23 7 397 480
93 54 6 1 401 678
10 21 5 2 469 644
77 18 23 1 444 674
83 49 22 4 660 765
91 1 29 1 213 451
73 78 29 1 260 508
96 19 9 7 206 413
24 79 29 7 679 772
63 68 22 5 326 558
20 24 6 4 462 687
44 33 9 3 402 661
49 3 6 1 277 472
36 12 9 5 586 779
54 59 14 3 279 438
68 34 17 6 390 506
92 41 9 5 478 734
41 52 16 5 280 340
24 87 28 6 478 701
19 26 15 7 579 694
94 27 28 2 279 559
8 37 21 7 464 647
62 52 20 2 361 647
15 25 22 5 497 650
85 9 18 3 487 683
40 71 27 2 274 462
49 0 29 6 592 653
61 60 9 1 500 601
31 49 15 5 294 512
65 92 15 1 276 465
82 48 26 7 590 738
52 72 26 5 389 609
43 28 15 5 212 272
38 53 9 2 577 653
0 95 30 2 211 411
96 11 8 7 447 521
78 18 11 1 518 792
61 93 29 5 260 446
30 36 8 1 246 307
38 31 13 1 282 399
55 25 30 3 623 724
28 10 18 4 494 754
75 96 15 7 410 682
2 48 7 6 530 606
4 33 30 2 215 345
85 92 25 3 312 477
56 55 11 6 476 766
64 80 12 2 347 646
10 84 19 1 547 767
22 100 9 4 203 450
65 8 10 1 211 278
31 18 11 6 527 614
85 4 21 7 229 424
57 87 17 7 480 703
83 57 29 6 456 553
26 92 20 6 443 719
3 82 12 2 668 800
87 32 16 2 536 659
92 63 7 3 306 596
78 80 22 1 484 620
78 52 21 4 525 787
70 44 22 7 457 672
17 17 24 5 232 461
73 66 6 7 608 756
84 26 10 3 306 407
9 16 14 6 464 536
85 22 15 2 288 537
77 85 5 3 255 402
79 30 26 1 481 718
2 84 21 3 245 530
64 71 13 3 249 367
4 31 21 6 270 343
40 14 25 2 283 344
36 6 23 3 501 680
94 44 13 4 412 492
38 26 5 1 416 641
89 48 29 7 623 728
39 69 12 6 498 783
37 88 12 5 708 768
80 73 14 1 284 459
51 68 23 2 263 364
73 80 25 4 447 693
74 39 13 7 480 749
55 17 27 7 207 429
43 85 28 6 513 793
87 67 17 7 467 631
14 43 16 5 510 659
87 1 28 2 212 337
70 84 24 1 580 729
10 54 21 4 482 604
9 3 28 6 399 491
48 7 20 3 292 411
53 49 14 5 497 731
24 68 6 3 248 327
38 64 29 3 298 420
22 36 25 2 451 729
50 72 14 7 367 604
44 7 27 1 572 661
83 41 9 4 362 649
69 57 28 5 203 306
14 16 27 4 455 630
68 57 12 1 668 735
66 69 23 2 289 570
7 56 8 6 526 673
91 93 18 2 655 754
21 32 24 1 540 602
28 2 9 5 648 763
23 87 15 3 438 512
68 4 29 6 502 568
80 92 12 1 398 594
46 61 29 5 362 509
90 34 8 3 292 374
9 70 7 5 461 653
27 2 23 6 563 716
40 37 29 4 269 459
22 38 8 5 218 353
91 84 22 1 425 633
1 21 10 6 419 521
48 100 16 4 311 517
75 90 28 1 364 447
86 23 30 4 348 473
29 52 18 4 623 717
63 25 15 5 383 561
45 70 22 4 409 519
96 32 30 2 500 734
87 15 15 1 581 658
74 64 22 5 628 746
25 69 11 7 474 748
76 31 26 6 476 769
16 75 12 3 527 681
76 48 22 6 203 420
46 46 14 1 276 511
78 93 20 1 209 432
100 85 12 2 319 398
21 51 13 3 623 763
29 18 12 2 454 627
55 96 28 7 364 446
23 41 23 5 404 624
43 62 23 2 620 709
100 57 27 6 245 528
42 24 13 4 383 629
71 51 23 2 343 500
56 79 29 3 573 761
74 65 25 1 462 674
87 99 9 7 355 524
62 64 24 5 234 327
33 4 13 7 348 445
48 33 28 4 255 384
47 36 24 4 407 530
24 100 18 7 378 511
47 29 24 4 409 486
84 94 14 4 310 558
84 42 25 6 518 703
46 99 17 2 336 513
61 58 27 3 213 501
56 48 14 7 239 491
2 33 16 4 557 739
87 24 26 1 455 645
19 91 13 5 689 749
71 6 24 1 355 433
89 4 14 3 581 783
78 42 8 3 436 633
7 88 14 7 293 580
56 47 22 5 464 737
56 67 9 5 478 576
86 67 14 6 545 752
72 31 7 4 405 664
55 7 5 1 531 787
89 39 6 2 385 629
94 85 10 5 362 458
51 81 27 4 415 712
94 40 10 6 367 665
29 16 30 6 548 720
14 84 13 4 329 507
17 95 24 5 283 352
32 22 11 4 252 432
74 67 23 7 626 728
20 66 5 6 476 612
39 15 25 3 601 780
90 74 28 5 422 650
83 70 25 4 728 795
58 57 9 4 499 688
2 94 6 6 274 519
93 31 18 2 333 564
33 21 30 4 319 567
12 59 17 6 603 738
13 35 28 7 444 515
39 78 17 1 665 750
87 84 10 5 270 428
55 79 25 2 266 529
27 27 30 3 515 595
32 21 10 2 243 366
36 73 17 5 419 552
20 50 5 2 388 565
74 52 15 7 257 552
23 81 19 1 379 609
91 14 30 4 445 555
10 10 12 5 233 407
61 95 15 7 639 789
39 11 5 3 524 755
67 12 12 2 345 538
33 3 5 2 496 636
92 53 8 6 335 545
34 90 24 3 562 632
88 10 22 7 469 706
60 3 27 6 260 465
69 12 14 7 300 526
45 54 20 2 350 442
5 78 20 7 433 550
4 100 11 6 252 509
69 77 29 2 227 448
20 34 23 3 522 606
50 64 12 4 541 708
0 7 24 4 441 606
42 50 20 1 389 667
13 41 13 7 442 565
97 6 20 3 585 695
63 58 7 3 632 727
5 53 27 2 314 445
93 15 27 4 647 713
84 84 9 5 392 682
41 80 19 7 480 773
60 56 6 6 513 651
8 49 19 1 428 692
48 78 29 7 676 759
69 73 23 1 219 374
18 14 15 6 367 455
37 45 23 2 471 654
87 29 20 3 363 531
44 88 10 5 331 443
93 95 17 5 221 520
7 76 18 7 310 571
40 93 15 1 615 685
31 11 14 5 309 585
17 28 8 5 388 659
0 9 20 2 295 575
32 30 17 1 559 640
65 2 24 2 315 583
57 30 11 1 206 447
17 46 15 1 550 678
44 18 25 5 309 578
12 33 13 6 594 657
22 30 24 4 297 593
66 94 21 1 234 521
86 54 5 1 510 740
76 53 26 2 266 563
56 56 22 7 623 683
49 71 29 2 380 625
44 96 19 7 652 718
78 27 9 4 349 637
54 10 26 4 275 546
50 15 30 1 658 743
90 88 6 4 464 526
94 78 27 6 274 480
73 97 6 4 380 583
1 39 17 6 271 507
78 57 24 2 234 473
65 62 23 2 463 624
38 21 14 7 303 515
67 18 12 3 251 514
71 9 24 7 566 687
42 22 15 1 374 620
74 86 29 3 287 498
1 96 18 3 402 599
8 99 24 1 599 729
52 6 13 4 542 604
58 83 26 6 690 766
52 14 16 1 425 672
88 40 25 2 275 393
72 16 26 3 391 483
45 75 25 3 537 784
79 20 28 4 584 725
55 27 6 6 449 589
55 69 15 1 476 697
61 47 13 2 433 649
86 71 25 7 712 781
80 71 24 3 209 427
42 32 18 3 393 526
13 24 26 6 404 691
86 2 18 1 486 585
17 32 12 2 238 392
77 36 19 7 391 523
34 11 20 3 580 693
66 0 12 6 216 459
24 91 27 6 488 743
72 24 5 6 531 649
28 17 6 7 533 769
78 77 30 2 213 277
12 54 14 2 593 666
46 15 19 4 414 528
11 96 15 3 303 399
50 56 25 1 229 418
37 66 10 7 417 686
79 8 16 7 340 520
42 42 10 4 432 617
56 6 25 1 417 502
83 42 12 5 597 704
19 15 23 1 415 588
94 97 10 4 321 590
47 51 5 5 309 475
15 90 14 6 585 665
14 82 28 7 364 452
6 60 25 4 700 763
50 53 17 6 419 643
100 21 21 6 345 428
55 0 11 1 661 733
26 78 19 4 307 510
8 85 11 7 407 522
41 4 24 2 282 493
77 45 27 4 343 552
89 41 25 4 234 399
30 86 13 7 293 396
24 33 9 5 216 412
40 57 30 1 371 435
89 0 24 2 519 637
33 68 14 1 494 782
33 47 24 3 484 664
87 13 20 4 309 572
91 75 29 7 586 683
18 73 14 5 275 489
80 87 29 5 219 374
43 24 29 5 452 656
7 47 23 4 511 707
50 34 5 1 499 762
87 38 14 1 663 765
3 15 8 2 388 496
26 44 14 2 301 362
3 45 16 4 528 680
5 100 13 2 275 443
77 44 13 5 603 718
53 21 6 4 223 458
59 13 19 5 270 352
25 65 21 1 649 745
44 25 24 4 660 794
99 2 26 5 699 782
39 2 24 5 264 442
0 3 11 3 536 655
67 64 11 3 226 496
76 36 26 7 412 676
93 99 29 5 421 600
71 67 13 6 407 655
49 65 14 7 241 382
51 22 7 3 475 772
86 50 22 5 316 564
97 90 13 3 208 273
72 36 6 6 530 625
71 61 23 1 603 765
69 48 16 5 410 605
32 83 23 5 483 724
90 77 21 1 516 609
45 8 5 6 226 296
97 31 5 2 476 678
98 70 15 7 332 435
74 75 29 7 486 705
39 21 24 1 321 471
13 72 14 5 286 497
30 69 19 5 369 519
26 73 25 1 403 509
73 53 5 4 325 438
68 99 22 6 651 749
97 35 30 6 521 761
50 22 20 1 419 716
50 86 19 7 597 697
88 39 30 5 617 746
17 82 22 6 582 652
1 100 7 3 553 636
31 12 10 6 354 427
52 95 12 7 608 763
0 65 8 4 471 601
99 14 14 6 216 496
29 72 24 6 495 571
32 25 17 4 315 508
22 49 9 3 421 488
57 96 27 3 510 575
18 96 20 3 425 616
32 76 14 6 305 432
43 99 23 7 543 785
42 5 26 6 396 566
31 90 22 6 419 519
70 78 9 6 433 609
95 78 8 5 528 731
98 80 23 6 270 383
23 84 24 7 261 391
22 68 11 3 466 718
45 98 21 2 311 508
45 27 20 2 456 668
29 12 7 1 469 756
33 62 19 6 232 468
14 59 11 3 450 678
83 72 29 5 462 653
16 65 9 2 310 582
15 98 11 1 429 655
100 50 6 5 350 473
87 46 13 1 347 640
67 46 7 3 312 476
85 30 13 2 548 653
54 2 28 3 328 456
92 96 24 1 209 420
84 86 13 6 345 476
79 24 12 2 353 458
63 53 15 1 525 761
55 97 22 3 485 727
52 37 29 2 549 612
34 63 11 2 206 493
71 15 27 1 534 747
65 16 7 7 321 454
48 57 5 2 310 500
84 32 20 6 531 701
10 2 6 6 597 756
59 21 27 3 687 789
35 14 29 5 391 535
49 21 8 5 651 761
50 85 30 5 508 690
67 36 10 1 282 345
28 73 17 6 325 577
98 26 24 1 686 760
31 83 13 4 483 659
28 58 28 7 515 787
65 39 19 2 348 491
30 15 16 4 291 366
57 71 29 3 446 611
19 37 15 4 530 765
80 83 22 3 646 730
16 80 21 2 329 533
52 53 30 6 542 651
100 82 5 7 237 309
6 65 20 5 236 486
80 36 24 7 342 533
79 87 25 4 545 779
20 99 8 1 354 635
74 47 7 3 365 602
48 45 16 5 296 461
47 66 29 4 423 680
99 33 27 4 424 494
19 2 14 7 416 543
14 85 11 6 511 638
23 19 16 7 210 475
36 79 20 5 563 724
62 71 15 5 571 798
64 68 9 1 632 788
91 71 9 5 632 793
52 92 18 3 378 468
7 36 26 4 390 612
58 84 14 7 552 773
92 57 17 2 369 536
75 18 16 7 444 608
100 58 5 6 483 779
46 95 30 5 540 779
57 40 20 2 394 648
98 8 23 2 411 638
29 37 19 5 412 619
53 43 20 2 452 544
96 17 12 5 226 320
22 67 22 3 243 434
32 15 20 3 296 515
33 2 10 7 251 437
3 21 9 5 464 639
31 66 7 2 440 649
57 47 17 2 423 559
2 68 13 2 446 580
26 23 5 3 352 580
27 22 16 5 734 794
8 61 25 5 549 654
59 31 12 2 601 796
29 25 9 7 538 800
59 62 8 6 231 304
75 74 6 5 216 333
2 45 15 4 348 594
12 95 30 1 402 690
24 47 21 5 334 587
62 14 13 5 657 743
66 19 15 2 312 465
27 74 11 6 545 727
68 25 18 5 351 630
78 7 26 1 248 472
48 89 6 7 441 512
77 92 11 4 279 575
20 39 7 3 538 603
61 99 16 5 272 337
28 36 14 1 543 797
19 87 6 7 207 502
89 86 28 5 401 658
12 89 16 6 438 649
82 83 10 6 474 771
84 20 14 6 433 691
64 17 24 3 226 414
38 10 23 2 276 491
60 68 23 7 276 432
3 73 26 5 342 429
65 55 24 3 447 690
53 14 30 7 243 535
40 77 29 6 548 796
73 89 18 5 279 363
42 79 12 5 652 765
51 88 18 6 274 465
3 80 19 3 222 422
0 21 18 7 571 784
20 95 22 6 210 304
59 41 16 1 636 703
13 91 9 6 366 565
47 18 8 3 491 669
80 5 30 2 619 787
49 25 12 3 529 624
39 72 21 3 330 448
49 30 18 1 432 674
52 83 28 7 317 547
52 39 14 4 248 363
41 73 15 7 218 359
27 60 30 4 277 484
54 53 29 7 332 409
62 35 12 7 492 669
35 82 23 7 208 304
54 13 16 3 385 676
60 55 25 4 238 431
16 67 11 3 432 647
49 64 27 3 309 425
5 5 13 3 696 780
83 45 16 3 211 275
66 14 13 1 219 331
89 24 18 4 215 295
66 9 29 5 473 709
99 57 21 3 577 711
33 19 16 4 451 702
45 25 27 5 533 627
92 79 12 7 460 608
78 53 25 7 559 776
77 56 22 1 443 722
78 62 12 3 525 718
28 95 8 2 658 785
31 41 21 4 567 741
24 9 19 7 211 434
11 88 7 4 593 761
36 43 6 5 607 752
24 16 25 5 600 660
85 97 7 6 454 535
1 62 7 1 349 612
87 62 28 4 586 788
93 77 9 3 314 428
5 62 10 1 627 793
45 97 22 5 392 496
47 25 18 3 585 790
36 72 17 6 626 787
46 48 21 5 600 770
9 28 24 2 300 559
26 65 29 2 595 784
91 66 22 3 563 722
51 93 14 7 663 732
57 50 23 1 327 596
100 98 8 1 406 668
94 63 15 7 378 549
51 28 10 7 681 793
60 36 29 1 428 649
58 92 21 5 664 786
77 39 7 4 497 658
85 65 9 6 281 413
45 94 17 1 555 649
16 74 19 6 493 605
85 78 6 7 465 721
89 45 16 7 313 531
82 66 10 6 669 745
99 8 9 3 419 582
17 44 19 2 325 560
9 37 7 4 524 750
0 38 7 1 343 622
40 91 15 7 349 599
52 44 20 1 504 584
34 49 29 2 441 610
86 26 9 1 255 479
11 89 7 1 405 697
42 35 28 6 502 620
69 43 21 3 616 686
74 56 30 6 554 675
21 4 5 2 648 770
63 16 28 7 283 479
39 95 5 3 459 712
63 99 27 6 401 461
19 61 11 4 383 572
33 55 5 4 369 609
95 79 17 2 545 789
81 44 21 7 322 501
77 81 22 4 389 465
26 10 5 2 209 342
12 69 29 3 413 616
25 88 13 7 504 644
43 51 7 6 344 499
31 30 30 4 609 671
51 18 11 4 318 570
77 69 16 6 392 544
70 63 15 6 251 521
5 39 23 7 413 520
71 77 19 1 639 769
77 35 21 2 221 314
66 51 8 5 501 639
44 24 24 6 708 793
43 58 19 7 386 453
86 31 15 7 442 725
3 76 17 6 310 512
71 57 28 4 362 588
68 88 7 6 228 446
58 15 18 5 482 639
89 5 14 7 227 367
54 7 18 2 280 411
76 64 30 3 413 606
69 67 17 3 376 463
58 43 11 1 451 740
100 35 29 7 290 396
79 82 21 3 586 762
76 35 26 4 497 783
28 55 19 7 563 627
87 48 17 1 526 744
60 81 25 7 534 626
89 91 30 5 389 462
19 97 20 3 576 685
98 91 22 1 258 508
4 68 12 3 272 469
35 85 13 3 639 777
14 99 15 6 433 569
81 36 28 2 461 563
49 31 17 2 705 773
1 5 8 2 251 411
77 59 7 3 425 625
42 30 12 6 206 477
45 53 24 4 341 611
80 21 10 7 497 650
21 30 7 2 580 783
8 91 15 6 440 544
70 64 25 3 351 545
100 6 23 2 639 710
6 82 21 3 298 512
88 90 10 1 634 714
49 35 5 1 644 756
34 78 26 2 223 316
64 91 10 1 626 747
35 78 21 4 685 797
69 17 28 6 378 662
63 51 24 5 201 267
23 2 16 1 585 650
73 34 27 5 235 390
11 43 8 1 285 470
91 27 30 4 511 606
11 83 25 4 363 595
97 72 5 7 244 403
96 28 14 6 567 684
55 15 17 5 334 459
73 84 16 5 451 563
85 8 15 6 243 330
15 56 18 1 401 623
51 42 5 3 398 688
61 12 21 2 385 629
84 43 24 2 642 719
37 55 6 1 422 523
3 43 11 2 349 599
16 50 9 5 403 531
93 51 23 1 224 487
52 3 23 6 551 684
88 20 16 2 316 565
18 32 21 5 261 335
39 76 21 3 646 762
82 61 18 2 313 456
73 68 14 6 311 587
99 89 22 6 449 582
5 3 27 7 421 659
26 31 22 6 228 374
61 30 19 7 453 719
15 79 13 5 249 371
82 94 19 5 246 424
52 46 7 1 454 660
100 18 25 4 544 633
3 83 14 3 380 532
87 34 20 5 217 369
34 59 25 1 663 774
30 0 28 3 559 667
42 41 23 5 539 743
36 55 16 1 219 413
89 78 8 6 523 744
22 73 30 2 555 726
28 99 27 2 295 584
94 0 26 7 207 307
19 86 18 4 402 511
58 100 5 5 498 575
10 49 9 1 265 474
28 70 25 6 378 593
59 49 19 1 710 789
19 49 13 2 395 588
67 37 15 3 511 582
8 73 18 7 208 462
17 89 27 1 539 704
32 47 27 6 396 665
4 28 9 3 450 510
92 43 19 3 288 559
48 13 28 3 518 773
29 78 13 1 291 564
15 52 5 5 425 662
71 89 14 7 388 509
70 53 15 5 556 624
42 10 23 1 322 617
19 74 9 4 522 673
36 75 13 1 589 751
84 83 21 4 335 501
19 47 25 3 236 534
25 67 18 6 529 606
76 28 12 4 322 484
71 35 6 6 347 527
47 85 12 7 542 641
22 51 28 4 495 793
54 18 7 1 260 531
54 60 9 5 509 694
86 63 10 2 462 541
53 3 16 5 561 681
59 43 7 7 322 609
78 75 28 2 487 701
25 81 13 1 470 630
81 20 23 4 483 732
91 41 13 3 464 530
54 16 21 6 219 324
55 57 23 5 631 721
41 11 24 3 700 794
67 0 20 1 305 588
15 9 17 5 579 672
80 55 16 7 679 789
19 58 19 2 463 641
89 18 16 6 353 484
24 88 23 2 234 518
73 83 8 1 633 725
28 57 28 6 227 426
71 92 14 6 274 455
96 26 14 3 438 575
89 47 13 3 572 768
60 58 15 6 419 597
89 68 17 4 571 643
25 40 22 1 490 583
98 16 14 6 406 519
22 18 18 2 497 720
93 62 21 6 404 577
74 3 27 2 285 394
62 99 8 1 493 687
32 91 25 5 590 705
0 82 24 3 211 362
80 10 5 1 312 574
18 3 7 4 336 538
69 64 13 6 368 534
38 30 15 5 362 599
40 6 16 1 363 636
96 7 23 3 594 761
64 10 5 1 475 629
87 42 23 2 609 787
27 3 16 1 384 565
46 84 10 2 521 685
45 80 24 6 226 432
8 72 5 3 417 494
14 81 20 1 438 546
25 76 24 6 490 699
17 10 15 4 625 734
92 35 21 4 707 767
65 82 21 1 491 554
82 74 10 6 250 476
100 19 25 5 308 521
85 57 19 2 462 600
54 24 28 6 586 737
90 21 17 3 719 783
6 100 9 6 360 612
59 66 6 3 410 666
0 98 12 6 330 403
85 18 25 5 288 399
4 8 27 6 458 627
44 6 23 2 625 761
74 70 20 5 210 436
27 95 6 2 531 687
13 81 7 3 350 473
68 79 11 4 260 347
10 31 14 2 279 455
23 0 8 3 202 432
97 58 20 7 618 747
90 24 9 4 624 799
18 41 8 6 656 738
90 63 23 1 503 655
57 2 20 5 250 528
66 56 16 4 321 548
76 80 18 1 515 779
90 100 26 2 313 601
17 0 7 5 202 365
50 73 27 6 221 319
80 50 27 6 399 577
94 45 25 5 345 602
16 0 12 3 468 537
99 65 19 6 297 370
62 20 14 2 577 640
60 41 6 2 371 670
62 44 22 3 436 673
32 70 22 1 490 789
96 47 29 1 555 682
24 75 18 2 386 655
78 86 21 6 234 296
4 58 30 3 557 621
70 83 19 3 446 726
7 51 12 5 293 526
83 40 23 6 392 686
56 59 18 2 493 666
7 27 15 1 395 643
39 80 29 3 470 609
15 83 27 6 336 457
21 61 6 4 259 424
56 23 14 5 277 467
95 62 11 7 325 431
48 9 12 1 216 480
14 35 12 5 471 607
58 44 11 3 468 583
47 42 9 7 341 411
44 83 22 7 354 650
8 68 23 5 437 626
37 69 14 5 400 505
63 26 16 2 323 458
66 29 16 2 337 605
48 35 6 6 493 744
53 20 18 4 294 514
58 53 7 4 416 711
98 36 9 6 436 721
38 85 14 5 439 700
8 7 22 2 360 487
13 2 6 3 223 522
89 64 16 4 281 506
16 39 6 7 567 778
45 58 12 7 243 484
87 57 22 7 545 679
82 79 26 3 219 356
67 72 23 3 381 677
3 42 16 5 301 524
13 53 13 3 316 544
48 12 25 2 676 792
16 19 23 4 235 402
81 59 24 4 242 490
70 33 18 7 206 430
95 59 28 2 297 532
4 96 9 4 625 793
17 30 6 2 552 715
29 90 20 4 676 738
25 59 20 2 477 716
61 83 20 2 244 464
42 52 19 2 290 467
34 93 21 3 340 524
66 12 24 4 206 399
21 80 11 6 480 578
17 39 23 6 207 493
66 48 10 3 687 791
69 42 13 5 342 498
27 17 8 4 592 759
70 2 26 2 348 624
39 82 28 3 540 692
71 78 8 5 243 331
0 77 29 1 404 607
78 28 10 7 573 699
39 79 13 2 363 562
83 25 5 3 238 396
74 98 21 4 573 660
0 69 16 6 453 668
53 29 28 5 230 294
27 65 27 6 415 556
60 0 25 6 357 528
44 72 25 2 318 426
91 64 23 4 394 674
47 28 16 7 214 306
84 65 19 6 433 538
7 92 20 2 338 535
80 96 18 2 640 727
6 86 20 6 306 593
3 11 19 2 203 472
95 42 8 5 502 564
73 41 9 7 245 363
79 54 23 7 304 507
49 44 15 1 287 392
29 48 18 7 392 676
91 78 17 6 434 699
67 8 16 5 558 682
34 26 22 5 419 629
61 78 21 6 505 783
22 15 9 3 537 728
46 86 30 7 314 535
63 88 14 5 411 653
83 74 19 2 360 489
92 85 15 6 367 665
86 66 7 3 648 792
94 48 24 2 403 616
58 39 25 3 425 546
10 46 22 6 583 742
19 38 29 4 351 627
12 66 8 4 557 771
66 28 21 5 201 418
8 78 15 6 569 770
44 78 26 3 211 296
44 5 9 1 386 484
72 55 25 4 376 483
3 24 15 6 580 703
40 27 18 6 524 798
90 26 5 6 698 791
69 29 18 4 495 668
64 99 16 5 279 446
88 47 5 6 556 751
11 84 29 1 205 289
86 40 16 4 242 312
20 88 17 3 526 626
75 98 7 2 259 449
18 97 29 5 263 462
60 47 24 4 350 441
44 82 27 2 456 726
70 6 22 4 711 775
83 100 19 5 283 406
87 31 6 6 424 602
41 98 10 3 484 588
68 44 7 3 332 610
77 76 22 2 665 751
9 24 27 3 391 573
38 43 17 4 668 751
29 81 5 1 604 742
87 95 10 3 373 611
0 19 18 4 355 558
74 1 24 3 537 759
9 30 22 4 418 703
45 78 9 4 579 775
32 66 7 3 224 451
86 7 11 7 432 639
0 28 12 2 288 500
90 82 5 3 311 581
79 70 13 2 243 417
34 17 19 1 274 542
98 50 30 6 237 443
86 82 30 5 276 336
78 17 16 7 396 674
14 61 17 2 336 622
63 5 19 1 401 618
26 7 18 4 537 720
76 93 7 7 384 492
99 67 27 6 600 661
85 16 9 3 567 734
87 98 23 3 214 304
87 83 21 7 228 504
45 89 22 4 491 579
2 60 21 5 583 724
2 42 17 7 316 608
25 14 13 4 433 649
10 64 9 1 332 473
52 50 16 5 379 509
69 78 29 1 635 779
85 88 27 2 607 680
30 1 17 5 603 703
78 39 26 4 217 488
63 59 27 5 387 477
19 8 28 5 519 618
57 18 5 7 451 670
74 19 7 3 405 500
65 94 19 1 279 573
64 89 30 1 618 760
54 46 8 5 541 711
77 96 13 5 491 761
89 26 25 4 396 498
23 71 6 2 366 645
9 77 7 5 413 575
30 50 28 5 568 768
97 85 5 1 273 539
33 50 13 3 363 492
62 36 23 4 282 573
29 9 20 3 322 466
95 26 18 1 448 748
79 43 6 6 424 623
36 30 17 5 644 750
12 86 23 1 562 689
62 15 9 7 246 415
91 22 30 6 519 737
89 70 8 4 433 626
42 49 16 2 714 780
1 97 7 3 254 384
15 13 18 1 516 712
54 43 11 4 494 676
76 86 16 3 220 383
31 100 27 6 215 360
83 26 18 2 335 624
24 93 14 4 293 439
56 72 15 1 388 481
27 21 29 6 327 498
79 77 11 6 373 502
60 48 12 1 415 671
20 98 25 7 411 676
27 44 18 3 228 290
87 30 19 4 494 686
0 75 7 2 230 433
48 70 14 6 436 632
54 61 21 3 339 551
61 75 21 5 302 440
89 66 24 4 318 538
80 3 7 4 614 772
35 5 16 3 642 766
18 71 26 6 248 309
77 53 18 3 621 776
60 60 11 5 509 709
83 12 18 7 388 589
66 96 14 6 240 394
53 87 26 4 229 509
100 62 14 1 332 610
69 27 20 3 556 638
91 24 14 1 327 598
92 81 15 6 441 728
25 75 13 2 547 672
44 42 30 1 435 549
75 45 12 4 372 544
87 14 24 1 428 571
19 45 16 1 437 551
65 41 30 1 615 780
80 49 11 4 515 696
21 100 21 5 416 489
62 29 27 7 206 454
27 51 26 5 483 730
89 73 5 1 352 511
14 3 17 2 275 396
93 74 9 1 298 482
24 57 12 5 704 798
6 18 22 7 621 687
3 77 26 2 573 778
29 53 28 7 664 791
67 59 5 4 258 429
37 81 20 1 431 553
16 11 30 6 388 688
43 90 17 2 721 790
95 43 14 6 457 546
97 78 9 1 351 557
43 57 27 6 220 376
14 39 18 1 222 301
68 84 25 1 276 553
52 20 9 7 522 729
93 35 11 5 354 451
14 50 30 7 241 459
2 99 27 3 559 652
91 4 23 4 546 634
48 47 6 4 556 657
45 24 15 5 386 523
35 72 16 6 377 510
37 28 18 4 311 433
7 87 25 5 324 587
41 77 10 6 419 558
59 11 16 4 205 452
71 2 9 2 497 782
51 84 24 6 237 300
74 38 23 2 438 567
54 26 17 1 263 542
22 94 13 6 435 616
25 66 24 6 517 634
15 100 19 3 542 609
13 87 11 2 362 579
99 41 16 1 571 787
50 10 21 5 719 786
28 29 29 1 544 647
64 11 22 5 559 657
68 45 29 2 267 415
90 47 23 7 393 653
87 6 24 6 304 481
73 1 17 7 322 414
85 39 26 4 357 546
15 94 24 7 464 536
44 52 6 7 535 751
44 69 12 2 204 461
16 34 11 3 502 739
24 58 14 3 313 379
29 100 24 5 223 407
15 35 13 6 226 314
87 69 27 2 546 789
4 3 24 1 570 740
17 16 24 2 605 695
90 42 19 6 448 733
82 52 17 2 415 589
26 51 22 5 456 670
94 64 29 1 311 491
12 67 10 1 324 620
42 74 27 1 686 747
58 50 21 1 630 786
67 56 17 4 378 517
91 2 16 6 592 706
4 15 17 5 382 621
76 42 30 3 268 341
56 29 16 4 255 523
100 30 13 4 424 646
63 1 25 3 259 398
39 16 25 3 601 787
53 61 24 2 380 447
21 69 17 4 504 790
12 83 28 4 208 416
59 99 12 3 513 793
39 18 23 7 441 672
92 23 12 3 448 513
88 2 20 1 573 688
67 6 30 2 270 527
26 68 15 1 297 571
80 64 17 2 323 534
90 28 7 4 465 597
75 41 10 7 374 440
