1534
24 88 0 0 0 0
89 40 9 6 409 573
73 82 29 2 268 471
71 86 12 7 532 778
47 98 19 1 369 528
51 56 21 1 442 537
88 13 11 5 485 641
83 7 6 7 500 751
86 55 29 4 286 363
6 7 8 4 496 753
21 92 12 7 378 504
29 55 12 4 581 693
58 56 9 6 305 527
0 30 29 6 494 556
3 45 28 2 268 539
64 42 14 4 237 383
87 28 20 3 520 620
89 26 22 6 229 335
98 28 18 2 312 516
89 34 30 5 250 312
23 30 20 2 485 722
65 83 10 1 388 685
50 40 12 4 325 389
57 76 19 6 218 398
44 4 7 7 210 455
99 66 27 5 557 768
75 14 17 2 421 616
31 56 25 3 258 439
72 14 28 6 612 754
51 29 23 1 376 585
56 1 17 1 301 456
35 75 6 7 397 498
67 20 27 3 225 374
75 1 12 5 379 480
75 80 18 1 331 437
22 97 14 4 538 742
74 28 28 5 504 781
39 45 7 5 436 591
49 32 17 5 273 501
7 74 10 3 227 347
28 22 20 2 705 770
43 92 28 5 613 757
38 93 16 7 379 470
40 62 26 2 317 427
77 45 12 3 283 383
51 24 26 4 401 590
31 90 21 6 269 464
60 55 26 4 209 375
93 10 7 1 555 621
74 49 6 3 360 443
14 21 7 7 514 777
100 92 29 5 538 645
8 82 30 3 229 395
0 19 8 3 458 540
75 75 26 6 599 665
4 36 23 6 455 750
63 85 23 5 486 590
74 45 7 4 442 669
78 71 17 1 537 794
93 60 6 6 554 629
19 12 26 6 528 690
66 45 12 7 598 736
57 98 6 5 431 628
27 18 22 7 268 534
61 48 10 6 285 500
9 26 12 7 247 485
80 39 21 6 474 714
45 0 12 4 314 461
12 78 5 3 392 618
78 77 22 5 434 642
85 57 18 5 535 768
55 78 25 4 372 436
22 28 10 5 291 498
18 50 12 5 496 723
79 52 14 3 559 658
34 43 6 1 396 511
62 45 10 7 355 628
15 50 9 5 352 567
87 66 29 6 378 519
26 67 6 7 534 777
48 64 30 5 528 706
52 87 21 5 318 575
48 83 13 3 309 505
17 88 22 3 359 498
43 29 16 3 604 670
0 21 12 1 437 709
97 92 20 3 269 415
6 38 18 6 356 656
88 93 12 3 419 701
74 82 21 4 552 651
27 75 27 6 213 504
58 10 13 3 200 419
95 17 10 1 363 451
17 93 30 1 526 755
93 36 18 1 397 475
64 56 22 6 419 612
77 98 20 7 334 450
24 94 10 1 500 604
0 3 28 5 206 360
75 28 22 7 214 492
76 52 26 2 225 336
6 87 24 1 523 625
76 91 5 1 575 700
78 22 10 1 428 683
64 7 6 3 534 732
7 43 9 2 530 787
82 49 30 6 368 459
98 55 19 1 231 443
25 16 6 4 605 697
20 42 29 5 531 763
85 1 17 1 399 691
4 97 28 7 337 490
67 62 9 7 521 659
100 19 5 7 247 335
1 26 7 4 529 697
59 75 13 2 498 648
43 71 11 7 268 484
57 83 13 3 361 485
46 3 17 4 257 427
70 77 12 6 607 786
61 40 10 4 534 675
71 55 20 2 262 520
53 50 16 7 425 720
29 3 28 6 290 542
91 97 29 3 314 577
40 77 7 2 474 634
58 78 15 3 251 414
63 30 10 6 201 472
96 24 22 7 543 657
78 57 30 7 205 486
53 64 5 6 233 390
12 57 21 7 310 435
27 2 22 3 379 631
18 40 17 2 206 327
42 41 12 7 406 528
24 40 26 3 339 579
13 9 5 3 644 727
0 33 20 6 263 479
53 51 19 1 517 744
22 11 25 4 547 725
53 26 20 1 501 707
87 10 30 6 413 531
92 6 25 7 539 737
8 4 12 2 352 643
50 73 10 7 597 758
65 33 19 1 490 718
96 31 27 7 498 561
48 11 21 3 239 478
22 90 25 1 634 778
32 64 7 5 425 624
4 7 25 3 298 525
73 40 25 7 214 347
57 9 16 7 484 688
16 31 18 3 331 527
39 46 23 3 220 444
9 37 10 6 661 732
60 56 6 5 237 307
25 35 23 7 362 602
0 95 13 7 310 433
94 53 14 5 447 531
75 51 24 7 251 487
5 94 18 3 599 713
75 20 13 7 540 739
50 6 24 3 230 437
43 40 19 5 229 492
62 93 8 6 214 486
62 5 15 4 304 511
24 34 13 6 212 303
20 93 16 5 234 500
77 56 23 3 335 624
16 72 14 7 322 479
41 54 29 7 353 502
10 4 17 7 326 605
19 85 27 6 438 615
4 32 20 7 200 421
0 57 10 3 465 624
16 46 30 3 287 578
25 88 28 4 259 490
48 27 9 6 408 490
58 95 18 1 419 608
67 57 6 3 280 419
4 50 9 1 647 725
60 27 8 4 582 647
87 21 25 6 593 663
8 51 5 6 353 631
79 15 25 7 510 593
57 15 29 2 259 472
67 91 17 4 288 385
54 64 29 7 469 755
5 80 19 3 212 433
81 80 6 4 400 605
72 22 23 4 385 637
39 44 15 3 231 442
52 13 21 5 446 581
27 27 23 4 258 425
75 96 16 3 540 697
98 35 18 6 333 488
92 31 6 6 701 775
80 75 22 3 300 542
47 19 6 3 687 775
12 93 28 5 291 369
67 43 28 6 496 679
90 68 20 3 219 418
28 68 30 5 278 458
61 34 9 5 552 667
46 90 27 2 251 524
66 16 25 5 464 736
64 88 13 5 471 614
14 61 26 1 345 472
27 67 22 7 300 546
58 49 5 6 541 737
50 35 8 3 434 514
51 93 28 6 469 567
33 63 22 2 268 342
92 51 17 6 286 385
25 23 26 6 538 686
97 55 27 5 565 751
39 23 29 4 409 515
94 94 16 2 505 608
62 61 20 5 336 431
96 89 22 7 512 618
25 26 5 3 320 617
58 47 28 1 274 501
38 11 24 3 204 289
20 48 5 2 262 387
51 8 24 5 697 763
81 58 28 4 477 580
24 51 16 2 349 539
25 31 12 5 512 592
51 35 30 3 293 360
1 66 30 1 333 440
30 81 16 6 588 648
30 54 23 4 392 474
40 46 26 6 445 506
84 45 30 5 599 700
71 84 11 6 335 414
57 4 29 4 602 712
70 94 26 6 378 642
33 51 14 4 628 720
11 51 24 3 609 746
36 34 21 6 686 776
38 73 30 7 331 617
77 3 12 6 379 585
92 86 26 6 210 460
91 16 29 6 618 710
63 53 20 4 310 504
98 54 30 7 375 634
17 90 8 4 531 719
68 46 15 7 611 690
93 23 23 2 459 659
100 40 29 5 630 794
59 62 21 1 284 470
99 85 11 1 469 593
33 64 30 4 508 723
88 92 13 4 340 425
11 48 9 6 497 757
68 68 11 3 237 446
5 0 7 1 532 734
62 89 26 7 619 717
65 52 6 6 606 721
91 86 11 5 361 612
53 96 30 3 311 572
90 86 20 5 338 619
67 51 19 3 442 559
4 86 9 6 246 421
44 78 28 1 320 577
4 59 15 5 204 490
95 68 12 1 219 318
37 93 20 4 384 462
58 98 16 4 270 346
95 95 22 7 267 426
61 38 18 6 202 298
60 76 8 5 530 763
95 50 21 2 360 499
98 72 5 7 572 798
15 94 17 4 398 694
38 47 19 4 391 604
53 2 12 3 331 514
52 30 25 5 656 759
66 73 23 3 260 530
66 63 25 3 611 688
96 83 13 1 546 672
68 43 9 5 380 566
29 58 17 5 490 739
2 98 14 5 466 698
77 21 6 3 711 791
18 3 23 3 218 503
49 60 7 4 301 448
30 53 30 2 442 547
35 1 25 7 588 793
62 100 20 4 532 757
12 22 19 7 211 474
3 60 21 2 339 537
58 8 8 1 223 321
25 81 14 1 405 475
38 94 13 6 511 737
81 91 22 3 236 354
40 66 5 3 561 671
31 43 14 1 513 724
8 5 18 2 427 694
41 14 21 1 471 557
86 27 22 3 222 414
67 97 20 5 208 364
31 1 18 2 549 739
33 17 25 1 470 758
51 22 12 6 488 585
19 74 7 2 399 524
41 92 11 2 558 762
17 80 23 3 547 713
70 8 8 7 214 449
99 6 25 2 411 500
32 55 19 4 433 613
19 28 28 4 207 407
88 67 12 3 463 667
99 26 11 3 228 315
24 42 23 4 610 727
52 40 13 6 474 718
73 71 8 7 654 749
54 5 15 3 522 653
26 5 14 5 426 712
42 47 27 5 585 727
33 2 8 2 210 509
77 52 16 6 230 455
100 2 24 7 630 781
1 94 6 5 504 653
2 81 15 2 273 410
73 5 30 4 454 539
56 25 10 6 568 631
7 93 18 2 378 516
71 20 10 3 516 724
33 50 14 2 253 348
1 69 5 2 241 402
41 19 22 1 260 380
20 51 8 1 473 562
34 87 25 5 437 697
1 100 29 3 433 583
42 38 10 1 514 613
20 68 27 2 388 578
77 78 21 5 299 484
83 31 20 5 438 727
11 73 11 1 423 687
69 22 22 5 296 388
33 41 16 1 283 364
93 98 13 2 442 612
55 80 17 5 453 727
81 96 12 1 412 669
18 13 22 1 433 652
91 73 8 6 604 693
0 47 9 4 446 578
51 97 16 4 373 446
7 7 9 4 291 420
28 79 12 3 425 699
21 50 15 4 518 578
25 71 15 5 322 530
71 61 20 2 356 653
87 0 23 4 246 495
56 69 28 1 356 627
100 50 15 7 346 521
65 60 20 3 535 713
27 34 17 4 356 479
25 65 19 7 530 739
80 20 28 5 516 727
30 97 26 5 346 609
94 69 8 5 237 467
6 1 21 6 505 607
41 72 30 1 375 495
57 82 28 1 492 776
89 59 28 7 443 718
82 70 20 6 351 618
84 15 22 1 282 386
42 84 21 3 406 508
19 3 9 1 272 365
66 33 15 5 444 683
36 27 27 3 311 517
80 32 12 2 258 367
84 54 27 3 320 578
25 11 28 7 542 651
89 14 23 1 642 772
74 39 22 4 529 653
41 37 21 7 365 555
22 63 26 1 537 736
42 56 8 5 354 642
62 17 19 7 207 297
50 38 15 4 390 515
19 8 14 7 296 579
65 38 15 2 664 794
65 37 28 2 365 552
31 0 24 4 331 548
0 7 10 3 385 471
68 81 10 3 447 550
5 62 22 3 481 682
32 81 24 2 218 445
96 69 26 3 229 341
67 56 28 6 423 602
6 32 26 4 229 299
12 18 28 1 533 711
20 65 12 4 436 655
44 87 28 1 421 639
4 12 12 3 490 632
79 78 13 4 480 625
60 84 15 4 213 450
68 73 28 1 531 651
94 39 16 6 282 392
58 48 18 6 325 428
76 67 9 4 379 454
16 78 18 3 220 345
13 67 8 5 336 397
66 94 14 4 408 551
41 15 14 6 651 713
1 87 12 5 254 519
67 32 25 4 263 494
89 79 10 4 240 460
60 61 13 2 367 508
26 87 21 3 676 736
98 53 6 2 256 421
4 94 10 5 582 669
75 24 23 4 487 596
52 17 5 1 574 655
75 58 26 3 283 542
53 75 17 3 313 469
5 20 12 1 617 705
35 26 9 2 276 365
35 79 23 3 536 744
15 54 22 6 223 503
33 55 28 5 254 420
29 73 10 2 608 709
86 62 21 1 526 661
45 12 24 1 457 664
96 44 13 1 534 617
34 52 5 7 228 384
65 70 28 7 208 334
19 82 15 3 591 795
46 12 19 6 242 524
77 55 11 5 309 405
77 82 8 7 208 494
47 60 26 7 287 470
76 84 22 5 234 317
43 21 26 6 590 768
37 46 20 3 293 561
99 78 5 6 202 265
58 97 24 7 220 509
95 59 10 3 386 471
52 94 23 7 229 309
82 100 24 5 704 772
2 41 5 7 324 429
70 45 11 4 628 704
43 91 9 1 577 733
67 87 22 3 217 338
66 60 8 3 361 529
48 94 8 2 682 747
60 47 5 5 683 745
99 52 7 6 239 515
29 65 19 5 455 527
29 47 12 3 538 758
90 49 17 3 418 485
38 0 20 1 405 551
15 76 28 7 594 750
13 14 12 2 516 746
95 69 9 4 342 525
4 40 22 7 301 405
2 74 8 6 522 743
5 57 18 2 390 538
84 35 22 1 324 501
91 55 29 4 531 719
84 87 14 1 301 522
13 41 20 5 328 481
13 20 23 7 273 517
1 85 18 7 478 715
64 4 5 7 588 799
90 63 11 4 361 653
68 85 25 2 325 477
8 20 14 1 330 428
92 90 21 3 218 508
53 15 15 2 393 601
55 12 17 3 656 777
82 42 26 4 370 667
85 2 21 2 462 631
54 75 18 3 238 380
43 80 23 7 410 584
44 58 12 2 695 759
48 97 30 7 243 367
5 65 16 7 444 589
78 43 14 1 477 590
38 41 8 5 547 652
47 3 24 7 404 574
68 53 17 5 392 635
20 9 6 5 578 761
67 4 28 6 378 670
96 28 9 6 602 796
4 47 25 4 216 510
83 100 20 5 339 593
5 18 15 3 201 363
78 28 21 7 463 595
60 95 25 6 360 460
92 68 29 3 346 638
73 20 27 7 249 341
37 45 15 3 370 607
94 10 10 7 267 400
17 61 12 5 231 301
40 26 29 7 686 788
13 35 22 4 328 544
5 55 23 1 467 625
10 26 18 2 538 771
78 26 22 4 432 609
72 6 15 1 576 736
63 54 28 4 520 590
48 25 12 3 519 675
5 12 6 5 372 560
36 43 26 7 303 544
93 74 14 5 633 709
44 52 13 4 508 648
63 95 30 5 428 549
4 39 26 6 277 355
72 57 28 7 531 593
93 80 28 3 268 361
53 54 23 3 259 479
94 20 10 6 505 627
34 14 14 5 640 772
82 88 16 5 222 383
61 36 21 4 240 387
85 82 10 6 330 531
81 10 9 4 686 783
89 41 15 6 265 539
68 69 27 5 488 675
68 4 29 7 368 532
86 67 6 2 421 656
45 45 5 5 341 520
99 81 29 5 625 735
88 98 24 1 680 768
28 91 29 1 229 468
44 71 24 6 651 721
95 62 22 4 200 474
22 32 29 1 340 456
19 6 11 6 472 556
90 27 24 2 295 524
42 35 28 7 465 638
43 42 27 2 618 756
82 41 18 1 341 601
35 66 19 3 404 574
43 1 16 6 295 572
27 95 26 3 661 778
38 54 29 1 424 603
55 51 24 5 407 524
46 32 7 4 252 472
45 25 25 5 359 475
75 50 21 6 270 398
92 27 10 3 527 651
23 43 6 2 640 773
73 21 18 7 266 519
69 56 27 3 366 508
97 16 10 7 353 488
34 8 14 7 689 787
69 10 27 1 231 323
98 82 8 3 552 793
52 6 12 3 386 483
43 56 19 4 478 591
64 55 5 3 572 748
43 79 30 1 355 623
88 83 15 2 567 733
5 28 12 7 527 599
11 7 22 7 309 461
42 100 13 6 437 731
69 12 9 5 546 751
90 89 29 4 655 784
62 92 7 6 552 657
74 67 11 2 313 570
61 66 27 7 442 503
64 49 14 2 302 582
21 98 16 6 502 648
29 66 6 6 593 685
48 15 28 6 328 507
87 31 16 7 514 774
15 63 13 5 391 633
71 66 21 4 282 468
45 93 20 4 552 779
47 65 25 5 415 579
24 10 18 2 459 699
44 41 15 7 277 552
34 59 14 5 371 656
70 25 7 6 348 600
9 99 15 5 337 516
6 27 30 7 241 347
93 99 29 3 366 614
36 63 8 3 241 322
71 52 24 7 542 645
31 31 16 4 493 630
1 96 21 7 236 479
75 39 22 2 303 409
94 33 29 4 381 675
56 90 28 2 538 780
8 73 20 7 256 513
36 59 13 1 300 458
87 13 5 7 278 454
72 89 25 3 215 508
95 83 23 7 204 402
21 88 22 2 667 739
34 68 7 7 416 502
83 12 13 7 609 733
3 70 16 1 265 365
97 67 26 7 668 750
91 40 5 5 595 722
25 9 19 7 438 524
77 5 20 3 558 764
11 60 9 2 420 530
93 43 24 1 429 651
26 37 12 5 319 383
45 18 25 4 435 608
6 83 30 6 522 592
43 57 18 5 390 495
44 38 28 2 343 413
17 14 17 7 310 532
75 94 14 3 534 772
66 57 6 6 520 763
82 19 11 7 373 533
12 51 28 1 360 560
58 88 21 2 401 580
4 65 24 4 340 541
92 48 29 2 667 755
45 10 15 7 498 631
68 82 21 2 667 753
2 40 9 6 508 651
97 83 22 2 270 384
92 18 8 1 441 615
1 95 8 6 486 676
90 60 29 4 658 756
93 0 28 2 227 409
6 79 26 4 504 631
87 43 16 6 268 515
91 38 27 1 342 603
55 33 22 7 420 660
22 5 20 6 565 638
33 93 11 7 398 578
94 86 6 5 488 577
66 81 29 5 224 357
48 52 26 2 314 534
95 46 17 7 497 733
77 0 6 6 366 489
55 22 30 1 381 603
41 34 5 4 298 469
71 8 15 7 465 739
71 54 7 2 204 336
100 4 27 3 427 530
54 37 22 7 542 758
55 26 16 3 336 435
28 89 6 6 315 375
94 12 13 1 494 557
25 17 18 5 338 446
57 22 7 7 339 519
40 38 9 7 219 335
70 91 20 5 425 526
9 27 5 5 282 542
74 42 26 5 205 384
39 32 27 7 660 776
80 33 20 4 274 422
2 27 16 3 257 457
39 60 8 6 527 710
99 45 29 5 473 670
58 34 8 2 226 465
75 71 28 5 305 603
40 49 22 1 442 604
74 65 28 1 315 561
8 10 24 5 445 707
12 87 23 4 476 570
35 55 11 6 246 431
82 90 29 3 603 760
40 98 20 1 516 683
38 24 23 3 519 579
54 52 28 7 370 534
74 32 10 2 648 726
92 60 9 1 285 403
59 40 14 3 245 520
100 6 17 5 309 607
88 27 20 2 310 542
97 69 22 3 375 524
83 9 18 6 467 707
53 7 27 3 386 521
96 5 8 3 514 590
45 15 19 5 311 597
21 43 24 6 275 486
23 99 11 2 540 690
41 33 19 4 657 745
64 60 10 5 311 494
67 93 29 3 308 501
55 66 6 4 432 636
18 16 22 7 456 639
24 69 20 2 342 556
81 97 6 3 287 448
22 6 5 7 486 590
57 55 13 5 211 464
59 77 27 5 341 416
26 45 22 2 447 633
82 69 13 5 235 311
98 36 16 5 525 759
37 6 28 3 209 482
29 53 27 7 330 501
31 24 22 1 272 538
26 61 16 5 424 532
95 54 18 5 397 462
46 4 15 4 539 670
99 37 13 4 484 664
85 6 11 5 440 717
23 25 20 4 345 587
90 33 6 1 463 523
2 73 25 1 536 637
57 21 27 2 413 579
28 45 10 3 665 745
14 19 22 2 494 748
15 40 27 5 587 784
61 73 28 2 270 529
71 93 19 4 437 606
93 95 22 3 480 708
96 59 13 1 349 425
63 58 10 2 506 757
5 30 24 1 648 783
4 55 17 6 314 602
26 47 25 3 486 553
24 0 21 4 428 603
18 100 22 6 450 531
47 6 23 7 482 624
18 47 22 7 228 347
46 70 21 5 241 302
29 95 17 7 332 553
38 9 10 6 550 636
57 84 18 7 228 348
47 68 7 2 203 353
93 32 26 1 495 701
0 55 20 7 252 480
54 90 7 6 279 421
41 38 23 3 365 431
44 73 22 1 622 779
83 48 18 4 257 500
48 73 11 4 221 385
100 10 9 4 339 405
28 55 17 2 466 682
31 42 9 3 693 793
19 47 8 1 489 784
20 78 28 2 304 539
50 9 27 7 413 650
25 39 12 6 384 603
5 70 5 7 534 677
6 13 29 5 429 523
23 63 9 3 438 598
6 14 7 7 277 415
90 52 27 1 547 613
79 39 6 2 316 575
57 85 25 6 662 784
79 2 18 2 624 733
15 87 19 6 613 787
43 63 14 2 471 552
64 30 20 7 282 362
60 87 20 3 495 647
77 83 20 6 549 743
65 36 8 5 460 759
17 16 27 6 332 628
33 31 9 7 282 528
38 25 7 6 658 718
92 84 9 4 548 724
2 94 13 5 259 546
29 46 12 1 423 495
90 44 26 5 372 608
11 80 20 4 424 588
89 13 27 2 221 481
15 77 29 5 357 520
20 0 10 5 473 558
15 5 23 4 622 776
27 64 15 3 266 407
17 12 27 2 211 421
86 36 19 5 612 791
18 36 12 2 322 472
53 97 15 6 682 750
59 24 6 7 498 686
70 28 30 3 290 391
19 66 13 7 498 594
93 56 7 7 343 529
58 52 24 4 212 502
68 28 13 3 216 434
67 61 21 3 309 599
87 44 18 5 221 336
39 7 27 5 689 761
83 37 11 3 251 511
36 51 28 3 601 769
87 64 5 5 346 557
83 61 28 7 629 729
10 12 9 6 605 684
80 40 25 4 327 585
87 72 15 5 451 595
74 66 30 6 382 564
83 90 26 2 328 580
43 81 22 5 575 688
94 13 25 1 485 643
67 64 14 1 572 634
70 12 9 1 522 793
71 80 9 7 572 646
64 31 23 5 549 669
22 80 8 3 281 525
97 45 30 1 501 775
1 86 10 4 619 735
7 75 18 2 360 483
1 82 13 4 624 689
54 61 12 4 350 615
44 95 9 5 433 652
56 6 7 1 451 698
85 44 12 6 663 789
10 30 24 2 368 512
72 0 9 6 303 442
99 0 12 5 342 610
63 74 18 7 223 346
32 86 9 4 438 514
36 16 29 7 294 567
87 99 12 1 292 528
9 4 16 3 214 311
64 26 19 5 463 747
43 69 16 5 544 606
62 38 29 4 243 418
35 31 23 4 526 795
59 37 13 3 458 665
64 78 5 6 470 591
18 84 15 6 514 729
30 80 19 4 316 488
0 60 5 3 553 738
61 41 28 4 335 424
59 34 28 7 355 495
22 25 7 5 260 436
38 29 28 1 398 575
96 87 16 6 390 599
97 17 9 5 525 743
79 51 14 4 467 547
26 9 19 7 337 446
77 70 16 2 697 776
100 61 22 4 236 527
96 78 27 2 551 780
42 19 27 5 544 624
38 21 15 6 288 532
14 90 23 6 261 353
38 87 29 3 614 722
9 97 13 1 340 410
19 55 11 7 443 621
88 87 23 6 527 687
58 19 11 6 632 743
47 62 12 5 542 615
88 42 12 7 474 574
71 42 13 7 292 356
99 40 23 5 232 402
40 86 26 6 305 513
87 88 23 6 225 394
36 96 9 5 666 733
100 30 15 3 258 401
20 86 13 7 395 503
16 73 14 7 610 697
47 32 30 4 420 655
78 13 7 2 201 284
55 39 7 4 701 798
54 87 7 7 566 770
16 45 29 5 456 516
15 19 8 7 336 477
24 30 21 4 422 509
79 75 25 3 684 771
61 67 26 4 530 754
86 33 8 3 509 690
44 12 21 7 434 575
3 23 17 1 531 774
55 38 17 1 651 724
83 60 9 6 594 708
33 69 21 2 335 592
8 11 23 1 532 799
86 88 13 2 245 388
97 28 25 6 237 415
65 46 24 3 538 644
0 62 14 1 591 786
86 21 11 7 312 394
85 98 15 1 449 547
41 63 12 6 490 675
61 100 14 4 554 624
56 28 9 6 490 603
76 87 25 1 285 472
35 13 17 7 370 573
69 57 6 1 543 782
83 77 20 5 511 595
8 98 14 1 337 621
74 46 19 1 448 580
24 37 5 1 311 371
55 69 16 6 316 551
1 52 25 3 681 782
38 46 14 4 233 501
48 46 18 5 308 520
32 41 15 6 578 651
43 90 18 6 510 617
88 78 29 5 203 491
70 82 17 6 264 444
75 72 14 4 533 786
93 8 22 7 400 566
20 95 26 6 609 685
34 47 11 4 454 744
53 18 27 4 401 538
21 61 13 7 296 594
56 91 20 1 404 556
79 71 9 6 484 582
48 58 15 2 594 686
5 97 18 7 368 654
84 25 13 1 639 727
8 21 18 7 317 514
97 95 27 2 472 637
86 86 19 6 594 734
59 16 27 5 297 534
19 57 11 4 200 409
0 8 10 4 548 649
48 48 5 3 289 366
98 30 15 2 338 399
81 100 5 1 620 770
99 43 11 2 527 742
67 53 21 4 317 411
37 94 29 2 368 571
14 66 12 5 499 750
39 91 15 2 402 490
98 67 23 7 398 633
41 98 18 1 637 714
9 63 6 3 411 546
41 66 7 7 417 659
44 24 27 2 498 775
28 16 25 4 483 665
62 81 8 4 514 740
4 41 27 7 375 575
84 4 22 1 253 497
57 77 10 6 510 721
54 66 25 3 209 436
62 58 27 5 586 659
48 81 13 1 229 364
58 100 8 1 443 604
1 11 9 4 254 454
88 58 28 4 338 504
41 12 30 7 544 613
43 95 19 1 376 530
50 44 18 4 700 777
40 88 23 2 608 702
35 67 10 7 242 493
82 92 15 1 313 498
49 52 24 4 600 718
76 51 25 3 268 490
36 55 20 4 600 678
78 94 28 7 205 346
31 33 9 2 277 502
59 31 6 3 375 449
45 22 16 3 407 468
64 24 8 1 479 697
11 16 15 4 349 598
66 70 13 4 501 790
63 10 18 1 267 493
54 77 27 7 593 757
67 73 16 6 311 492
24 63 21 6 248 532
97 64 28 4 590 674
54 89 8 7 273 498
20 25 10 6 232 432
26 95 17 3 221 321
79 3 27 4 384 596
49 94 27 7 624 775
73 38 8 3 480 691
87 50 17 7 429 672
35 47 19 6 312 410
100 8 28 4 310 460
92 47 12 6 657 728
87 2 26 3 589 703
4 85 20 7 449 634
25 95 13 3 646 779
78 73 15 2 369 640
55 93 20 6 216 486
5 63 20 1 328 586
53 99 16 7 473 741
61 65 27 4 236 487
35 71 8 2 386 488
73 8 10 5 271 514
57 16 12 7 512 619
91 2 5 4 543 680
78 88 24 3 679 750
88 50 10 5 685 796
19 99 16 4 242 464
50 97 13 2 321 523
99 30 21 6 527 705
36 83 18 6 226 465
5 53 17 3 518 750
82 64 21 1 270 397
12 28 27 5 275 508
10 48 23 6 356 456
46 74 12 7 217 355
27 5 14 1 254 506
97 8 26 1 444 684
26 17 9 4 434 585
44 39 15 3 351 642
67 75 9 4 508 652
82 27 10 4 203 447
100 95 19 7 265 454
46 33 14 6 269 440
70 49 17 7 310 403
79 6 23 5 243 517
92 21 21 2 352 621
11 70 12 4 342 635
85 87 25 7 486 604
87 81 14 3 242 337
82 47 22 4 476 738
86 51 29 4 397 522
2 0 27 3 504 746
61 52 22 3 535 633
16 41 12 3 229 351
40 69 14 5 267 412
70 59 12 3 347 605
55 59 21 2 259 490
58 72 8 5 496 721
65 24 20 5 531 675
51 96 29 2 337 615
58 66 7 4 506 587
3 71 13 4 203 491
47 83 27 5 435 689
100 86 5 2 433 699
64 18 7 3 687 758
45 5 11 2 288 353
30 95 28 1 516 708
57 2 7 6 585 699
94 67 6 3 228 306
4 48 9 6 517 699
21 82 7 7 410 492
68 10 5 6 451 646
4 1 14 6 204 380
48 51 29 4 395 555
23 26 19 6 659 771
69 2 13 2 353 632
49 14 28 3 375 526
98 42 18 5 424 580
29 70 14 2 386 496
68 95 14 3 387 643
72 49 16 3 235 460
61 16 14 3 549 721
76 56 19 6 477 729
88 94 11 4 317 404
61 86 20 7 487 580
30 73 28 1 454 737
59 33 17 5 342 641
14 79 27 5 452 600
40 23 28 4 349 639
92 42 18 1 427 626
65 100 6 4 318 431
41 10 14 4 233 294
43 49 8 4 266 462
56 50 23 4 555 693
10 21 15 3 425 491
72 100 24 7 402 504
58 29 25 6 522 586
86 74 5 6 242 418
9 8 15 3 266 547
10 46 28 5 203 372
38 75 7 5 499 560
7 99 15 3 244 310
71 74 8 6 523 762
1 42 13 4 342 537
57 54 15 3 566 695
98 12 11 2 417 540
15 61 13 1 212 324
87 39 6 2 575 733
54 43 26 2 512 605
91 75 30 4 231 300
43 88 18 4 318 403
78 33 28 7 383 450
83 20 30 7 356 429
75 90 19 4 381 679
25 4 6 4 279 464
6 42 12 5 396 478
97 100 12 5 372 539
91 54 22 4 449 670
4 22 17 6 688 774
91 70 15 2 624 764
26 96 26 5 265 335
74 33 16 5 201 492
41 58 29 1 579 728
24 89 17 4 440 537
56 99 30 5 377 504
9 22 20 1 470 564
19 97 22 7 592 678
1 1 14 4 247 327
67 99 17 4 621 778
71 59 17 7 451 623
39 39 12 5 478 672
41 40 20 3 346 427
38 48 11 4 409 640
21 95 12 3 553 624
54 15 15 4 243 388
4 38 5 7 716 788
48 47 12 6 374 441
48 32 28 2 401 541
73 24 19 1 428 703
18 4 30 6 394 461
87 37 30 1 226 353
30 63 22 1 601 695
26 76 26 1 517 738
99 34 27 5 378 662
45 56 9 4 370 610
13 68 23 7 299 447
66 79 15 4 452 533
85 27 8 7 491 739
53 43 10 2 579 798
20 80 14 3 375 459
58 24 6 6 526 601
85 35 21 4 525 624
55 50 12 4 308 499
71 22 28 7 643 795
52 27 27 7 258 455
79 79 8 3 440 670
13 10 16 5 566 797
98 87 7 5 426 685
35 97 20 4 422 687
42 30 6 1 312 473
64 71 26 3 272 510
82 38 24 6 465 525
42 69 23 3 295 478
30 51 15 4 258 530
68 93 22 3 580 771
24 45 16 4 314 522
98 58 12 4 391 486
44 59 11 1 616 751
9 45 14 6 299 390
26 21 10 3 266 419
49 84 24 4 392 577
74 14 25 2 292 392
87 33 23 5 219 490
4 24 28 1 210 402
14 13 16 2 610 706
12 37 23 7 218 455
5 59 5 5 286 505
92 19 12 1 545 706
10 100 30 4 308 456
4 2 16 3 583 670
98 88 12 3 358 624
82 93 9 5 703 769
63 24 16 1 527 764
24 23 7 1 291 465
71 27 8 2 402 557
96 73 20 7 236 491
23 65 15 4 537 626
21 37 12 7 355 536
26 26 21 1 601 796
62 18 9 1 374 607
23 59 10 5 337 453
57 100 24 1 567 776
34 77 26 2 400 540
18 57 29 2 273 556
99 19 27 7 402 484
73 44 11 1 254 518
29 2 7 1 341 492
65 90 28 6 617 738
47 86 23 3 241 328
59 63 14 4 276 510
59 80 5 6 623 756
83 42 6 7 483 764
88 74 29 1 439 727
11 85 7 6 306 527
32 100 10 4 656 736
46 42 8 4 557 658
42 97 15 5 427 588
22 20 28 2 217 400
31 53 16 1 214 275
93 49 13 4 535 726
6 54 23 6 422 513
96 10 24 5 390 610
59 99 7 1 352 470
55 61 17 4 293 530
33 16 27 4 681 762
61 98 8 3 620 707
51 70 8 6 430 604
55 11 20 6 566 651
8 88 20 7 308 535
63 98 9 6 452 649
82 25 20 2 431 532
91 11 10 4 676 780
79 7 27 1 203 343
19 36 13 6 371 571
68 96 14 6 259 387
28 42 13 3 219 312
47 31 9 4 298 392
30 38 12 6 239 409
54 30 22 3 525 666
82 26 20 5 414 648
2 59 10 7 336 561
91 100 8 7 538 799
27 50 25 3 503 593
4 27 15 4 630 773
95 53 26 6 498 664
90 3 6 3 314 415
50 48 29 2 690 778
24 93 22 1 384 595
29 81 14 4 403 649
47 72 27 4 222 467
33 14 5 5 270 396
23 22 29 2 366 527
8 37 18 3 215 387
33 60 25 2 564 630
29 17 7 2 462 661
90 69 10 6 478 583
74 77 13 3 207 409
92 20 10 7 224 339
95 4 30 1 233 482
51 85 17 5 451 638
63 71 8 7 522 629
27 43 20 6 561 781
25 45 9 6 404 580
2 66 11 6 496 612
13 19 15 4 427 501
81 41 8 5 310 505
49 3 13 1 305 583
93 5 30 2 266 468
62 91 8 5 598 756
59 41 5 6 534 732
44 49 13 1 585 706
57 10 22 5 251 359
84 31 30 1 434 511
64 84 28 4 330 615
55 9 27 1 682 799
52 47 7 4 257 539
11 74 10 7 347 613
56 24 19 3 244 535
90 88 7 7 479 636
40 21 23 7 420 709
61 24 29 7 306 460
31 69 21 6 549 774
2 32 25 5 443 622
42 24 27 1 205 454
88 32 28 1 286 401
90 7 29 5 223 338
27 87 29 1 368 630
24 4 30 3 483 724
64 10 10 1 724 796
17 37 10 3 516 758
66 92 15 5 237 511
23 79 21 4 507 645
89 17 29 6 359 539
40 94 25 5 431 517
17 38 7 4 395 688
91 99 8 7 428 607
10 20 9 4 371 547
25 50 30 4 422 676
94 95 28 4 610 677
63 2 19 6 479 544
24 65 30 2 649 798
48 37 25 4 449 705
26 38 5 2 653 800
67 92 18 7 280 346
80 0 19 6 272 335
92 16 18 3 392 594
1 97 18 6 335 425
72 63 20 6 350 569
25 53 30 4 553 772
78 56 12 5 304 586
11 68 8 6 518 624
11 17 24 7 476 564
75 10 30 3 327 491
99 9 14 6 337 597
91 15 14 4 440 616
26 25 19 5 406 506
40 42 22 1 225 291
64 0 10 7 381 681
44 89 17 1 390 604
100 96 12 5 272 419
97 59 11 7 531 698
89 75 29 6 293 545
95 35 17 4 491 701
20 32 21 6 421 572
77 62 5 4 493 655
49 79 16 3 498 713
100 21 6 1 226 502
63 12 25 3 480 542
68 21 15 5 611 703
22 85 10 4 262 454
38 43 11 4 205 446
16 61 6 4 360 623
93 28 14 7 438 679
44 70 22 7 480 669
68 33 12 4 520 661
61 32 19 5 266 445
58 91 23 4 380 665
10 84 23 6 224 308
42 46 11 1 375 488
57 19 6 6 392 607
25 27 16 1 252 524
85 83 16 2 277 350
71 95 12 3 241 401
35 48 20 2 250 507
70 14 24 2 497 720
97 38 30 1 391 535
63 41 9 5 579 766
3 0 8 7 397 551
7 83 18 4 451 680
26 56 12 4 325 386
46 56 8 1 283 426
55 64 28 4 507 592
22 37 13 3 465 603
3 67 11 1 616 794
66 95 26 2 300 484
67 68 10 2 395 506
10 13 26 2 436 696
92 25 17 7 510 789
42 50 21 2 369 521
69 24 5 4 419 613
97 76 8 5 439 601
97 84 14 7 508 623
69 14 25 2 382 620
18 15 6 2 369 500
5 69 18 2 368 600
46 21 23 4 445 513
8 33 5 5 603 762
72 71 5 7 257 379
64 76 20 7 309 520
17 91 26 3 271 550
44 33 13 3 550 664
54 4 10 3 329 445
26 49 30 2 483 679
51 63 12 5 553 629
54 24 11 7 408 541
79 5 28 2 236 469
84 48 16 7 382 462
30 9 13 7 517 756
66 6 14 6 417 697
95 80 8 1 302 494
3 98 13 5 286 420
74 34 12 2 217 299
19 94 14 3 251 378
36 73 21 6 309 551
22 99 27 1 264 471
85 10 11 6 459 697
48 80 27 2 296 550
18 43 17 4 562 681
99 90 10 6 489 747
62 14 8 1 345 617
89 35 21 2 682 759
71 10 30 3 448 517
74 97 18 6 383 480
98 99 8 6 724 784
51 28 17 2 622 692
38 68 8 3 299 521
52 55 16 3 338 625
21 69 25 3 513 605
36 94 9 4 234 401
54 1 27 1 229 504
36 22 19 1 253 447
13 93 19 1 312 377
88 14 18 5 296 363
94 7 17 6 544 702
6 21 21 4 407 468
61 26 17 6 213 368
61 44 8 7 216 324
30 3 10 4 265 538
71 29 12 2 359 464
25 24 20 4 337 489
75 46 17 5 591 760
68 80 5 3 530 782
67 48 9 7 440 734
67 83 8 4 454 596
97 80 8 5 435 594
39 95 17 6 262 349
56 75 15 3 613 795
16 12 6 5 391 503
51 67 15 6 506 786
15 81 20 2 514 638
53 47 7 2 278 536
22 21 20 1 428 509
74 75 15 6 553 762
40 55 20 7 379 493
91 8 28 7 573 781
38 34 11 7 501 631
36 46 10 3 280 482
62 46 12 5 300 475
56 34 16 5 438 681
56 67 25 5 293 416
49 49 24 4 541 794
5 95 18 6 381 531
38 88 6 3 371 560
99 58 6 7 277 399
23 77 18 6 254 394
62 87 19 4 383 514
86 8 17 3 347 623
7 82 9 1 513 642
54 28 28 4 588 759
94 56 9 4 224 401
60 7 16 2 377 544
60 17 29 7 641 788
79 8 6 3 643 753
89 77 8 4 505 588
22 52 7 4 368 430
65 56 21 5 515 699
23 16 14 4 530 727
30 88 15 7 605 798
34 55 13 5 562 688
21 26 19 2 253 352
22 56 28 3 516 778
14 75 21 3 539 693
45 16 9 5 543 667
52 100 25 1 203 329
32 57 8 6 241 305
17 95 6 2 421 486
80 98 6 4 408 649
42 66 10 4 216 394
67 46 27 3 631 692
11 92 28 6 279 513
89 28 25 5 482 619
7 52 18 2 265 376
90 55 24 3 572 675
8 56 30 2 331 552
93 11 14 5 507 615
36 58 9 2 329 510
51 58 21 4 452 738
25 68 26 5 657 777
28 46 29 1 556 777
11 97 19 2 478 715
90 36 23 4 284 539
35 98 8 6 231 332
39 28 29 5 408 630
28 61 14 7 443 707
88 17 18 3 499 760
36 77 7 1 431 604
60 100 26 6 417 544
34 75 28 2 438 557
15 43 9 7 615 725
89 81 17 3 220 314
25 69 12 5 499 746
4 17 26 2 573 776
9 5 24 1 213 308
28 85 12 4 431 704
66 41 8 7 318 448
59 25 29 2 296 430
86 65 18 5 392 551
54 53 5 6 458 525
90 66 19 7 516 587
50 74 13 1 557 688
1 59 17 3 370 656
78 17 7 6 290 531
4 26 14 4 456 666
25 55 10 2 380 661
53 24 12 5 411 685
76 11 19 6 487 724
22 100 5 2 661 740
58 74 8 7 322 521
28 8 14 5 254 541
14 88 14 1 398 467
25 33 28 3 407 565
24 82 19 6 512 620
38 60 20 1 464 671
29 6 7 5 567 670
76 24 17 7 481 548
12 1 22 4 330 461
10 70 21 2 529 701
74 44 18 2 623 781
74 9 16 4 379 610
20 34 13 2 550 655
93 35 9 4 222 412
33 61 10 5 238 492
76 31 25 1 630 756
96 19 11 1 463 720
44 21 27 4 280 412
29 4 10 1 486 547
67 34 16 5 282 378
4 21 21 7 418 522
100 15 25 1 359 419
81 23 16 5 255 374
36 53 27 4 577 681
62 78 23 3 428 564
93 68 20 2 663 727
2 16 14 7 502 643
38 49 17 7 266 480
77 47 10 4 474 677
29 86 12 7 360 564
65 30 7 6 369 437
84 80 7 7 264 357
68 14 26 1 448 679
41 28 16 7 247 505
58 70 26 2 494 770
87 61 20 5 288 538
6 95 26 4 317 456
48 10 26 7 709 798
13 53 22 3 551 656
95 22 29 2 570 674
36 61 11 2 238 396
76 8 9 7 510 679
81 45 17 3 250 510
62 42 21 7 203 392
60 11 13 5 289 524
29 32 21 2 492 719
13 33 13 1 244 470
29 59 10 6 475 667
79 49 23 7 540 769
57 31 21 5 640 738
54 99 28 3 438 506
75 45 12 6 215 373
91 23 6 2 349 492
3 86 28 3 455 661
37 70 13 5 205 308
94 60 25 6 685 790
81 5 19 2 379 483
10 17 5 2 361 547
97 14 22 4 508 670
86 97 29 5 517 632
50 26 14 1 676 771
48 55 17 6 244 439
89 1 21 6 268 566
67 59 18 3 233 483
81 36 7 3 473 574
40 57 11 4 251 480
62 11 7 4 448 587
67 90 28 4 264 405
67 69 12 1 461 589
96 88 29 6 665 784
45 47 19 6 505 661
39 31 10 7 635 778
95 47 21 2 620 762
97 79 25 3 284 423
43 85 9 5 703 767
58 73 26 3 229 431
26 52 20 6 316 527
17 48 24 2 492 609
16 62 15 7 244 323
33 85 11 7 230 307
40 67 22 3 474 738
6 71 14 7 305 488
89 27 16 2 542 714
10 9 8 6 242 541
76 78 8 1 304 396
53 82 5 3 319 475
100 23 15 3 282 538
52 86 14 1 210 470
19 32 8 2 417 712
7 73 24 7 363 490
4 44 6 2 367 552
79 70 22 1 490 758
95 76 11 7 331 576
16 4 16 6 368 576
62 71 20 2 604 694
18 7 26 3 520 765
25 43 19 5 523 795
90 74 26 7 244 324
