1119
90 9 0 0 0 0
17 2 5 5 276 524
80 77 22 4 266 379
16 24 29 4 492 788
90 68 11 7 410 677
66 30 26 5 363 576
38 5 18 7 537 724
9 97 23 7 627 718
63 83 25 1 594 783
92 32 10 1 374 501
69 92 17 4 600 677
33 72 16 1 428 652
41 51 22 4 205 270
86 26 7 7 338 504
69 29 28 4 252 530
62 92 24 7 283 447
67 82 13 5 450 679
35 41 7 7 664 747
62 47 14 7 652 761
22 3 18 5 207 355
46 18 20 7 541 701
91 48 25 1 569 783
71 28 27 3 535 782
48 2 20 2 357 598
29 28 23 4 388 622
21 100 19 3 409 596
11 28 29 1 331 591
49 28 19 1 222 414
80 49 8 1 481 595
40 94 11 2 208 326
28 17 15 5 327 396
69 10 24 3 583 797
1 27 24 2 584 651
72 15 8 5 306 583
7 30 29 7 375 615
60 82 5 5 325 506
63 4 5 7 367 594
78 46 27 1 576 667
28 71 15 1 347 458
96 90 20 1 220 326
96 47 7 7 353 568
95 65 6 5 530 777
100 92 6 7 305 535
34 44 7 1 215 473
51 14 17 4 671 789
5 92 19 3 517 611
32 66 16 7 210 414
86 0 29 5 385 526
38 13 14 7 488 747
65 45 15 5 557 777
22 64 26 6 329 469
14 96 15 6 494 689
94 92 30 5 356 506
48 76 13 5 466 596
6 67 27 2 373 450
14 41 28 4 589 649
59 30 20 3 560 639
27 86 18 1 459 678
43 65 14 2 420 559
49 10 15 4 370 566
19 16 19 2 361 455
67 6 7 4 287 359
9 85 11 5 248 314
66 59 9 1 342 505
28 30 29 7 417 502
37 13 23 6 527 606
21 88 11 3 347 557
72 16 14 7 245 404
25 86 5 4 380 673
45 36 15 7 268 354
7 74 12 7 486 546
18 17 30 3 323 477
71 71 15 5 462 640
75 73 13 2 469 646
25 18 27 1 384 662
63 36 10 4 318 477
71 58 24 3 510 692
74 50 22 4 467 674
0 79 21 4 451 690
72 61 30 4 559 784
47 27 26 1 542 619
30 55 21 5 411 476
54 40 27 3 486 666
80 32 24 4 498 740
35 25 26 3 343 456
78 18 24 3 407 657
66 43 15 6 381 527
32 54 7 6 255 403
60 38 30 6 501 561
73 47 30 4 318 446
37 56 25 4 488 685
43 26 12 7 614 719
0 17 22 4 571 789
68 97 8 4 620 743
35 12 29 3 604 702
17 10 24 1 315 475
16 47 7 3 326 535
65 36 7 3 513 650
96 66 22 3 622 733
23 76 17 2 360 596
77 17 18 1 290 485
78 65 10 5 380 461
95 40 25 3 538 718
4 39 15 1 564 684
25 13 10 6 520 681
71 75 6 1 530 760
68 38 14 4 303 375
11 25 24 6 393 599
99 6 7 5 360 633
29 2 27 4 614 791
38 80 29 3 499 704
99 21 28 5 489 674
87 1 30 7 684 754
29 53 8 7 405 659
67 76 20 6 445 605
73 24 18 7 289 384
64 92 8 1 217 514
95 55 10 4 388 581
4 40 16 1 564 782
37 8 12 1 452 695
88 71 24 4 664 788
99 67 16 1 301 469
86 55 18 2 613 684
99 66 13 6 406 504
88 75 22 7 484 754
84 87 26 7 535 762
1 15 19 5 505 625
82 96 5 5 413 635
38 87 18 3 603 780
11 49 6 2 563 669
68 11 17 5 499 774
42 12 23 7 261 431
8 100 28 2 586 797
34 72 5 1 530 738
48 26 15 7 675 775
26 79 15 5 281 397
21 95 5 4 627 755
30 27 16 7 203 290
95 41 8 5 528 751
85 64 13 2 309 521
42 24 30 2 234 523
90 27 25 2 239 350
10 98 16 3 225 309
72 46 25 1 558 629
44 94 24 5 375 667
40 79 30 3 255 356
97 64 12 2 314 410
37 24 9 7 516 778
54 79 19 7 555 696
40 55 12 3 263 547
74 63 10 3 587 694
14 32 9 5 548 692
92 99 27 4 236 306
75 92 14 4 506 668
18 41 7 5 668 800
55 76 20 7 296 540
7 38 7 7 288 400
39 22 24 4 449 668
48 19 7 6 457 675
18 55 20 1 342 419
38 50 30 7 253 538
54 38 11 3 274 379
39 45 28 3 540 698
35 72 17 5 450 736
47 93 19 7 387 549
80 40 21 1 250 412
73 17 7 7 264 379
17 55 29 5 319 599
89 80 10 6 366 625
56 78 15 1 218 412
77 7 5 7 284 419
50 11 29 2 553 701
19 81 18 6 615 768
77 72 23 7 381 472
27 89 5 5 416 613
52 98 9 3 590 681
51 84 5 6 588 703
21 58 10 7 372 639
35 43 24 4 342 478
78 12 17 6 276 528
64 29 25 2 544 786
45 90 23 3 368 630
0 24 25 7 443 657
62 33 11 3 549 761
75 20 19 5 394 559
59 88 10 2 414 593
100 81 6 5 248 366
14 37 23 3 244 530
98 29 14 1 347 606
60 83 17 4 427 498
77 70 18 5 293 559
17 81 23 2 514 700
60 49 22 4 608 721
62 41 30 7 569 763
70 18 17 3 278 487
12 79 14 7 436 612
96 3 23 3 404 605
51 28 16 5 486 712
27 34 18 4 262 447
21 54 8 3 229 371
1 68 25 2 634 743
81 13 8 6 274 409
24 24 14 6 514 790
86 28 13 1 696 790
40 1 7 4 330 611
45 24 20 3 241 357
20 95 28 5 584 714
63 11 6 1 266 352
39 99 11 2 466 682
56 16 18 4 367 538
2 4 22 3 376 657
82 21 25 3 537 782
19 52 12 5 459 738
38 12 17 6 371 571
85 68 17 6 513 708
28 13 17 6 377 441
63 95 19 2 274 399
6 79 27 5 256 376
16 79 5 3 322 555
48 40 9 4 467 644
53 76 19 1 201 416
89 90 14 5 288 374
5 64 18 5 316 480
65 32 29 3 317 590
80 64 10 1 471 656
3 21 9 5 622 719
84 81 30 6 643 800
39 90 29 6 544 696
47 69 27 3 405 673
32 84 25 4 352 428
33 86 18 7 417 707
91 1 5 6 594 761
69 56 29 6 211 334
35 40 5 7 591 682
69 69 17 1 223 452
4 63 29 4 281 581
28 58 23 3 345 469
46 50 5 1 329 509
0 78 16 7 535 681
34 53 20 6 248 367
17 85 24 3 207 352
98 100 15 6 482 686
29 41 5 2 441 551
46 79 23 3 318 535
43 11 29 2 470 665
68 71 20 2 393 519
70 57 28 5 373 437
17 17 15 7 253 485
4 92 24 3 452 609
6 21 6 5 584 741
53 36 18 6 481 756
59 3 30 5 315 496
67 72 30 6 383 455
27 71 5 2 293 558
81 43 22 4 235 364
44 16 24 7 212 444
33 44 7 2 366 591
56 58 11 4 649 727
60 50 25 3 255 414
62 36 29 3 575 687
70 84 19 7 428 555
30 76 13 2 207 302
1 71 27 2 516 696
18 42 9 3 390 628
1 38 28 3 453 562
74 26 7 6 298 590
20 37 29 1 476 617
20 73 17 1 378 555
48 64 12 5 655 775
1 32 7 2 660 730
18 33 16 1 547 696
43 28 10 7 299 462
17 77 25 1 417 555
49 49 25 1 522 673
44 93 24 2 330 582
62 17 26 6 444 658
2 57 30 5 524 764
11 92 7 1 338 596
50 58 22 6 570 668
96 20 7 1 605 748
11 71 15 5 544 773
75 0 14 4 359 542
3 40 23 7 296 451
85 66 6 6 354 451
72 53 18 6 336 609
47 21 11 2 588 674
21 74 9 5 246 344
19 85 25 6 237 345
62 49 6 3 443 575
95 88 29 6 671 794
8 2 29 6 208 385
27 21 22 5 467 564
94 52 13 1 346 521
80 42 25 4 539 632
22 58 16 7 254 514
30 51 13 5 217 436
89 49 18 2 230 372
59 41 5 4 203 378
0 43 28 2 663 778
11 70 26 7 407 661
44 46 18 4 243 329
86 27 14 2 263 467
0 1 11 6 383 666
24 30 5 4 507 710
29 56 19 3 431 503
96 23 21 2 272 508
71 61 27 3 511 668
74 39 8 3 552 716
83 51 30 3 621 705
46 73 16 7 517 752
32 2 21 6 355 621
7 19 17 4 535 794
74 30 28 6 531 746
23 64 9 5 510 689
5 50 18 1 266 392
35 67 22 5 282 361
82 71 15 4 273 490
87 3 21 6 438 542
28 94 14 5 684 798
28 23 22 4 443 532
26 24 5 3 568 768
100 45 25 1 459 602
84 5 14 6 478 586
5 4 24 6 321 616
85 27 28 5 369 648
20 81 10 3 540 764
58 3 28 3 551 770
83 95 8 5 603 799
95 22 19 6 444 736
86 80 24 5 274 491
63 41 13 2 555 774
47 53 17 2 523 683
36 34 12 4 275 491
14 88 19 1 266 562
77 36 10 2 503 583
49 100 21 2 291 515
78 52 26 5 357 605
65 12 22 6 659 788
77 28 27 1 712 778
70 66 14 4 292 505
81 92 24 2 360 465
58 93 29 2 668 750
31 18 26 2 345 469
15 63 6 5 482 695
7 58 7 5 628 733
48 0 18 2 280 347
84 76 22 2 719 797
37 29 19 3 477 767
36 23 28 2 347 437
88 56 23 7 462 672
89 52 11 4 417 629
18 60 6 3 387 634
73 22 13 4 239 407
29 44 19 6 483 692
58 45 8 7 513 683
43 82 19 2 534 718
1 53 5 6 365 449
38 72 6 3 210 453
38 33 9 1 638 736
75 68 16 6 252 332
80 83 21 6 490 710
68 76 15 4 321 488
39 6 24 3 496 661
87 83 22 2 593 784
81 29 13 1 261 505
80 21 30 4 369 624
20 64 22 6 612 783
59 1 21 6 558 651
99 82 18 5 521 681
66 65 7 2 556 747
36 44 30 5 370 669
94 69 12 3 431 639
73 52 19 6 320 544
35 95 12 6 321 549
78 17 12 7 217 424
75 72 5 5 561 776
29 7 12 2 582 756
63 21 7 6 384 682
67 40 27 6 533 608
50 73 18 3 514 672
52 10 10 6 520 681
73 12 9 3 325 427
98 79 8 2 657 792
80 63 24 7 558 715
53 57 6 1 298 392
38 97 29 6 317 565
3 22 27 5 623 750
91 33 15 7 254 445
56 71 22 4 523 624
75 18 13 1 524 700
79 67 12 5 580 754
35 74 15 5 475 647
3 15 26 7 258 526
47 4 11 5 423 657
37 35 8 4 655 754
89 73 23 2 297 442
50 0 5 7 267 434
79 25 29 6 670 775
71 11 7 5 325 434
74 77 11 5 429 550
4 32 28 5 263 508
96 88 9 7 542 626
83 57 28 7 325 618
95 67 6 3 273 411
5 79 5 7 372 506
64 73 6 1 235 311
47 75 14 3 271 404
20 49 26 5 510 655
36 90 11 3 538 643
32 49 17 7 423 599
50 54 13 3 375 506
81 83 7 6 216 364
79 29 24 1 433 626
10 7 24 3 486 713
88 87 12 3 395 618
13 17 13 6 413 659
31 63 10 3 475 637
64 82 5 4 319 474
95 97 17 4 410 492
34 10 15 7 338 612
26 37 15 2 214 317
35 18 27 6 213 303
41 20 28 2 476 726
33 54 16 1 325 523
20 31 19 2 418 622
72 22 30 1 328 537
12 70 13 7 358 542
16 34 18 4 430 661
60 6 18 6 338 408
5 26 18 1 286 574
26 76 18 2 460 690
21 45 22 3 583 765
47 56 15 7 358 628
65 13 13 7 281 420
67 7 24 2 290 392
61 56 7 3 532 636
58 79 27 1 298 377
52 74 30 3 376 579
41 64 26 1 599 721
63 53 13 3 484 606
31 13 16 2 262 491
26 11 24 1 340 548
90 46 6 6 537 623
61 38 6 2 232 425
77 0 18 2 484 588
95 93 9 4 265 433
18 21 16 6 447 721
70 64 25 6 534 600
77 95 17 2 214 459
5 29 7 5 391 494
36 30 17 6 428 624
54 62 25 6 361 566
92 18 15 2 468 681
24 22 27 4 658 755
85 70 28 4 568 753
74 53 27 5 343 622
96 40 19 1 326 611
42 0 17 2 363 451
20 79 20 6 497 625
94 95 30 3 685 763
13 27 6 2 694 795
82 46 14 6 544 688
6 83 23 4 213 377
88 90 26 7 222 402
85 49 15 2 581 747
78 51 25 5 627 782
54 76 21 2 313 473
28 26 20 3 410 643
67 30 6 5 478 538
46 54 24 4 270 386
23 80 5 5 474 571
68 91 27 1 352 624
51 43 28 7 516 620
74 20 22 2 405 580
74 73 27 2 578 648
58 16 21 5 400 513
28 14 9 7 452 700
94 3 8 3 308 409
62 89 20 1 467 747
76 34 19 6 518 737
76 22 18 4 614 800
11 18 16 1 390 520
96 1 17 2 594 800
39 46 28 5 375 663
17 50 5 4 507 776
10 57 7 4 394 484
9 11 22 4 208 505
78 87 24 3 325 436
46 70 24 7 525 639
31 8 8 7 500 662
25 79 26 3 247 311
57 82 24 1 254 478
14 71 9 2 406 550
78 99 28 2 619 794
41 83 19 3 283 420
55 11 25 5 298 372
39 11 20 1 536 644
59 80 12 4 312 562
86 39 11 2 366 545
44 31 5 5 395 465
84 49 29 1 217 379
84 20 27 3 364 653
17 27 15 1 522 666
24 72 5 5 477 660
46 36 22 1 227 381
45 59 24 7 380 631
28 51 11 1 545 734
70 34 9 7 200 431
62 46 29 4 319 454
42 93 20 4 411 620
87 4 15 1 261 395
70 95 12 1 300 514
80 38 14 1 696 784
46 100 23 5 221 373
100 22 24 1 203 292
17 78 24 3 658 796
21 91 19 5 386 504
72 44 22 5 247 469
1 47 20 4 278 562
2 58 10 3 689 776
39 87 28 2 522 771
61 32 28 6 633 799
97 97 13 1 590 657
19 92 13 1 581 676
73 84 27 6 561 735
76 57 17 5 407 509
87 8 7 7 560 692
70 52 18 2 427 498
20 5 12 2 606 686
66 97 30 6 239 424
28 67 8 2 631 746
42 99 22 7 507 720
73 55 24 1 686 764
2 8 27 1 289 458
29 68 17 5 232 348
67 77 15 4 441 623
29 43 27 7 293 575
22 60 18 5 239 521
58 42 20 7 339 533
13 99 9 6 206 387
31 73 21 6 602 670
76 96 6 6 493 768
63 98 21 3 302 580
76 23 24 7 433 712
4 80 10 7 282 537
2 89 23 1 392 634
64 30 23 3 473 593
82 34 26 1 435 567
74 18 28 5 520 658
83 8 28 4 366 432
82 11 16 1 323 464
1 51 21 5 318 402
12 13 24 4 677 740
55 75 8 2 210 459
27 49 16 3 246 363
88 60 15 4 300 538
99 44 12 4 507 657
4 89 26 6 276 393
7 49 7 4 289 525
75 59 28 3 341 616
12 77 16 1 218 512
37 45 22 5 481 739
38 11 16 6 325 548
50 81 5 6 220 442
26 83 8 6 213 455
97 79 15 6 509 791
23 74 7 6 332 561
77 88 29 2 535 668
19 89 7 5 505 590
53 39 13 1 561 682
31 78 19 2 258 420
1 28 5 5 508 711
7 77 28 3 403 513
66 18 11 1 284 394
30 37 11 1 287 511
38 84 15 7 204 352
21 62 25 1 318 409
78 49 6 5 487 658
36 17 20 1 407 604
9 93 5 7 387 498
98 88 20 2 284 361
68 59 19 6 275 379
7 21 29 2 218 302
95 42 27 3 621 750
47 100 13 6 254 416
16 65 20 4 264 367
46 20 22 6 234 457
69 96 24 6 396 618
47 97 9 5 378 519
38 44 20 1 463 569
39 29 9 5 330 411
99 4 30 3 481 590
63 72 20 6 303 564
29 15 5 2 529 726
48 94 5 7 623 769
92 21 20 1 555 619
35 10 7 5 368 503
49 59 18 2 359 643
34 95 28 3 623 754
92 31 16 2 355 539
55 34 15 4 395 607
78 93 24 4 478 562
9 38 29 2 646 793
55 28 24 4 308 483
30 67 25 4 297 420
57 83 28 3 282 390
29 13 26 2 211 300
66 9 23 5 346 455
100 10 10 6 621 764
33 52 12 6 308 440
44 35 28 7 268 347
47 79 14 6 611 686
57 68 24 5 236 470
27 83 9 3 551 669
1 56 25 4 349 424
29 9 14 5 387 529
49 66 27 2 302 555
20 78 5 5 236 525
8 73 27 5 413 706
85 17 26 4 481 564
61 98 10 3 593 729
51 74 22 7 485 733
35 6 21 1 428 705
35 93 20 3 212 434
80 34 27 3 469 590
65 69 18 1 574 677
36 98 20 3 606 753
89 47 22 1 340 475
39 74 24 3 231 310
20 76 22 4 399 475
37 17 14 4 269 455
78 54 9 7 416 492
6 12 24 6 381 548
95 39 5 4 593 666
58 56 17 3 499 653
29 30 21 3 505 615
51 34 17 7 244 353
56 81 6 2 425 543
87 90 24 4 219 489
96 57 16 3 344 427
34 19 30 2 219 355
93 48 21 6 416 600
43 90 5 6 460 651
78 53 15 7 323 511
8 52 24 6 362 500
36 83 16 1 244 434
92 98 15 4 437 585
42 88 16 5 301 387
91 10 6 5 614 697
85 95 11 6 217 420
56 25 30 6 600 702
27 9 7 1 491 663
67 81 18 1 354 601
83 90 9 3 623 760
92 67 21 6 444 690
81 71 10 4 210 475
38 79 9 6 624 740
99 35 14 1 518 592
81 69 17 1 279 538
72 0 15 4 560 672
87 2 22 5 388 524
21 2 7 6 411 635
92 38 22 5 553 742
48 13 28 2 560 727
17 98 30 3 292 393
3 41 12 3 394 464
42 22 29 4 475 732
58 23 19 2 246 369
87 30 18 2 298 579
42 98 25 4 218 433
77 93 25 5 601 676
15 77 5 3 597 762
81 54 10 5 493 636
40 3 21 3 614 721
18 12 24 2 291 422
82 38 24 6 321 507
31 61 16 1 289 545
49 0 11 5 390 611
73 25 26 1 460 602
71 45 29 5 558 619
10 13 18 6 397 552
98 77 19 2 492 763
89 54 11 7 599 747
53 11 12 3 625 768
50 60 24 5 514 636
59 96 8 4 685 765
90 23 14 3 243 538
41 37 30 6 437 563
3 4 27 3 447 713
78 0 30 3 466 580
33 37 23 5 392 609
16 57 18 4 261 489
12 21 24 2 380 655
87 13 9 2 647 711
22 31 17 5 552 793
28 93 20 2 290 479
6 19 15 3 279 438
82 60 7 1 491 790
66 51 22 5 495 584
42 65 22 5 450 733
28 41 26 2 562 664
74 88 8 5 513 794
33 9 12 6 395 522
23 19 23 7 377 527
2 43 28 3 202 489
41 40 13 7 348 413
98 58 12 7 360 528
84 18 25 1 541 742
14 23 11 6 241 338
65 18 19 6 523 606
71 38 21 3 463 755
88 46 27 1 595 691
97 78 21 5 544 607
34 51 17 3 418 715
26 72 9 4 304 507
21 8 8 3 266 379
55 48 15 7 445 524
46 43 12 2 244 495
80 12 14 5 471 724
84 55 5 3 363 561
28 98 22 3 447 554
67 95 12 7 249 425
27 93 25 4 295 481
51 93 6 7 413 509
77 11 15 1 644 734
53 48 11 6 355 540
23 75 30 2 425 588
59 28 12 2 394 491
2 5 16 1 529 596
21 86 26 6 470 615
67 99 6 1 289 555
37 27 18 2 274 357
91 22 17 5 625 776
81 76 16 7 303 600
76 55 22 7 537 633
16 95 12 1 616 755
25 34 20 6 393 652
52 54 20 7 536 683
93 74 15 6 452 703
12 23 22 7 389 622
57 87 24 3 403 556
29 33 12 7 664 762
56 28 22 1 375 580
77 57 25 5 248 401
24 11 12 4 328 591
21 20 17 6 519 615
48 90 30 1 356 561
68 30 29 3 443 623
91 11 6 1 226 322
72 99 29 3 288 494
75 90 24 4 257 479
7 40 24 7 623 753
59 50 29 2 482 689
82 77 9 2 445 695
44 40 28 4 679 794
1 94 28 3 335 613
27 15 22 6 583 735
65 40 6 6 253 511
11 52 30 3 432 644
99 16 22 2 262 530
5 21 30 5 604 750
43 77 6 1 615 710
26 47 9 7 231 379
1 31 10 6 226 511
65 67 27 1 587 782
60 13 7 5 277 450
0 36 17 6 278 437
98 84 14 6 349 631
86 34 16 4 288 401
9 92 15 1 677 753
7 25 30 7 417 663
57 34 6 6 318 463
66 41 16 7 332 521
60 36 6 5 206 320
25 100 27 1 558 655
59 64 29 5 261 381
30 73 30 1 296 482
66 3 8 3 476 757
90 93 22 1 224 417
9 24 19 2 206 506
10 42 6 2 426 655
21 28 11 7 486 713
65 94 9 5 689 772
18 18 15 5 429 709
70 38 26 1 343 504
61 8 17 6 406 689
1 63 21 7 500 789
16 52 11 7 636 764
58 28 29 1 487 647
13 51 25 3 626 742
90 10 20 7 682 793
5 38 30 7 568 752
92 88 22 5 440 728
83 23 10 2 568 756
8 89 22 4 506 755
27 38 7 4 411 648
9 77 18 1 328 423
16 43 17 7 344 548
6 73 27 3 389 486
14 12 15 6 203 499
97 76 21 4 602 749
76 27 13 4 383 486
18 62 28 2 329 580
46 16 25 1 437 734
63 40 25 3 644 713
20 0 7 2 587 787
37 79 17 6 625 729
83 11 7 4 512 625
21 41 16 5 299 419
99 46 25 7 618 747
12 26 7 7 223 317
67 37 26 2 205 269
55 83 22 1 254 324
41 14 16 1 505 621
4 94 25 2 335 454
83 97 16 7 510 627
24 86 20 3 305 424
2 83 12 2 638 785
56 51 12 3 570 720
97 68 29 5 365 436
24 84 28 7 290 568
60 41 19 4 543 632
15 16 14 6 439 683
77 25 12 2 261 381
98 93 10 1 277 469
57 66 14 3 349 474
28 8 10 6 538 692
74 71 11 6 417 565
64 22 11 6 209 485
41 54 19 4 724 797
30 82 6 1 455 742
8 90 11 2 309 502
14 63 26 7 459 577
38 70 22 6 448 726
72 58 15 7 374 596
32 11 21 4 570 704
57 78 25 5 410 603
31 7 16 6 226 353
77 18 28 2 360 507
63 74 28 2 573 796
55 59 10 3 591 734
76 60 14 3 584 727
15 60 30 6 269 438
13 0 22 7 445 610
49 23 12 1 481 586
4 5 19 3 443 515
12 4 11 6 540 625
19 3 25 3 356 446
39 67 25 6 710 770
68 84 27 4 310 539
67 71 14 1 322 406
87 48 17 5 295 475
0 67 16 3 340 577
85 62 20 5 297 521
9 88 13 3 393 587
29 17 24 1 555 734
25 64 30 3 544 710
69 63 12 7 228 377
1 80 11 5 484 615
8 42 26 6 269 442
8 25 19 3 428 532
14 87 23 7 346 641
39 51 19 5 589 765
80 35 24 4 359 618
83 42 13 1 475 574
77 64 18 4 384 664
6 55 16 6 346 492
63 63 18 7 250 461
78 25 14 5 621 710
73 75 22 4 536 796
31 6 24 5 500 722
61 54 8 7 356 589
58 5 19 2 453 568
41 16 26 7 371 590
24 74 14 7 275 468
33 83 11 2 446 604
22 63 27 5 233 468
64 75 28 7 282 493
22 30 20 2 412 585
33 2 22 5 610 695
4 85 24 2 547 688
40 38 13 3 387 597
67 100 30 1 703 768
59 43 8 3 401 505
93 3 9 1 376 493
24 26 12 6 208 386
100 5 23 2 415 655
14 64 25 6 383 485
4 61 6 6 200 451
30 81 13 4 647 732
79 5 15 4 293 405
53 46 20 1 214 416
80 26 10 5 314 609
83 83 15 5 525 758
69 79 25 3 414 648
55 64 13 7 527 763
11 60 25 2 357 490
77 54 19 6 408 542
59 22 16 1 410 492
30 97 16 1 241 472
34 89 10 6 441 710
16 89 28 6 424 669
1 34 7 7 554 782
94 45 24 4 420 587
53 31 16 7 301 467
89 82 13 6 203 325
54 17 21 5 251 444
68 3 7 4 224 393
20 18 10 4 507 686
15 54 12 5 534 620
8 17 22 7 251 497
20 91 27 6 271 367
35 16 30 1 479 722
32 56 30 3 236 318
87 19 6 2 492 684
40 65 25 1 394 619
92 85 10 3 377 631
76 88 22 5 588 741
50 6 24 6 505 791
93 93 30 2 262 534
40 76 26 2 212 435
4 4 8 3 256 405
36 0 14 7 345 482
95 81 23 2 497 665
35 70 29 4 533 736
14 0 16 1 334 611
8 3 29 4 343 584
31 99 8 1 664 799
57 64 27 2 661 795
93 40 11 2 203 277
60 2 10 4 315 583
20 56 5 2 223 486
81 56 15 1 241 485
3 75 17 2 252 502
36 3 17 1 684 794
76 100 23 6 317 610
43 16 30 4 436 661
36 76 23 1 513 692
72 72 19 6 208 347
44 61 11 7 534 597
60 61 27 5 291 565
44 22 25 3 596 692
94 91 12 2 308 401
94 13 16 1 391 566
55 60 8 5 418 541
52 68 23 5 603 663
87 79 11 6 295 403
68 79 7 2 449 580
56 37 24 6 406 535
49 35 21 3 449 641
61 66 22 7 214 320
2 76 23 1 289 411
11 83 17 6 528 728
24 78 11 1 598 733
30 46 6 2 613 705
67 5 14 4 201 295
3 38 16 1 292 512
6 45 6 3 592 737
60 54 10 5 510 797
92 57 26 5 439 612
47 18 6 7 326 387
12 14 11 2 535 771
12 46 11 5 468 683
69 70 9 5 688 771
94 84 22 4 397 686
95 47 8 1 235 497
9 47 29 2 652 758
24 36 21 3 576 711
34 40 26 1 254 325
28 11 10 2 461 548
14 20 17 4 322 606
64 3 8 5 595 672
91 92 21 3 339 601
71 32 29 3 631 733
44 8 29 6 495 613
73 53 22 3 221 447
6 22 5 7 467 714
13 20 5 2 528 626
74 72 11 5 338 499
22 89 13 5 501 599
89 40 19 4 380 602
40 35 25 2 463 734
49 51 22 3 252 398
45 69 26 4 475 614
66 56 15 5 530 738
89 100 19 6 611 709
64 79 15 4 663 800
99 98 24 3 265 436
39 2 28 1 664 775
52 82 25 4 514 652
94 55 30 1 449 566
18 46 18 6 216 456
28 29 28 4 245 438
30 11 21 6 586 798
72 35 11 5 266 528
75 99 19 4 491 791
53 75 29 1 612 749
4 50 8 7 591 768
46 96 7 3 325 563
85 43 28 2 562 659
82 41 17 6 386 633
99 17 18 6 258 542
89 43 30 3 585 706
25 9 21 3 297 593
58 88 25 2 343 414
50 90 18 4 244 405
55 47 30 4 339 563
7 65 10 7 455 617
58 63 9 3 346 407
95 61 17 2 234 522
69 86 10 2 553 789
16 3 25 7 224 319
14 27 11 7 482 667
90 57 12 2 500 773
19 72 15 6 412 551
43 13 22 2 636 772
70 39 19 4 526 663
70 70 18 1 694 799
41 4 18 5 678 778
70 1 15 7 207 337
56 10 30 5 282 427
83 38 26 3 229 310
21 22 6 5 469 727
55 33 25 6 307 524
95 34 7 3 625 787
32 87 12 6 259 339
30 9 20 3 275 407
72 19 21 4 710 776
79 34 7 5 387 684
15 36 13 1 648 796
28 47 19 5 321 437
84 28 9 4 607 701
73 74 30 1 571 772
10 10 20 4 226 506
76 33 9 2 313 559
7 15 26 6 300 552
8 88 19 5 485 636
56 41 20 2 465 683
99 26 10 5 306 374
33 90 16 3 368 667
97 26 14 4 517 617
76 93 12 1 368 632
12 97 7 3 658 783
9 60 24 4 224 325
10 27 5 1 577 673
47 40 30 7 395 508
80 99 7 5 253 361
63 38 15 4 560 633
69 8 9 2 567 681
9 96 18 5 410 581
34 90 23 4 584 695
83 49 14 6 362 477
15 58 5 5 204 393
4 74 29 3 271 408
91 61 29 7 579 686
65 91 23 1 236 489
44 78 5 6 224 317
8 99 14 6 399 481
6 77 28 5 641 711
53 32 11 3 582 668
88 73 6 3 276 347
8 66 11 3 571 670
68 16 25 6 232 345
51 8 16 2 490 554
14 19 12 3 592 728
22 98 9 3 544 697
67 8 29 3 444 699
41 81 23 6 603 701
34 11 16 5 459 695
93 89 9 7 345 543
22 2 5 1 524 690
79 50 9 7 597 757
20 10 9 5 648 769
83 50 19 2 419 506
28 81 11 1 378 571
78 59 11 1 324 619
8 7 12 5 388 685
88 81 24 4 467 635
69 34 9 7 238 318
25 94 14 3 628 745
12 29 23 4 525 731
25 98 18 7 679 763
61 79 5 1 688 776
0 14 14 6 408 659
13 26 9 2 383 473
86 45 25 3 505 755
41 1 14 1 527 589
97 14 25 1 599 741
3 19 25 5 694 787
41 65 29 4 431 496
33 96 11 5 565 719
97 57 10 7 618 682
94 65 11 6 504 666
0 15 14 6 430 681
32 93 24 1 283 369
70 46 7 3 505 740
6 32 12 1 400 593
81 42 8 6 328 528
13 74 17 1 374 440
60 10 29 6 374 629
81 51 24 4 506 728
77 19 12 7 275 501
11 43 27 1 414 555
43 41 22 5 389 479
97 54 21 4 513 657
28 25 30 3 407 626
41 31 23 7 228 393
56 79 24 5 243 464
88 24 25 2 297 548
21 0 30 5 598 719
24 88 6 7 343 530
43 43 28 4 463 732
30 39 13 6 289 514
57 9 23 6 479 607
96 45 8 3 219 433
76 50 14 7 428 571
25 62 25 6 416 514
70 3 17 2 435 720
47 25 24 1 696 782
