694
78 5 0 0 0 0
53 86 6 3 349 417
12 73 8 7 233 343
33 22 5 5 206 446
8 52 14 4 368 459
38 7 27 3 349 583
32 52 7 6 346 571
87 16 6 7 250 457
83 54 11 7 413 527
10 12 17 1 340 628
25 0 7 7 569 744
42 97 10 2 341 607
38 13 26 7 320 527
1 34 12 4 211 436
67 9 28 1 522 751
9 72 12 7 390 525
55 76 6 2 408 679
6 40 25 2 200 269
46 70 22 6 576 768
14 22 5 1 564 745
12 54 29 3 302 392
27 93 17 3 227 417
15 81 10 5 233 368
80 62 30 3 472 658
51 86 27 6 516 701
68 39 28 6 374 498
65 14 5 4 204 330
20 38 28 2 280 556
61 56 29 2 252 385
17 24 28 7 419 701
63 21 7 1 486 581
39 62 18 4 406 579
8 71 11 5 666 778
63 24 12 4 477 728
49 68 8 1 390 684
79 71 9 6 299 465
92 73 22 6 304 537
86 86 12 7 435 647
42 95 9 6 303 570
84 64 25 6 558 733
21 62 20 7 490 685
76 64 7 5 629 700
17 11 20 6 283 576
61 82 29 2 634 713
59 39 10 3 492 752
11 40 29 5 513 637
8 12 30 7 707 800
71 2 18 3 240 472
54 77 26 1 539 733
41 49 28 7 409 709
40 32 8 6 532 634
98 2 12 1 358 475
61 90 17 5 273 432
0 64 25 3 285 389
38 18 17 7 394 558
97 15 21 3 684 791
84 16 28 5 351 588
60 6 15 2 262 373
71 77 7 7 382 461
67 97 15 2 267 409
89 80 29 1 328 391
20 2 7 1 310 582
83 48 24 6 201 335
90 84 14 6 666 743
69 31 27 3 295 431
51 4 26 2 499 632
3 20 27 4 657 736
84 17 11 5 680 761
54 45 8 2 266 535
93 88 18 7 385 620
45 59 10 2 630 764
40 93 23 4 468 653
10 50 15 1 210 366
79 65 28 1 501 741
75 10 25 1 668 737
4 45 8 6 252 496
91 30 27 7 271 431
86 33 13 2 421 643
98 73 28 3 457 728
11 21 24 1 676 773
76 95 20 3 383 622
11 64 23 7 533 604
56 24 27 6 310 507
28 90 5 5 400 500
44 73 11 4 525 681
82 56 29 6 284 482
22 92 28 4 415 641
56 93 6 7 470 618
57 70 9 6 259 395
48 19 17 3 427 528
52 18 29 5 218 395
81 86 18 1 392 626
13 43 5 4 458 752
10 28 22 6 582 756
67 57 22 3 354 468
86 0 27 7 536 598
3 57 20 6 709 782
78 31 27 5 228 328
72 87 5 2 582 658
89 17 5 7 528 664
9 2 8 4 286 385
50 37 8 4 395 611
27 35 14 3 454 722
52 33 8 7 626 692
94 3 13 6 226 392
58 31 29 2 397 467
1 41 27 4 654 717
51 28 7 1 364 537
82 26 24 6 377 526
56 88 29 6 473 675
99 41 29 5 632 789
78 34 27 1 409 501
66 80 26 1 476 611
13 7 13 3 222 342
47 72 22 1 250 381
57 66 22 2 240 324
16 99 18 3 732 794
86 96 8 6 333 519
79 67 26 6 499 683
9 77 6 7 337 573
33 66 6 2 357 530
15 84 19 3 661 785
49 37 17 1 324 576
23 55 18 1 311 484
16 34 23 3 351 488
31 46 21 3 360 631
88 39 8 3 336 422
19 28 10 6 454 615
46 59 19 4 257 478
48 16 5 2 549 700
100 17 8 5 242 379
44 68 19 5 461 752
30 74 19 7 378 635
52 13 11 3 555 676
81 69 25 5 336 572
16 70 7 1 299 509
14 9 21 6 280 565
38 98 10 5 567 781
82 20 17 1 530 688
7 26 20 3 342 574
51 17 21 3 200 267
24 100 18 4 535 662
61 21 27 6 330 630
47 23 10 1 573 665
0 55 16 2 220 496
35 8 29 1 423 497
21 97 28 3 272 349
27 56 21 3 270 401
33 14 30 5 576 738
85 18 24 5 363 469
87 84 16 7 654 773
53 51 30 5 214 408
10 65 30 6 669 796
69 91 20 3 233 531
2 47 21 6 584 700
9 62 22 5 580 671
47 54 25 1 213 351
95 42 19 1 299 568
69 19 9 2 343 574
53 42 18 4 476 596
83 20 11 3 466 639
10 40 17 1 349 645
81 18 17 1 596 733
96 4 13 3 546 678
100 90 15 5 285 355
12 26 28 3 251 320
29 36 24 6 393 617
4 30 14 5 498 662
25 40 10 3 603 671
47 93 27 3 287 452
98 25 15 3 392 661
34 67 25 4 602 672
76 92 29 7 271 343
33 59 5 1 386 483
15 10 12 4 215 313
59 8 17 1 505 730
100 88 7 3 565 716
98 43 9 2 256 472
9 47 7 5 430 730
45 58 26 2 444 649
26 56 30 1 256 448
3 43 8 4 261 419
97 7 18 7 336 497
53 11 7 4 686 790
40 18 18 5 465 747
3 80 14 5 292 403
23 13 12 3 464 688
56 75 10 7 342 621
37 98 19 4 712 783
8 82 8 1 263 390
90 59 9 4 666 726
11 15 27 7 456 549
89 96 18 6 275 492
89 8 9 6 339 556
59 63 13 2 208 329
99 34 18 1 582 658
38 1 19 3 351 433
15 90 29 1 464 590
15 30 29 6 319 556
87 39 23 6 338 564
47 100 29 4 241 396
52 95 23 3 532 616
75 95 29 1 222 475
55 59 14 3 423 613
6 84 30 5 331 526
82 76 24 1 522 786
12 38 13 2 682 746
92 48 17 2 541 647
44 35 21 4 728 788
41 18 12 6 503 565
72 69 5 5 518 587
49 34 16 1 243 452
70 39 29 2 378 519
82 51 7 4 285 410
100 35 12 6 363 426
19 12 11 6 608 735
43 61 28 1 421 528
26 15 28 2 294 474
69 93 26 4 204 471
71 68 23 2 281 374
60 37 5 6 280 558
100 36 18 1 607 795
6 44 23 6 378 587
96 36 10 3 546 691
37 20 15 5 348 546
33 48 14 7 289 495
70 10 9 7 297 585
44 10 29 7 313 568
72 9 26 1 466 659
15 0 9 7 213 416
39 48 9 1 333 450
37 13 7 5 254 439
79 78 18 4 352 416
38 59 19 1 491 778
68 37 16 3 371 617
73 95 26 4 277 498
32 76 23 2 301 498
94 60 15 4 584 769
1 61 22 5 343 593
0 49 26 5 480 628
66 20 27 4 290 571
22 23 19 7 519 579
77 45 12 6 252 333
46 82 9 2 305 495
45 19 9 3 480 575
36 55 21 7 361 586
16 22 16 6 258 359
75 55 27 6 230 315
34 51 29 3 531 712
44 61 9 6 491 759
27 71 22 3 211 406
88 69 19 7 514 708
99 36 10 1 428 502
59 27 6 7 249 483
95 61 8 6 207 343
87 46 26 4 370 660
82 67 6 1 572 754
21 48 26 1 647 708
20 32 28 2 418 564
56 2 14 6 376 474
65 29 21 5 311 576
14 93 29 5 552 746
68 95 27 2 293 362
97 79 9 1 576 764
61 79 23 1 523 699
55 61 16 6 449 732
44 0 5 3 314 586
93 90 21 3 274 374
24 54 21 2 388 481
19 25 23 4 203 367
18 15 28 3 307 580
17 61 11 1 562 663
51 19 28 4 282 446
10 29 21 6 447 593
6 98 19 6 372 667
68 42 7 1 545 626
1 87 24 7 302 542
0 31 23 1 234 493
46 89 26 3 385 601
59 19 25 6 511 632
55 57 26 2 597 718
37 8 8 3 428 519
97 1 13 1 653 777
63 87 12 1 593 799
78 60 24 7 596 706
55 84 23 2 308 556
63 45 29 7 340 550
66 23 10 4 624 698
6 46 12 4 621 795
79 95 11 5 391 590
65 92 29 1 483 615
67 78 27 5 290 458
45 16 15 3 500 564
40 5 26 4 318 447
22 98 27 3 427 556
92 16 7 5 293 559
38 34 14 5 529 791
44 52 30 7 431 707
5 28 11 4 528 594
64 41 24 3 386 590
22 52 26 4 364 534
98 84 12 4 273 451
56 41 11 5 539 716
9 44 26 3 649 751
95 68 23 6 510 570
91 75 14 6 559 795
9 73 27 7 496 621
6 72 8 5 574 695
48 27 20 7 626 749
80 68 27 4 426 623
38 21 28 6 412 682
58 22 30 2 217 302
59 70 17 5 504 626
82 92 16 2 249 368
23 96 24 1 426 664
10 17 15 7 281 473
24 64 27 2 306 443
66 87 25 5 530 797
85 17 11 1 695 784
6 56 26 5 460 542
17 4 15 2 257 551
51 67 20 5 497 652
53 63 11 7 305 510
59 95 27 3 446 738
24 77 11 5 355 640
40 15 30 4 405 552
28 15 26 2 450 683
79 88 11 5 498 615
32 10 21 5 254 425
50 0 28 6 649 791
71 42 18 3 591 688
37 1 17 5 306 391
81 14 19 4 364 477
37 89 16 5 278 477
90 46 23 3 283 483
23 74 18 2 526 694
16 24 24 1 200 430
20 91 28 3 338 571
47 6 14 2 517 621
1 95 13 2 344 578
15 72 29 6 326 458
36 18 12 6 227 456
91 59 15 5 509 585
35 30 11 7 539 647
13 22 29 5 346 556
17 67 8 7 586 690
76 16 28 1 550 681
77 75 28 1 445 662
59 96 28 4 247 323
90 15 11 6 236 346
79 31 10 5 269 418
19 75 7 1 434 705
73 89 29 3 419 607
74 29 17 4 418 645
9 22 14 1 318 411
82 25 18 2 234 321
96 24 27 7 626 695
67 8 27 3 373 564
67 11 25 1 505 719
75 92 12 3 278 528
23 28 22 7 615 784
92 21 21 2 341 436
66 47 28 2 421 613
61 57 26 4 377 677
80 54 8 7 452 657
73 39 5 2 484 733
63 82 10 4 234 397
36 29 20 3 324 602
5 54 19 5 598 723
63 39 8 5 397 593
74 66 23 6 321 512
27 6 8 2 215 388
6 79 6 2 238 332
47 98 26 2 229 404
65 90 29 2 510 752
93 14 16 6 485 747
87 64 25 6 602 778
57 71 8 4 346 625
98 22 27 5 452 720
8 51 7 4 204 480
20 53 25 2 500 618
3 38 12 4 352 490
25 12 26 4 666 759
78 79 6 5 668 767
79 96 15 5 299 367
34 9 17 5 219 501
63 58 7 6 555 646
43 43 16 6 265 369
65 28 30 1 555 657
4 39 23 7 360 615
13 6 16 5 419 671
3 81 23 1 707 789
61 83 26 3 314 380
38 94 30 1 320 445
54 22 18 4 220 307
67 98 10 6 560 675
35 68 30 6 483 667
7 47 23 1 361 614
38 79 17 3 406 516
61 25 23 6 626 703
46 58 23 2 236 460
73 29 11 6 299 373
68 26 8 7 461 524
30 45 15 7 251 370
12 17 21 7 474 706
49 66 26 6 389 462
37 39 8 3 322 489
77 29 5 6 645 729
16 59 26 6 365 495
68 60 30 6 440 698
37 30 8 3 510 747
96 72 19 6 313 497
22 67 19 2 533 662
88 9 26 5 302 469
38 20 20 6 561 650
77 23 18 6 562 759
3 65 18 2 380 648
61 16 15 1 695 756
30 13 6 3 261 457
50 7 26 7 289 485
38 93 19 5 454 640
86 30 21 2 317 508
89 38 8 4 209 508
26 23 8 3 433 722
84 26 12 1 442 646
38 65 13 6 669 750
9 11 8 2 262 362
100 30 26 1 387 460
22 89 16 4 531 799
39 71 20 2 256 371
53 78 23 2 345 421
17 34 22 5 490 744
31 86 26 6 515 680
19 1 7 1 335 506
88 7 26 1 314 476
56 77 8 6 478 642
1 69 15 4 544 764
6 52 12 3 596 715
95 84 11 1 234 398
47 71 16 6 512 773
28 62 24 6 228 430
80 77 23 5 410 677
34 92 6 7 575 793
89 70 29 1 539 614
98 67 30 6 213 467
23 85 28 1 230 504
87 91 11 6 383 602
68 33 17 1 390 483
99 8 30 3 463 607
50 50 27 3 487 606
35 26 22 4 490 663
17 26 19 7 599 708
67 7 13 1 361 460
93 60 11 4 440 664
86 45 24 7 580 720
8 70 27 6 307 595
60 96 14 5 441 526
36 77 7 5 388 503
48 10 10 4 574 708
94 54 30 4 645 721
94 13 29 4 487 578
97 75 15 3 382 564
59 20 22 7 521 711
18 46 19 6 530 737
21 34 12 2 455 560
36 40 26 7 537 629
31 36 26 4 567 714
41 39 25 2 230 363
53 1 21 2 574 683
17 65 15 5 563 728
2 41 21 5 212 447
25 62 18 6 499 748
66 24 14 2 298 466
28 77 26 2 311 421
90 61 20 6 373 651
80 64 14 7 447 697
56 40 7 2 446 542
0 26 7 3 616 683
67 44 25 4 457 747
93 15 12 3 333 518
7 42 21 2 228 353
91 53 16 6 320 433
80 82 26 1 368 502
99 84 23 5 458 657
88 44 27 6 436 517
89 78 14 5 253 537
4 83 21 5 560 669
49 6 16 2 549 788
77 58 24 7 490 702
93 36 7 7 238 472
35 70 11 1 207 340
21 41 24 3 462 693
45 18 15 3 377 585
25 24 21 2 496 600
64 88 23 2 276 403
5 39 12 4 324 567
33 2 24 5 689 795
76 57 22 5 342 462
25 47 7 2 378 618
3 61 25 3 461 650
82 44 16 1 226 493
48 53 21 4 526 789
39 53 28 3 472 742
96 40 21 4 512 654
4 34 27 6 416 586
9 78 10 4 639 733
90 82 27 1 328 587
43 28 8 5 564 681
44 37 27 4 558 695
11 97 14 2 367 522
83 75 26 2 532 620
61 43 26 3 342 481
39 95 18 6 224 385
48 73 30 7 239 343
45 28 10 4 404 556
12 4 9 1 242 339
87 42 16 5 425 670
33 95 9 4 229 348
10 43 17 3 441 550
90 88 5 5 252 395
51 70 20 4 246 530
84 83 19 1 233 462
46 93 6 1 581 653
3 31 16 3 526 654
88 80 24 2 471 571
4 59 27 2 318 468
5 93 11 6 337 545
53 55 14 3 216 383
12 86 21 7 269 566
46 24 5 6 462 733
55 48 26 6 587 667
69 3 27 3 425 592
89 87 6 6 544 711
3 44 20 6 488 566
5 100 10 5 512 609
94 18 30 7 420 515
46 38 12 5 401 601
39 6 16 7 662 776
23 42 30 7 204 404
89 73 23 5 351 500
76 2 11 3 436 559
31 13 16 4 227 508
18 78 18 7 543 718
60 89 6 3 457 534
97 31 11 5 500 691
12 8 5 2 567 660
0 24 12 5 283 387
89 41 25 4 554 744
60 63 12 6 564 706
73 48 16 3 285 504
69 5 12 4 215 500
50 61 25 6 241 307
47 58 9 2 528 700
73 97 17 7 368 636
16 66 10 3 489 624
28 47 7 6 478 629
20 79 15 6 583 747
41 17 22 6 271 366
85 26 9 3 365 454
42 45 27 4 354 423
4 82 15 6 472 761
83 1 17 4 298 493
33 13 23 2 260 346
69 68 21 4 389 559
23 60 7 1 491 781
77 4 27 3 279 373
62 62 16 7 700 762
80 33 12 7 463 727
78 66 14 6 660 761
12 51 25 6 457 636
56 56 11 4 398 663
18 84 18 4 471 749
69 10 21 3 327 559
44 3 26 6 536 698
18 45 10 1 207 453
94 56 24 1 499 744
49 67 5 6 221 473
27 77 22 2 318 526
96 6 22 5 590 749
75 33 24 1 502 761
87 7 8 4 648 762
89 37 6 6 254 433
13 8 20 6 282 558
98 26 29 4 251 445
50 46 9 4 472 592
67 80 26 2 237 457
78 50 6 6 420 674
45 2 28 6 439 565
46 79 9 4 246 331
82 62 20 3 496 742
37 75 24 4 454 678
93 46 28 7 593 781
62 73 19 4 689 754
35 98 25 7 527 684
75 43 5 6 646 782
38 82 26 4 258 524
78 25 15 6 446 570
17 79 29 3 476 750
83 80 18 4 688 787
35 66 18 7 582 792
19 91 6 4 450 546
30 19 14 5 202 273
25 5 7 3 600 722
87 21 10 1 596 728
25 65 11 6 269 427
29 45 5 3 436 629
85 19 26 4 552 662
74 3 28 7 580 690
78 3 20 7 424 487
26 88 24 1 223 310
6 16 11 6 332 581
56 62 25 6 373 560
99 65 30 7 444 739
35 46 29 6 384 637
86 42 21 6 464 735
35 41 16 2 578 794
75 58 6 5 352 483
90 0 28 1 531 747
99 70 25 6 275 515
49 100 7 2 439 667
70 14 20 6 439 731
31 17 26 6 523 585
16 67 24 3 574 718
19 50 5 5 473 761
89 19 11 7 505 613
88 8 7 2 296 557
38 45 23 7 233 391
86 78 16 3 346 553
62 69 19 1 224 394
58 68 6 1 275 482
99 58 8 7 612 683
49 19 5 7 237 308
10 18 5 4 490 597
62 9 26 6 420 707
57 54 21 6 226 418
41 36 25 7 220 307
15 62 12 3 371 516
68 12 5 5 359 500
94 89 20 6 577 735
24 29 18 6 344 481
66 86 26 5 569 731
36 100 29 3 247 462
24 26 24 3 228 528
53 18 24 1 343 637
85 23 14 5 384 647
24 31 20 1 523 789
6 74 15 4 694 774
48 82 11 2 439 613
77 46 11 7 573 653
16 93 27 4 243 328
79 51 14 2 448 616
96 98 13 6 610 674
90 31 24 5 214 435
58 41 9 4 542 702
29 30 13 6 465 584
93 61 20 1 270 376
81 34 24 1 359 618
87 62 6 7 620 777
100 67 24 3 203 371
45 46 9 5 499 713
76 3 20 3 571 752
87 29 10 3 408 523
87 5 8 7 230 393
72 41 24 6 236 406
32 95 9 7 202 300
10 72 21 1 678 750
21 39 19 2 386 656
6 97 22 7 311 402
92 98 11 3 440 563
91 84 9 7 584 656
25 45 17 5 389 608
91 78 21 2 214 386
36 61 22 4 536 607
24 43 8 7 483 636
92 37 9 6 540 776
82 37 9 6 420 593
12 62 20 2 408 613
88 60 21 5 429 662
69 16 20 6 459 688
27 16 13 1 244 470
22 17 5 2 388 529
65 70 25 1 512 702
24 60 21 5 484 681
64 69 20 4 525 643
71 58 22 5 562 756
69 69 18 7 434 600
73 78 21 3 376 675
81 10 30 5 214 449
17 96 16 2 281 510
23 53 22 6 592 768
17 98 7 2 377 527
53 61 18 6 283 573
39 42 26 2 326 422
76 46 17 5 389 635
