1963
93 81 0 0 0 0
91 83 29 5 263 373
76 87 9 3 404 567
62 80 13 7 567 749
80 63 6 2 318 602
24 18 7 5 539 689
0 67 14 5 208 451
79 39 26 2 694 766
40 16 8 2 539 755
95 32 26 3 693 798
34 79 24 1 305 418
41 12 19 5 452 641
91 48 15 1 362 451
42 69 21 7 438 608
13 96 5 6 417 651
56 46 14 5 371 622
53 42 6 3 326 386
90 26 17 2 346 573
35 50 7 5 456 603
38 87 20 1 421 592
85 55 13 6 297 531
31 70 14 7 470 767
43 0 23 6 268 413
91 100 25 7 595 747
56 58 18 3 326 608
84 56 10 2 641 733
76 52 6 4 363 606
12 64 23 2 347 611
84 48 27 2 284 535
89 68 15 5 635 748
33 58 17 3 541 786
100 8 9 2 422 576
12 73 13 1 513 787
64 80 5 7 543 716
61 91 12 4 280 435
81 78 5 6 236 410
36 67 22 2 373 583
57 1 7 1 297 393
61 88 18 3 437 552
40 55 17 3 278 553
10 57 19 2 424 634
46 25 23 3 599 669
93 18 19 4 412 632
23 48 25 2 376 586
69 99 19 1 305 534
0 39 14 1 510 779
20 59 15 3 686 786
12 78 25 5 273 526
40 32 19 3 421 668
71 44 6 4 423 629
78 52 29 5 610 757
47 92 28 7 212 346
83 41 25 3 292 414
75 61 24 2 402 605
66 5 24 2 471 736
89 80 20 2 360 466
26 78 29 5 529 680
42 94 21 1 643 764
53 100 27 2 668 762
75 41 29 5 379 560
51 76 20 4 319 496
98 95 5 4 302 433
42 10 29 3 518 584
47 56 15 5 226 287
13 28 28 5 505 791
45 92 27 5 395 459
54 8 11 2 356 532
71 62 27 5 208 382
56 43 28 3 621 682
58 16 29 3 424 650
18 65 29 1 561 659
17 58 6 6 298 444
45 17 30 3 573 789
69 3 9 5 450 660
65 48 27 2 532 650
33 100 29 6 317 503
41 62 30 7 263 339
46 77 20 7 212 433
38 24 29 5 493 634
38 27 17 2 718 790
61 13 26 7 427 649
90 6 24 1 315 601
91 75 28 5 491 651
73 32 17 2 394 550
46 58 16 1 277 552
50 61 23 4 306 417
23 79 18 2 429 508
68 81 28 2 476 720
77 46 13 2 376 515
17 60 21 5 339 576
49 96 13 2 538 697
15 56 14 2 262 479
74 79 26 3 470 636
32 92 16 2 335 454
72 25 12 2 446 512
8 77 23 3 232 383
8 45 7 6 234 457
58 80 27 3 315 590
23 69 25 7 378 546
70 10 28 6 276 513
88 11 12 2 369 612
70 32 8 6 523 788
27 81 22 3 693 785
60 61 17 6 231 500
40 75 17 1 310 585
52 56 20 1 521 583
10 38 15 4 630 708
26 37 5 5 443 513
95 44 14 6 348 505
87 78 19 6 200 412
12 5 18 3 320 480
83 24 17 5 276 392
57 41 10 7 549 639
31 0 25 7 263 511
72 96 5 2 488 606
59 62 7 4 423 521
19 78 24 3 345 620
48 71 30 5 559 703
93 96 17 6 293 466
4 69 17 2 281 573
95 4 25 2 273 447
19 99 27 7 345 477
58 3 23 1 323 463
17 68 11 3 492 743
84 63 12 7 448 748
33 70 25 3 532 695
39 86 27 5 373 535
20 82 10 5 453 721
16 86 16 2 420 649
36 56 24 6 439 506
36 45 10 2 489 789
46 10 24 7 455 561
12 22 6 2 280 417
64 7 21 2 255 546
51 62 10 7 513 703
48 87 10 3 336 463
99 20 5 3 503 710
86 59 11 2 514 682
74 16 17 7 235 412
12 41 24 5 469 713
60 82 27 5 297 524
62 11 30 4 268 523
45 67 22 1 350 446
30 28 25 6 430 543
59 42 26 5 546 791
44 33 12 7 352 545
91 7 29 4 531 781
88 37 23 4 537 691
43 21 20 3 599 763
30 72 19 1 236 337
19 27 12 6 538 754
3 5 29 1 507 577
61 78 13 4 256 535
45 96 30 6 549 679
87 13 6 5 321 604
36 21 13 1 339 426
36 60 15 2 256 480
62 35 22 6 262 334
72 72 30 1 489 679
77 31 29 5 662 726
34 15 22 3 430 632
75 60 9 2 340 444
50 0 30 3 523 583
23 86 6 7 635 706
18 91 30 1 331 421
93 67 12 7 307 411
7 22 25 5 343 462
46 42 8 5 642 734
63 38 6 5 252 390
38 32 21 3 396 651
7 95 11 6 417 565
26 11 5 2 261 456
33 0 18 2 308 484
34 66 23 1 589 719
36 98 5 7 260 385
25 57 28 5 525 588
85 10 22 2 232 306
22 68 19 4 715 799
15 17 9 5 457 587
70 14 14 2 264 501
62 78 7 1 351 629
92 77 5 3 254 520
72 79 7 5 638 733
39 44 19 6 595 682
25 61 20 5 564 737
44 71 27 1 432 569
6 52 23 2 239 375
58 56 13 5 297 568
77 93 13 3 604 692
57 50 8 5 431 699
60 74 28 3 203 480
0 80 9 7 640 783
98 86 24 5 287 424
17 20 26 6 236 531
55 7 25 1 203 363
28 25 11 1 563 735
85 72 24 6 304 556
23 2 7 7 311 421
30 2 30 6 596 769
2 36 30 6 595 781
66 24 21 7 256 391
97 20 18 4 211 286
47 20 7 2 484 744
20 68 8 7 565 688
93 25 17 5 346 635
27 74 28 2 352 438
63 96 21 4 269 527
44 41 11 7 620 696
58 73 30 3 479 711
62 13 30 2 577 770
53 65 19 2 453 514
8 36 6 6 256 504
15 82 8 3 426 674
19 60 13 1 472 762
51 33 17 3 265 350
1 77 19 5 418 644
28 8 27 7 596 720
70 83 24 3 383 533
47 10 10 4 324 475
96 99 17 4 443 616
89 52 21 7 358 480
83 54 22 6 248 544
58 55 24 7 385 498
61 44 14 6 305 556
22 81 7 7 645 742
48 15 15 5 315 455
89 30 18 5 306 467
53 8 10 4 516 582
43 55 18 2 532 718
68 61 6 4 613 796
21 61 19 5 317 614
26 32 7 5 630 763
84 66 9 1 224 296
49 58 25 5 325 612
86 51 6 3 452 732
32 85 25 6 678 748
34 28 15 4 426 684
85 90 5 3 286 370
22 78 22 2 520 744
65 32 8 2 479 603
55 51 15 1 270 366
16 14 17 4 622 761
77 54 19 6 279 340
77 97 22 3 506 737
2 52 9 2 301 594
86 43 18 7 395 508
96 55 18 3 275 412
86 19 15 7 563 685
90 46 9 5 395 658
22 79 23 5 213 436
100 65 15 1 212 448
34 12 14 2 647 753
57 2 13 7 207 455
22 83 11 4 517 722
93 75 5 6 432 662
84 77 7 4 515 720
86 56 15 4 417 560
22 37 24 5 576 759
64 40 11 4 280 478
61 49 9 1 507 676
16 21 5 5 305 498
68 63 14 4 360 427
75 69 14 1 239 466
77 59 12 3 372 494
88 8 15 6 257 450
24 33 6 1 700 761
33 17 19 1 515 771
71 39 14 6 565 683
22 25 25 2 501 580
48 6 17 5 526 741
40 42 8 7 406 693
17 56 16 2 202 343
18 29 30 5 555 735
38 55 19 3 684 780
70 73 18 2 361 455
47 16 7 3 204 421
13 13 7 1 447 732
19 89 25 5 283 486
83 29 5 3 221 479
16 24 7 4 302 391
52 30 19 4 254 506
13 22 12 7 416 641
63 17 15 3 388 675
55 0 14 2 419 614
13 88 7 3 360 583
23 96 18 3 456 606
96 60 18 2 241 312
76 50 5 6 307 574
24 29 28 2 222 311
23 28 21 2 270 510
85 30 26 2 560 694
66 66 12 1 324 587
61 3 22 6 592 787
60 78 13 4 268 551
59 76 29 4 531 764
89 76 30 6 633 710
95 31 15 5 446 663
1 74 9 6 600 781
25 21 27 4 694 758
29 27 21 2 434 548
92 86 29 1 562 725
36 95 5 3 218 381
44 78 17 3 386 467
33 10 30 2 400 498
0 24 25 3 319 406
40 19 15 5 379 551
19 15 15 1 447 615
41 49 17 3 365 555
54 3 28 5 392 610
33 62 29 6 277 467
35 90 29 1 327 396
64 93 23 2 585 687
2 18 5 1 567 737
94 14 18 7 481 756
36 82 27 4 238 429
79 1 25 1 245 341
9 27 6 6 606 740
74 31 5 1 425 712
16 67 20 5 494 699
99 90 26 1 529 594
36 2 24 4 290 497
76 46 8 7 279 565
86 21 16 4 479 672
43 100 15 1 334 476
97 9 19 6 354 461
31 54 10 6 250 322
38 36 13 3 257 347
8 94 26 7 328 424
87 69 15 4 306 570
51 82 26 2 256 491
20 76 28 6 498 622
38 6 20 2 315 460
67 79 21 4 334 411
58 32 5 7 526 641
77 73 8 3 503 791
61 98 21 4 389 601
22 38 12 1 346 431
11 20 8 5 481 655
64 63 20 7 463 642
68 56 16 6 481 589
39 97 22 4 336 494
55 35 8 7 384 564
67 25 14 5 542 617
50 7 6 2 650 755
41 48 21 6 545 755
43 71 15 5 489 639
83 31 12 5 380 544
97 91 18 6 644 786
30 96 16 5 275 466
5 48 16 3 255 529
99 0 14 7 511 754
98 48 19 2 558 646
38 44 7 7 526 765
73 64 23 4 343 575
72 28 5 7 262 560
82 77 12 2 361 633
15 15 27 2 421 599
96 64 16 2 230 317
7 12 14 2 669 782
7 59 20 1 273 356
60 14 30 6 472 647
66 23 10 2 482 680
47 57 24 4 390 623
92 19 26 1 234 304
36 71 10 6 447 707
84 24 17 5 264 449
99 55 25 6 429 538
18 68 9 6 685 745
27 93 9 3 279 445
88 5 27 4 574 725
63 65 9 5 229 440
60 81 20 6 487 690
11 10 15 7 331 470
79 89 23 2 367 548
56 15 11 6 512 630
23 55 10 1 623 703
88 79 21 7 463 603
46 18 25 1 341 573
82 53 16 7 454 521
47 45 5 3 205 396
14 33 21 2 215 288
3 33 13 6 487 722
68 92 26 4 367 650
36 87 11 3 297 523
31 16 25 4 438 508
46 20 9 1 511 737
45 95 7 6 321 381
54 26 13 3 285 396
67 10 19 3 281 445
13 78 9 7 214 298
59 39 16 1 426 512
29 55 9 6 471 559
72 89 10 2 228 463
53 88 12 1 334 414
37 51 21 2 482 644
27 53 8 3 289 472
96 92 26 5 540 686
33 53 19 2 486 619
84 30 29 7 234 402
80 94 24 3 329 473
16 93 9 7 587 670
97 3 19 4 414 496
16 8 19 6 215 438
51 47 5 7 553 641
76 78 25 1 382 462
73 48 29 3 216 421
72 0 12 6 314 508
9 96 17 1 356 519
40 84 26 3 201 455
43 39 20 5 318 449
45 12 8 1 482 577
54 70 8 7 444 606
64 46 27 2 257 520
50 85 25 6 654 740
72 12 25 7 659 792
88 46 22 1 526 592
97 59 6 6 244 423
46 41 26 4 250 537
74 24 6 1 357 540
54 67 27 5 497 595
50 59 26 4 476 556
97 96 9 5 410 608
21 74 10 4 669 762
78 65 8 6 476 604
76 58 21 4 490 594
51 97 25 5 665 792
75 98 20 1 254 328
12 8 19 6 621 708
82 22 24 5 613 704
71 40 28 2 427 696
76 67 7 1 337 476
36 25 12 2 691 763
27 100 29 6 690 759
87 73 29 1 355 575
71 4 5 3 256 487
17 70 13 6 573 714
4 12 11 6 358 441
38 20 21 5 255 482
51 99 27 3 611 765
19 20 28 2 205 491
56 72 20 4 354 646
49 79 19 7 507 749
5 81 11 3 275 453
28 76 10 4 460 662
16 19 18 3 348 629
49 28 12 5 461 622
26 96 25 2 329 441
58 42 18 1 525 719
49 33 16 1 212 371
6 54 19 3 233 512
27 87 16 1 563 705
14 38 7 2 423 561
61 76 21 3 618 723
88 81 19 2 316 581
38 77 11 1 274 366
82 81 14 7 297 546
6 81 28 2 436 560
81 77 14 4 484 603
46 57 24 2 584 779
74 65 11 1 303 456
83 19 25 2 476 544
83 26 27 6 311 458
71 86 17 5 227 354
63 84 26 2 519 707
52 42 8 7 418 711
7 38 25 2 335 598
83 77 29 4 621 706
83 11 29 3 603 799
76 74 25 5 300 413
1 80 29 1 351 458
73 96 5 6 375 590
11 27 24 6 637 789
87 6 26 7 376 499
99 87 22 6 210 471
17 59 28 5 485 771
5 13 17 7 478 705
37 84 8 2 560 677
22 26 15 6 437 613
13 83 13 3 674 745
10 78 21 4 535 748
13 45 5 2 290 569
72 3 8 4 652 789
63 34 24 5 594 708
69 85 10 1 414 565
25 45 9 1 498 626
86 12 27 7 375 439
21 18 18 2 441 509
44 19 6 2 515 616
9 6 27 4 488 636
72 21 11 2 452 724
86 20 29 7 452 633
89 94 15 4 209 405
15 68 23 6 656 788
15 1 13 6 402 492
5 47 8 7 540 737
75 12 14 5 524 735
26 59 13 3 390 455
23 71 10 3 442 600
88 18 6 4 409 566
15 67 27 4 354 606
64 14 27 1 354 478
37 83 29 3 413 672
2 66 8 2 669 795
10 49 16 5 578 767
37 22 24 7 387 544
98 85 12 6 601 745
64 85 30 6 560 654
96 40 23 5 383 683
19 31 20 2 500 710
4 72 22 4 639 731
90 18 16 5 582 766
98 89 25 6 629 741
31 19 10 2 443 699
62 82 19 3 722 797
78 84 17 7 501 750
27 89 22 4 556 734
16 28 19 2 630 751
64 60 27 6 231 365
79 47 29 3 374 578
6 33 7 5 447 681
24 19 7 6 434 525
37 25 5 1 470 674
48 53 21 6 464 702
54 77 9 5 251 396
24 59 7 1 498 790
17 100 25 3 472 736
12 55 28 6 308 428
60 76 25 2 596 759
10 64 22 7 398 687
69 66 21 2 428 679
80 56 28 7 210 351
46 56 18 2 527 649
47 75 5 2 243 516
34 34 13 7 226 517
48 4 18 4 242 538
96 1 19 7 509 607
20 12 27 2 350 515
27 72 22 5 545 738
30 35 17 1 416 652
90 66 20 3 377 577
73 11 22 7 432 583
79 58 27 3 309 406
97 37 29 5 226 396
67 13 22 4 418 627
2 22 14 1 524 786
48 99 8 2 634 775
68 85 20 7 522 723
93 26 13 6 680 773
14 52 5 7 622 711
89 10 6 6 407 535
37 44 24 6 323 578
16 33 24 4 353 449
81 23 22 3 507 731
25 16 25 1 256 355
87 50 5 4 440 609
98 98 6 7 211 305
81 85 29 4 347 603
72 75 27 2 250 415
13 85 15 6 502 615
58 94 21 6 248 412
19 93 16 7 521 595
44 0 15 7 351 593
3 95 7 6 356 471
81 93 16 7 585 788
50 20 7 7 471 635
86 53 22 3 497 679
54 38 8 4 454 543
81 61 16 2 229 330
65 65 27 2 403 594
20 27 11 3 218 340
82 32 10 1 283 448
81 9 17 6 208 379
46 62 23 3 506 710
34 48 25 7 640 745
26 89 20 4 272 334
92 93 20 6 494 605
2 77 11 6 339 622
91 85 26 2 564 741
97 97 12 2 250 497
14 69 23 2 200 478
17 11 30 3 475 539
85 45 11 7 331 483
42 56 21 2 209 436
83 25 24 7 477 726
27 3 19 7 511 714
77 29 22 4 550 749
95 74 14 2 300 572
51 49 10 7 265 384
95 50 19 2 452 572
28 28 10 4 482 625
0 18 14 5 415 679
56 14 29 4 557 679
86 81 8 1 309 598
88 64 25 3 538 699
67 30 26 6 515 769
29 72 16 4 262 445
16 38 20 5 601 675
85 89 29 6 426 643
54 59 28 6 368 545
65 93 25 6 576 641
91 22 9 5 282 436
93 36 9 4 373 551
1 89 15 6 460 754
25 74 7 7 605 746
0 65 13 1 268 453
66 100 30 6 597 745
54 30 13 1 312 540
31 18 12 6 265 366
65 55 19 3 225 407
77 75 5 4 574 722
35 23 21 4 554 745
17 2 19 7 615 712
90 25 20 3 504 710
17 1 19 5 287 539
2 98 23 2 286 482
24 22 5 6 416 602
62 56 16 2 493 726
67 91 8 6 578 644
1 90 25 5 249 375
93 21 23 1 485 658
10 24 22 6 369 557
6 26 30 2 257 422
44 17 12 2 403 702
64 42 18 5 316 567
40 58 12 1 381 476
40 40 14 5 241 432
10 36 9 7 335 602
51 17 18 7 332 407
37 16 25 2 340 480
38 9 9 4 652 761
83 58 27 3 386 646
5 71 17 7 395 528
76 81 17 3 576 747
21 90 21 5 550 764
30 30 21 2 573 743
100 68 26 6 424 486
67 5 23 5 444 624
1 81 11 1 539 615
69 55 14 5 406 596
96 11 6 1 313 410
89 72 11 2 504 711
56 73 19 6 411 584
24 7 27 4 446 580
70 6 22 5 261 330
88 23 20 1 207 482
37 94 30 4 671 793
24 86 22 4 566 644
8 17 26 6 538 729
37 69 25 5 234 303
71 41 11 5 345 484
3 51 27 3 666 730
4 14 24 3 340 599
94 19 11 6 416 557
1 41 7 3 311 564
86 15 28 2 507 654
43 81 21 1 616 716
3 45 26 5 473 671
25 94 16 5 239 383
83 44 27 3 471 667
20 10 21 1 473 682
14 82 28 6 412 595
89 35 21 1 627 721
20 47 21 7 224 517
36 59 18 6 281 484
91 53 12 6 275 348
27 9 22 1 417 707
16 63 23 7 559 619
46 98 23 4 533 732
99 6 16 7 477 708
4 35 6 2 421 539
76 59 28 1 333 542
95 52 20 6 512 794
68 9 20 6 553 753
51 44 21 3 565 668
61 87 28 7 279 444
39 10 5 7 339 487
54 86 27 1 502 758
69 72 21 1 373 595
79 87 13 6 550 640
1 50 17 1 456 539
67 73 7 6 715 776
99 74 23 1 620 774
3 80 17 7 251 448
9 49 23 4 530 782
71 74 7 3 506 732
98 67 8 2 593 756
10 56 20 2 452 562
59 53 18 3 313 492
100 47 24 2 464 697
75 51 12 6 390 681
39 12 5 7 271 496
8 47 10 2 323 441
74 58 9 1 344 505
63 21 22 4 343 444
69 20 15 6 345 566
20 42 13 5 503 717
27 27 24 5 271 546
23 97 20 2 554 674
19 67 18 1 546 660
51 55 27 2 717 792
39 93 17 1 207 481
62 60 22 7 261 341
8 41 6 6 435 687
84 90 17 1 487 741
48 9 21 4 396 581
13 74 7 6 566 727
35 41 7 3 576 699
1 62 5 2 245 519
8 40 9 5 556 647
8 25 30 5 341 414
45 76 25 7 303 561
48 97 29 3 702 778
42 16 6 5 503 706
58 33 12 4 648 780
31 57 16 5 484 550
28 14 15 6 288 494
55 44 7 7 228 492
91 86 25 5 325 476
79 55 10 6 234 522
28 55 18 7 374 477
10 5 8 7 624 791
43 37 23 7 452 548
33 42 12 4 468 705
50 68 5 1 258 554
99 66 5 6 714 788
16 88 11 6 418 497
59 98 13 4 661 788
97 13 19 2 603 748
95 62 25 5 360 494
37 60 9 2 232 346
86 85 7 5 348 496
84 7 29 7 397 647
89 26 23 7 270 381
22 21 23 3 417 485
25 20 15 1 511 787
37 15 5 4 583 782
37 77 16 1 610 724
52 6 21 3 339 430
96 68 19 6 500 674
60 37 12 2 512 618
2 2 20 4 453 747
47 62 28 4 511 765
59 5 9 5 644 790
64 22 11 7 540 644
80 88 27 6 417 717
10 18 7 4 251 400
27 32 30 6 315 463
32 86 5 2 245 432
99 18 17 3 550 630
20 69 24 3 225 488
19 16 6 4 311 584
54 54 6 1 447 530
4 80 30 3 481 544
66 25 23 6 274 444
13 7 30 1 445 573
1 70 18 7 307 559
62 61 14 2 388 675
19 38 10 7 386 625
15 9 28 1 310 517
42 64 6 1 236 455
42 19 13 6 307 448
93 29 17 4 441 577
63 9 29 4 461 755
80 13 20 6 302 577
17 67 9 6 367 639
21 54 27 4 688 772
75 58 18 3 487 658
6 3 26 4 326 589
62 48 27 7 575 761
37 56 14 6 543 650
62 20 21 5 311 385
96 10 17 6 332 551
75 35 30 5 205 363
83 16 5 3 414 605
62 66 11 6 542 660
84 15 18 7 212 359
64 28 11 3 269 513
13 58 28 6 205 277
89 95 24 5 458 691
78 1 12 6 433 634
83 68 5 4 665 800
92 37 22 6 205 485
75 33 27 5 338 414
3 32 27 7 471 746
42 78 27 5 568 730
58 38 17 4 201 452
48 69 17 7 507 609
16 73 25 5 288 380
39 65 20 5 339 598
64 64 20 2 450 651
4 66 10 6 503 793
12 92 8 4 377 508
26 48 10 2 407 578
89 22 27 2 284 550
37 59 26 2 534 770
61 22 20 1 395 520
60 44 18 1 404 577
31 91 14 3 401 579
38 86 11 7 642 774
13 29 17 1 251 539
99 71 15 7 519 755
92 5 7 4 362 587
27 59 28 4 375 482
21 12 13 4 320 384
87 12 29 7 342 597
33 2 10 2 319 603
27 98 25 6 414 656
43 25 20 3 448 602
29 46 15 3 434 517
26 69 23 6 623 733
14 2 29 2 442 645
57 77 14 2 367 515
42 21 11 3 371 670
82 62 7 7 217 438
65 86 10 1 269 374
63 50 21 3 440 507
40 98 20 3 219 497
54 34 7 2 363 603
3 49 21 7 254 541
48 8 24 3 557 737
53 51 29 5 404 528
38 28 16 7 465 762
97 16 8 5 325 591
30 43 29 4 394 660
52 48 5 4 440 690
64 13 24 7 368 548
100 59 7 2 244 345
100 87 27 3 414 552
56 76 10 7 253 414
53 10 14 2 408 693
45 13 18 6 669 787
86 26 30 6 660 780
30 80 15 1 643 793
51 9 22 1 354 615
42 30 24 4 545 637
39 34 7 7 202 325
78 75 11 1 343 597
100 76 10 4 441 702
6 0 25 4 251 415
75 10 15 3 330 593
15 74 28 6 204 489
92 21 6 7 221 405
6 99 13 5 442 614
61 41 26 7 408 584
64 79 27 1 522 784
84 14 11 4 389 492
52 89 30 6 404 490
86 55 16 6 406 679
61 43 14 6 369 500
87 11 19 6 373 604
1 98 15 3 446 679
13 40 19 4 381 644
37 86 23 3 274 413
73 93 18 5 370 480
41 60 5 7 553 621
67 43 28 6 208 414
79 50 21 6 532 704
73 41 26 7 444 621
91 64 7 7 380 589
43 50 14 3 227 303
84 6 29 2 458 630
97 77 20 5 366 481
49 31 7 5 495 578
56 78 20 7 356 439
40 45 13 1 295 446
73 3 11 5 224 419
47 81 24 3 381 630
30 87 24 3 353 569
46 88 30 4 421 562
52 69 15 2 270 356
10 60 16 5 210 332
88 25 20 5 352 584
79 36 5 4 227 433
91 66 27 5 399 529
95 63 10 3 563 630
27 51 12 5 336 415
64 2 30 2 257 324
34 51 16 4 535 735
90 82 5 6 326 589
96 58 22 5 639 770
21 46 8 5 260 339
99 58 20 7 288 454
18 86 20 7 216 427
20 44 12 1 340 504
53 99 9 4 368 614
16 43 23 3 577 708
4 93 28 3 501 579
94 75 10 5 254 489
10 45 30 2 565 735
96 70 22 3 313 478
3 82 18 3 232 312
27 18 5 1 372 454
50 11 9 6 533 717
1 96 25 7 510 772
40 61 13 4 341 574
18 21 22 5 541 707
75 50 22 7 278 454
97 100 22 7 262 453
40 7 19 5 480 777
5 42 19 6 223 384
55 17 23 5 257 410
44 29 28 7 702 771
19 34 14 4 729 799
28 71 28 7 334 620
1 17 12 5 569 735
95 100 9 1 491 649
84 32 29 7 448 645
58 23 21 4 612 785
52 100 6 7 554 796
70 25 11 5 423 578
52 78 25 2 229 366
34 95 8 7 221 397
56 44 10 3 601 787
89 74 27 7 455 653
43 11 17 5 249 529
1 44 12 2 381 509
21 76 28 2 501 689
5 73 11 5 598 699
65 40 27 7 232 484
22 67 24 1 316 549
58 58 10 3 381 532
26 72 21 6 329 527
89 15 26 3 533 794
35 31 29 1 275 449
53 91 18 5 357 646
44 30 12 3 444 696
22 98 19 2 340 637
71 47 15 3 290 419
25 37 21 5 472 743
8 60 16 2 717 785
57 29 20 5 449 533
59 24 24 6 401 655
31 21 28 6 577 666
94 50 10 6 377 497
58 31 13 2 647 748
90 76 9 3 374 513
37 72 14 6 433 493
72 69 19 5 492 742
32 5 8 4 295 446
40 28 9 5 317 403
81 29 16 1 343 470
91 50 15 3 379 525
23 70 28 1 313 583
91 92 17 5 517 761
15 70 30 7 244 499
78 2 22 7 386 512
93 30 29 6 402 539
34 63 11 3 560 772
17 35 7 2 464 706
24 91 7 3 297 594
14 85 17 5 431 622
4 34 17 5 351 533
55 65 18 1 294 441
7 3 22 3 212 349
19 28 26 4 314 557
0 29 14 6 454 544
50 50 23 3 421 688
2 75 12 7 382 490
20 89 20 6 227 302
87 83 17 6 385 530
18 40 17 3 634 741
90 72 17 6 538 796
30 6 28 2 518 584
71 5 29 5 582 755
64 49 9 1 261 375
59 81 24 4 516 762
45 53 24 6 496 781
56 39 18 2 311 580
72 64 30 3 437 678
52 38 24 3 255 368
81 81 24 3 238 378
92 10 29 1 517 748
44 63 23 4 414 582
7 57 16 6 475 698
43 58 11 5 697 775
37 58 28 4 300 465
5 64 13 6 344 473
17 49 12 6 316 593
42 63 23 2 598 721
57 51 22 2 603 681
5 30 11 7 577 670
25 22 13 5 400 511
42 26 5 7 588 687
41 95 29 1 219 306
96 29 23 5 347 538
52 53 12 6 498 728
41 53 29 6 618 718
99 92 26 7 556 680
98 4 5 2 389 663
5 22 17 7 317 529
93 15 29 3 258 453
77 86 5 5 200 401
10 74 5 4 468 722
6 43 23 6 291 550
88 56 19 7 436 599
42 71 7 5 423 609
51 72 11 3 642 762
61 75 12 6 390 618
26 22 10 2 447 738
85 73 28 1 469 535
96 76 16 1 453 641
26 94 10 5 503 763
78 41 30 7 498 579
0 58 30 5 636 726
12 51 6 5 321 481
79 11 12 5 670 746
34 98 5 6 224 485
24 11 24 1 216 451
29 62 13 2 563 635
41 78 21 6 222 451
79 49 25 7 298 456
87 57 8 7 398 688
23 14 20 5 482 773
71 91 17 4 223 459
14 53 9 1 401 542
82 68 11 5 289 447
98 12 18 7 709 793
62 49 6 3 547 701
24 63 30 6 486 738
28 96 8 5 510 784
41 28 29 7 220 430
5 62 20 6 504 704
99 24 9 5 529 798
79 76 23 1 695 758
72 5 6 1 228 504
44 83 7 2 211 449
83 100 14 4 314 469
70 3 26 7 378 613
69 84 16 1 536 724
1 56 10 4 421 598
47 72 10 4 352 468
99 10 11 1 503 639
70 20 6 3 430 555
84 59 6 2 312 533
85 95 19 5 331 549
70 99 29 5 348 502
85 16 11 7 466 586
15 88 20 3 411 613
78 4 11 3 254 493
6 98 6 2 256 424
100 40 17 6 237 434
39 14 21 2 265 504
65 14 21 7 494 595
6 75 8 4 479 763
8 28 9 7 423 641
14 70 19 7 229 421
70 77 24 5 567 734
69 73 9 6 230 355
17 73 24 5 576 637
17 29 20 7 349 570
52 7 29 4 269 522
52 65 18 7 612 759
23 64 27 7 515 715
72 49 19 2 280 451
54 13 14 4 510 586
8 32 17 4 254 382
6 19 22 5 246 439
20 35 10 6 341 572
69 16 10 6 295 369
73 88 21 6 535 780
58 11 5 3 542 671
10 26 16 6 267 410
77 84 11 4 331 578
55 100 24 5 625 782
37 9 29 2 422 588
14 74 7 5 389 484
43 40 14 7 422 643
43 99 21 3 533 602
21 24 5 2 359 452
8 8 13 1 502 590
0 8 21 7 515 624
94 59 26 2 322 393
69 22 12 2 446 727
66 10 29 2 216 418
73 28 15 1 631 770
87 59 21 3 581 736
37 12 27 7 267 479
37 0 22 5 291 351
30 24 6 1 696 797
87 65 30 1 514 693
25 72 23 1 334 538
66 56 26 1 470 726
21 29 6 4 446 613
54 89 22 4 490 613
95 57 19 7 373 604
87 88 18 5 202 303
100 52 11 3 279 431
50 97 20 5 428 523
33 41 30 5 574 739
55 71 17 7 402 589
98 10 11 6 283 459
21 95 5 2 534 606
76 38 5 7 217 377
67 95 26 3 463 751
63 47 16 4 264 431
72 29 14 6 310 444
20 60 22 1 649 771
87 1 6 5 375 463
53 78 29 4 485 750
85 21 5 5 414 553
23 4 24 4 219 372
19 50 11 4 324 397
75 16 29 7 578 717
99 97 11 7 211 416
80 61 25 2 407 487
66 18 12 2 587 662
75 6 16 5 495 710
6 48 22 7 341 523
3 97 30 2 621 727
28 1 20 5 595 733
1 53 12 4 381 626
67 20 17 4 501 681
80 98 26 3 597 686
81 49 6 4 609 769
6 62 14 5 279 543
2 50 13 7 362 502
93 64 6 5 446 507
81 16 11 7 333 552
16 64 8 7 249 367
66 8 13 7 613 718
43 65 12 5 503 742
58 22 7 3 291 444
73 46 26 3 312 488
29 66 24 5 600 712
92 42 15 4 493 706
99 37 11 5 282 446
64 69 6 5 456 604
54 17 17 7 269 562
84 91 24 7 315 408
1 26 30 4 586 750
22 1 9 4 472 728
7 36 27 5 694 798
50 99 9 3 654 779
98 69 13 4 619 703
15 80 24 5 362 497
26 57 11 5 557 648
46 12 30 4 494 723
100 61 20 7 520 733
58 99 22 1 455 524
66 49 29 4 232 502
90 81 13 5 243 531
25 54 10 7 253 382
70 76 13 7 202 342
80 25 14 6 661 773
30 61 30 3 590 729
24 84 14 1 326 393
59 70 18 5 511 774
82 15 15 7 594 682
73 18 17 6 449 613
86 39 17 3 342 532
6 2 26 2 440 597
96 36 13 5 477 573
14 36 16 6 677 794
8 13 26 6 295 571
21 89 28 7 247 312
2 19 14 6 353 614
28 74 19 4 567 728
22 20 8 6 549 670
9 81 6 4 417 478
0 91 29 2 533 783
39 83 12 4 441 609
17 8 24 5 377 452
14 75 28 5 425 626
58 85 26 5 459 594
3 11 21 6 500 771
25 6 24 7 458 716
64 58 22 7 517 783
78 16 13 6 312 497
7 16 13 7 476 744
90 20 20 5 478 678
17 98 24 3 227 361
11 38 8 3 584 674
53 73 17 3 584 787
62 97 12 5 538 800
86 35 19 6 377 443
45 25 7 3 261 354
26 20 28 4 352 536
23 24 24 2 461 549
32 21 13 2 506 569
86 38 27 7 235 306
79 15 14 7 204 274
98 1 27 2 658 799
63 99 28 7 427 549
48 95 17 5 301 461
9 45 29 4 301 431
91 61 22 1 316 464
6 69 25 1 215 465
99 91 15 5 254 508
82 100 17 6 681 790
64 52 14 3 478 701
85 82 26 2 316 615
15 30 5 4 707 793
98 71 9 5 411 565
56 63 7 6 613 704
8 67 24 7 260 432
4 89 16 7 270 452
16 55 7 7 270 453
88 57 29 2 239 385
62 43 20 6 296 574
73 89 30 2 210 439
29 18 9 3 280 521
9 31 13 6 580 727
76 85 17 7 313 577
14 37 16 2 530 681
49 6 20 5 453 647
99 51 13 4 454 624
88 34 29 4 660 746
9 15 6 2 365 643
92 45 26 2 508 641
46 26 12 3 489 716
3 100 9 4 578 788
51 46 24 7 494 755
81 73 7 1 490 790
72 50 29 2 460 704
75 76 27 7 548 698
1 94 15 3 231 455
94 25 16 1 473 644
8 52 29 1 367 601
3 1 11 1 434 558
47 32 21 1 433 595
49 19 26 4 702 766
17 90 15 6 457 625
88 45 11 3 456 735
79 48 6 5 246 454
16 9 8 4 324 488
93 61 6 7 312 386
41 81 9 7 244 493
18 26 13 4 457 539
85 0 13 7 319 458
94 81 29 7 329 624
50 96 23 5 507 661
44 11 11 1 558 653
74 62 23 6 364 483
49 64 8 4 504 743
4 88 9 3 239 429
35 2 12 5 434 723
78 17 29 3 425 667
17 54 27 1 274 378
85 71 19 3 287 448
85 98 15 7 421 508
47 17 12 5 243 530
12 75 11 1 261 464
97 88 5 1 554 783
75 39 20 6 520 758
58 4 22 5 252 448
32 95 22 3 455 547
85 86 20 1 659 787
32 40 30 2 541 624
97 21 12 4 621 741
55 98 6 7 460 597
36 30 5 6 339 456
57 28 17 5 239 447
90 64 26 3 461 537
79 72 20 5 299 516
50 2 27 1 648 784
62 41 12 3 293 487
11 79 22 3 262 533
75 91 17 6 398 464
62 39 8 5 554 642
72 42 15 7 302 365
11 16 26 6 293 513
46 5 9 2 631 791
84 0 11 2 330 471
0 5 19 2 600 747
100 73 12 6 267 339
60 32 18 7 435 597
47 64 30 1 269 446
53 61 24 6 442 669
41 18 17 5 674 798
69 48 26 5 646 724
43 87 17 6 623 729
64 77 15 2 461 701
70 81 5 6 428 662
4 15 15 1 205 361
82 90 18 1 209 432
45 48 26 1 324 522
9 16 8 1 515 673
94 40 12 6 675 737
22 10 5 4 519 724
39 90 29 3 312 445
51 37 22 6 247 359
82 25 14 6 671 773
17 38 21 7 382 494
33 97 22 7 502 754
38 2 19 2 414 502
72 65 16 6 305 399
55 67 30 6 529 716
47 30 10 5 341 521
62 76 26 5 507 667
66 48 18 6 483 756
36 63 12 7 555 745
73 5 28 4 476 721
64 50 24 5 363 603
50 34 29 2 271 490
8 76 19 6 481 580
87 43 16 6 281 444
84 78 15 7 396 610
27 25 28 7 523 585
83 30 11 3 418 560
29 57 25 2 399 633
74 32 25 7 378 519
81 32 17 3 482 616
65 81 20 5 388 541
98 94 18 7 438 562
21 20 25 4 281 489
53 93 21 2 413 638
40 80 17 5 218 439
97 54 24 6 496 636
97 23 15 5 417 488
76 19 18 5 259 492
40 65 20 1 499 783
94 78 12 6 254 489
46 6 5 5 541 661
68 47 30 2 275 485
2 8 12 6 408 526
13 36 26 1 660 764
31 7 18 4 355 517
40 81 20 6 242 347
90 86 26 6 561 711
24 67 7 4 635 700
44 54 13 5 416 650
15 59 24 5 533 642
2 91 19 6 315 553
58 12 5 4 311 449
1 52 20 2 380 678
36 79 18 4 466 702
2 99 22 4 569 746
38 57 14 5 560 785
35 53 12 4 481 727
87 81 14 5 337 511
53 38 30 6 285 448
41 36 21 7 677 766
12 18 15 5 648 755
14 19 28 5 587 682
82 7 22 7 336 493
3 73 5 2 478 586
96 41 23 5 441 520
36 9 19 2 313 593
82 14 25 1 484 748
44 34 15 1 562 716
24 53 22 1 345 599
75 90 26 5 387 520
31 26 13 4 361 627
76 63 12 7 294 503
63 6 15 3 501 639
69 35 30 1 345 633
89 81 29 4 461 623
12 9 20 4 216 461
81 0 11 7 358 506
51 48 13 5 265 525
69 79 16 6 497 595
28 17 28 2 224 515
47 90 28 7 413 590
19 53 19 7 315 456
59 63 26 5 401 585
12 28 12 2 539 723
25 12 21 2 413 482
25 44 18 1 485 623
37 67 8 5 392 494
49 38 6 3 483 701
61 82 7 3 282 384
57 53 18 2 638 730
37 79 10 1 576 642
34 53 29 5 520 748
70 15 18 2 305 469
97 10 19 6 562 785
86 32 10 5 477 628
29 41 29 2 501 747
74 26 9 7 444 644
70 21 28 2 212 289
38 79 28 2 233 379
41 6 25 3 481 545
88 19 23 2 366 652
85 96 24 6 336 458
45 93 28 5 488 577
56 62 26 1 544 668
9 32 25 2 440 692
48 36 11 2 536 611
24 99 29 2 584 726
76 17 30 1 228 323
88 68 11 5 494 739
59 92 14 4 467 579
91 76 9 5 254 533
10 79 5 7 372 497
44 66 21 7 304 530
84 38 12 2 531 733
61 28 7 1 483 616
11 59 7 1 263 506
73 26 12 3 519 648
26 29 25 1 294 527
70 72 19 5 444 574
11 82 23 1 647 794
4 90 5 7 292 435
76 98 23 7 225 367
36 10 19 2 561 702
78 32 12 5 310 549
8 65 7 5 247 494
5 99 10 7 332 403
76 72 18 6 210 428
74 28 8 3 411 497
27 86 6 3 380 654
39 57 23 7 682 778
90 4 7 6 564 733
11 41 16 2 424 718
55 92 10 6 392 653
86 78 30 1 558 787
85 53 26 7 419 505
9 77 8 4 401 501
17 44 11 7 500 644
73 36 26 7 217 294
0 38 7 2 317 383
23 89 10 5 495 623
59 40 28 2 374 468
92 28 22 3 417 696
33 60 5 4 548 701
14 90 7 4 651 716
20 11 25 4 256 531
0 35 22 1 212 370
85 15 28 4 488 631
42 40 28 5 457 673
71 26 23 1 357 492
31 72 27 1 500 690
0 60 5 2 615 789
30 51 30 1 238 491
29 20 20 6 434 569
21 55 23 7 649 766
25 13 29 7 503 652
6 86 22 2 440 667
33 20 21 3 260 513
59 78 24 4 307 491
82 93 10 5 469 552
2 94 9 4 265 512
1 91 18 5 315 504
53 35 8 1 557 795
64 97 24 1 652 738
84 2 8 7 358 520
10 52 13 1 443 503
60 34 11 7 230 493
5 52 29 4 496 735
91 37 27 3 280 544
7 47 9 2 242 398
12 60 20 5 470 745
30 56 23 1 496 617
48 2 21 7 358 614
60 93 24 4 216 293
18 93 15 7 529 764
58 63 21 7 478 658
99 100 17 7 513 718
51 84 7 3 543 787
57 65 5 5 496 710
46 67 9 7 254 491
31 52 12 3 461 617
62 73 7 4 655 788
95 21 30 6 354 617
0 49 23 6 644 770
66 42 20 3 281 423
19 77 26 1 318 470
92 25 15 4 525 607
38 10 11 1 629 792
83 50 22 2 483 684
68 65 7 3 476 728
5 66 28 5 396 575
36 50 6 1 250 345
60 0 9 5 278 348
30 79 26 4 588 696
13 34 26 1 456 633
21 86 19 7 596 667
33 49 27 4 370 567
22 6 18 4 549 646
25 25 7 2 249 326
83 91 11 4 492 618
18 81 21 1 441 615
42 90 25 4 633 726
55 79 17 5 336 416
100 91 9 6 381 474
86 52 24 6 384 541
84 39 13 2 439 663
14 12 28 3 491 755
88 82 17 6 551 675
1 58 11 6 335 560
47 0 21 5 598 662
84 80 26 6 535 737
19 3 21 7 446 552
34 80 24 1 461 642
32 1 20 1 352 563
89 44 15 2 405 542
48 73 29 3 297 362
21 84 6 1 384 647
78 89 5 7 472 592
29 7 15 2 599 727
99 49 14 4 557 671
22 30 24 1 263 415
13 19 22 3 336 521
64 91 22 6 345 609
70 88 28 6 241 468
28 91 13 2 584 702
91 39 25 1 241 471
89 86 13 6 352 644
95 54 6 1 478 746
72 47 19 6 635 738
7 54 14 7 609 795
3 98 11 5 513 758
65 95 30 6 581 694
34 49 14 2 596 722
87 25 5 1 241 428
57 19 22 6 419 594
83 33 10 2 480 737
18 90 19 6 323 616
28 95 8 6 475 577
16 74 26 2 589 790
52 37 23 3 286 555
13 49 27 2 563 692
65 25 10 5 508 730
68 62 9 7 470 768
3 43 30 4 328 415
49 37 21 1 250 469
55 61 9 5 295 361
54 36 17 6 522 688
4 50 27 6 394 487
19 61 27 6 429 538
30 52 6 5 259 540
72 20 10 3 297 482
57 61 21 6 504 650
87 96 10 5 461 739
0 76 24 5 217 433
54 94 25 1 539 684
55 74 29 2 538 697
59 33 10 7 482 671
69 68 22 4 575 730
5 8 12 2 298 503
100 11 7 3 413 610
80 84 10 3 238 392
74 19 19 6 357 533
90 73 17 6 282 499
20 70 11 7 263 536
54 14 13 6 240 334
61 21 8 5 550 784
3 63 9 2 248 509
58 10 13 2 543 618
67 72 22 4 269 502
98 16 13 3 375 498
56 85 22 1 492 766
3 21 16 2 273 548
91 43 12 1 301 390
71 27 10 6 385 505
86 88 10 3 264 478
74 66 13 4 560 627
64 19 29 7 594 769
5 90 17 5 447 513
30 84 10 2 408 699
39 73 20 5 370 568
70 68 24 6 544 685
26 66 24 6 336 510
90 53 10 3 380 514
39 82 9 2 317 536
62 25 9 3 673 741
78 90 6 2 365 492
23 47 5 4 391 631
67 6 27 7 529 672
52 71 13 7 280 456
84 47 23 2 641 733
15 60 21 3 294 542
69 46 10 5 263 552
21 51 14 4 292 415
67 59 10 6 463 624
4 96 18 3 562 704
26 54 14 6 553 668
33 56 29 2 217 401
70 54 21 5 223 316
91 35 27 2 290 512
2 10 24 1 255 512
43 93 9 5 319 585
97 80 11 7 553 726
77 11 13 1 623 732
5 61 8 1 333 501
63 23 28 4 524 611
20 58 9 6 307 488
20 92 26 4 354 593
74 30 25 5 377 485
6 74 13 7 691 767
33 63 13 7 335 404
11 54 19 1 715 795
29 70 24 6 573 761
19 33 21 7 443 699
3 91 25 5 705 771
38 1 29 5 664 768
21 5 21 6 241 404
60 68 13 3 234 325
30 85 21 1 332 437
83 53 13 5 354 452
22 28 17 5 384 684
48 46 12 6 206 455
5 59 30 5 697 761
14 51 6 6 512 692
21 60 17 4 490 776
52 18 22 7 393 619
6 34 19 2 651 769
95 99 23 3 527 736
80 54 15 1 215 305
82 18 7 3 281 541
83 70 16 5 273 338
55 93 18 7 274 390
14 81 18 5 231 397
18 8 8 7 532 709
4 61 30 6 474 601
48 23 28 1 499 718
93 63 22 6 682 754
33 36 12 3 688 761
54 96 22 5 632 773
100 86 22 2 541 734
60 73 28 2 304 502
13 84 19 2 325 608
57 95 22 3 309 538
73 15 7 2 516 701
71 20 7 3 452 532
51 7 27 4 443 729
72 85 19 3 667 775
4 59 10 7 401 528
77 56 6 2 215 472
53 44 5 2 445 589
27 42 8 1 263 343
51 2 26 1 388 668
30 71 26 5 657 777
47 58 10 2 386 649
36 42 30 6 698 763
92 95 26 5 437 595
57 37 25 6 482 736
28 2 10 2 603 717
41 58 25 3 498 587
32 93 26 7 325 492
20 18 14 5 266 402
79 88 11 6 434 574
14 3 22 5 550 639
10 92 17 6 338 585
44 76 27 1 371 444
58 24 11 2 583 792
77 61 29 2 247 412
42 24 12 4 590 655
57 20 14 2 206 389
10 42 27 7 305 588
27 7 15 5 535 737
41 70 27 5 506 627
56 17 25 7 257 318
57 32 27 6 400 534
10 1 8 2 468 723
24 51 5 5 455 673
81 53 14 3 579 668
52 29 9 3 382 485
69 13 13 4 531 756
37 87 9 6 229 458
86 58 6 6 596 708
45 18 21 5 653 779
73 85 9 6 489 578
83 3 18 7 529 715
8 59 27 3 363 616
42 29 21 2 310 439
76 71 13 1 322 411
25 30 21 1 588 680
11 88 21 4 409 486
21 64 13 7 226 499
73 37 25 7 645 789
21 67 24 3 467 765
54 71 28 7 234 348
97 85 20 1 471 746
39 76 25 4 286 445
39 2 7 7 317 380
76 65 20 7 414 647
20 39 5 1 342 477
23 83 24 6 311 459
9 39 14 4 643 707
90 85 23 4 655 736
44 52 26 7 429 715
89 84 24 4 589 688
84 29 10 4 202 334
23 91 16 4 250 532
82 34 17 5 390 626
16 65 23 2 483 563
82 83 18 3 234 304
26 71 6 3 430 690
56 11 18 5 498 736
80 15 19 3 316 513
50 84 6 4 244 345
54 79 5 5 244 487
87 92 15 3 410 479
40 51 13 7 454 708
72 73 28 4 493 615
96 96 28 4 450 730
89 11 30 7 284 517
3 85 13 3 461 642
92 51 8 1 379 634
20 21 11 6 276 451
23 30 19 1 253 544
88 58 12 2 424 640
67 12 17 6 367 599
5 88 22 5 548 617
88 42 22 2 664 764
74 83 8 2 625 771
3 20 8 5 445 665
33 85 21 5 535 673
51 65 5 6 383 623
56 1 24 5 593 689
3 34 22 1 392 639
29 4 14 6 590 797
40 53 19 5 315 432
78 0 13 4 419 664
94 99 7 5 717 779
32 22 29 6 477 622
12 15 19 7 432 505
15 42 14 5 533 769
89 8 15 5 212 328
9 22 12 2 261 335
11 43 9 4 480 759
33 21 18 4 446 647
87 27 15 3 231 394
20 88 10 6 462 759
26 36 21 6 439 618
78 15 9 2 243 457
28 65 7 6 205 329
76 0 26 3 380 663
65 46 11 2 528 676
85 60 5 2 563 648
14 72 30 2 291 526
24 8 19 3 316 510
22 39 5 1 223 481
56 10 12 7 535 782
16 81 7 4 282 580
87 32 17 1 216 360
56 80 27 6 642 760
76 20 29 7 419 535
41 20 12 5 521 651
46 78 5 4 282 525
52 51 20 7 326 472
56 75 30 4 522 797
12 42 9 3 244 430
16 37 17 1 265 354
4 21 7 4 278 470
75 80 10 7 208 383
68 17 12 6 594 797
71 67 19 6 520 771
16 39 18 4 521 701
76 51 14 3 375 536
48 74 19 7 521 680
98 78 29 1 421 677
79 13 8 4 589 718
99 99 16 7 204 475
87 21 23 1 265 446
53 82 23 4 510 669
40 74 30 7 200 452
75 36 17 5 203 404
54 56 27 2 423 577
86 68 8 5 361 633
96 35 11 4 582 785
89 42 21 1 574 641
73 99 23 1 579 672
55 59 25 3 534 650
20 97 5 3 506 752
7 64 13 4 361 618
63 28 16 1 319 390
6 61 21 5 639 718
24 100 18 1 351 589
40 94 10 5 500 609
18 9 22 7 532 740
81 55 23 2 295 458
53 16 24 7 236 404
79 67 28 1 232 364
18 2 14 7 500 629
52 97 21 4 646 761
56 26 6 7 412 572
90 71 13 4 518 641
46 64 18 7 305 597
9 4 23 6 247 472
97 30 16 2 433 538
92 83 19 5 471 687
65 84 23 5 560 749
7 90 23 4 350 514
44 98 9 4 413 609
48 11 14 6 628 761
73 22 12 5 270 348
14 45 30 1 390 633
29 91 22 3 402 490
3 66 21 6 433 671
29 17 16 2 530 663
20 63 28 3 353 481
85 43 25 7 297 559
34 73 10 5 343 471
94 55 20 2 398 534
94 57 24 1 339 452
12 84 26 7 613 798
48 83 19 1 680 797
22 49 18 3 367 500
78 77 14 6 421 575
69 36 27 3 289 504
49 72 30 7 283 373
99 15 24 7 671 760
12 3 13 7 242 324
1 0 16 5 203 455
74 76 14 3 355 422
77 5 11 3 343 547
61 30 14 3 291 545
23 45 17 2 212 430
99 2 23 4 304 568
69 0 14 5 244 476
91 27 16 6 634 777
49 73 14 4 308 396
8 15 5 4 218 446
33 46 22 6 266 427
67 2 19 6 323 397
91 17 25 1 208 333
85 65 8 5 591 747
88 69 10 2 610 744
67 28 26 3 576 769
47 95 17 5 637 782
28 10 15 1 644 791
63 32 10 7 293 465
37 63 19 5 220 428
68 60 20 3 222 422
13 26 6 6 453 669
46 91 10 4 321 397
83 8 16 7 204 294
90 27 26 4 618 788
65 63 10 3 321 500
74 17 7 6 287 470
92 74 28 5 594 683
55 4 8 7 612 679
97 57 10 5 365 597
67 21 30 4 246 380
63 18 30 6 554 670
55 24 8 2 220 296
13 50 8 5 303 464
24 40 5 3 455 625
15 100 25 2 278 459
61 19 14 5 270 378
8 30 29 6 556 674
39 53 21 5 642 707
0 86 21 5 281 379
76 21 8 2 391 536
89 78 7 4 423 682
43 66 5 4 495 713
8 55 25 3 251 533
96 15 13 5 345 468
89 32 5 2 247 543
12 80 13 3 379 498
89 3 9 4 513 660
38 78 19 1 239 513
35 5 24 5 495 786
33 57 24 2 249 410
78 54 20 7 255 472
50 54 26 6 643 703
63 26 11 6 210 429
47 11 19 1 302 383
98 15 12 4 655 731
55 42 16 6 538 699
82 26 12 3 258 537
62 36 29 1 614 749
1 16 19 1 375 607
40 52 16 3 360 636
11 48 24 2 559 688
18 58 9 6 455 735
50 37 13 1 367 664
5 37 10 2 526 753
55 41 5 4 288 373
4 53 25 6 233 448
54 73 12 1 573 799
36 48 6 2 501 700
8 92 30 1 252 335
31 1 5 6 311 386
89 64 11 4 262 505
51 4 19 7 432 569
66 51 30 2 528 625
86 49 21 2 399 695
81 66 19 6 542 649
24 1 5 6 569 685
33 35 20 1 434 707
16 51 28 4 349 592
95 78 20 5 625 732
58 39 29 5 364 663
40 43 13 4 557 693
62 52 20 4 528 722
75 78 14 1 337 611
37 2 22 4 262 461
75 92 8 4 530 719
42 74 21 6 286 533
62 70 8 2 393 580
82 37 15 6 542 797
5 55 23 1 542 611
93 20 14 5 444 546
72 37 21 1 372 661
42 14 16 7 346 597
48 66 25 2 357 462
15 16 7 6 297 516
78 78 12 6 374 474
87 67 19 3 666 787
55 60 5 4 412 687
52 55 28 5 492 672
52 87 19 7 642 742
23 95 29 4 443 601
47 26 26 4 402 502
6 65 18 1 593 742
46 92 26 2 384 527
15 39 19 3 458 679
41 71 5 7 211 472
51 32 9 6 348 408
41 98 20 6 274 458
30 45 28 3 586 669
97 19 8 3 704 787
1 14 17 7 418 530
45 7 13 7 214 386
71 71 13 7 403 679
91 72 15 2 232 336
67 35 11 1 357 594
5 2 10 2 324 448
38 12 5 2 644 790
94 76 19 4 222 337
83 34 6 4 388 687
97 45 27 7 577 685
18 84 17 5 352 558
24 62 6 5 222 400
82 95 20 5 443 728
4 8 10 4 331 487
83 84 18 4 454 517
47 96 21 3 346 625
19 36 11 7 483 582
64 11 10 7 281 355
42 37 12 4 371 565
59 59 25 5 401 696
50 71 10 2 387 476
13 62 27 6 702 795
5 72 15 2 233 304
18 83 5 4 277 444
26 80 7 2 207 369
88 3 13 3 450 633
72 82 16 5 588 717
11 37 13 2 455 736
47 35 27 4 204 304
78 46 26 5 433 644
70 66 20 2 372 619
51 66 21 1 204 283
8 61 16 5 683 800
65 87 5 6 458 524
28 36 9 6 225 502
6 16 15 1 638 711
72 100 8 7 399 479
60 8 22 6 434 532
49 77 7 1 576 716
61 66 12 1 306 592
21 75 29 7 223 511
31 77 18 4 490 614
88 90 6 2 287 475
45 73 7 1 456 590
26 6 11 5 484 561
89 14 18 5 331 438
68 95 9 2 459 611
74 69 14 6 415 644
19 49 7 5 374 463
68 87 8 5 529 800
41 21 19 3 510 781
10 54 30 6 345 620
5 53 18 3 417 587
98 88 25 2 324 569
62 15 10 6 231 438
76 68 23 5 458 569
68 77 26 7 401 656
99 19 15 6 253 540
