891
100 1 0 0 0 0
85 52 8 3 641 725
94 95 10 3 394 497
27 94 19 7 504 615
50 24 28 7 506 660
60 66 22 6 438 517
43 98 14 1 554 712
82 58 13 7 448 712
54 47 20 4 536 600
22 29 27 2 270 447
76 40 22 5 534 609
17 81 5 3 435 506
23 76 23 4 526 634
63 33 30 7 522 668
80 1 12 4 384 618
39 37 27 3 442 572
54 23 11 6 383 651
52 98 15 1 317 413
77 0 5 5 550 711
72 90 14 5 541 716
46 90 27 3 274 536
91 98 17 3 423 515
85 23 9 1 471 749
21 99 8 3 478 569
78 3 10 3 402 551
32 94 24 7 523 627
100 73 27 7 668 771
74 74 16 2 381 654
7 47 5 7 297 509
23 27 12 2 473 617
55 18 28 3 438 632
17 6 23 5 290 517
97 11 20 5 370 436
19 29 25 3 326 495
90 9 14 3 528 720
100 12 19 1 477 601
65 42 13 5 367 518
98 55 8 3 459 603
78 48 18 5 422 652
90 62 30 3 307 503
11 27 25 6 369 546
27 35 17 6 221 375
71 51 14 5 312 381
4 39 12 6 351 417
92 33 14 6 543 653
28 87 17 2 350 590
42 15 7 1 418 521
37 99 10 7 526 758
82 64 26 3 234 422
63 79 25 1 539 765
3 23 13 5 408 652
93 40 15 5 456 743
75 42 10 7 210 494
71 35 28 5 518 710
7 35 8 3 544 619
51 83 20 4 548 627
49 38 21 5 476 552
98 87 13 2 348 427
83 66 26 3 666 780
42 83 18 6 302 502
71 44 30 5 298 429
28 29 15 4 290 378
24 36 19 5 371 617
43 96 29 6 458 677
64 35 16 3 577 652
8 11 18 6 409 604
91 12 18 7 246 410
50 76 9 1 370 611
15 88 17 5 290 426
53 34 16 3 367 573
76 8 5 2 488 687
90 50 8 1 348 418
29 41 28 7 432 505
7 79 14 4 232 420
68 90 12 4 620 746
84 41 12 2 415 604
34 47 18 7 633 739
21 70 17 7 268 534
39 74 27 3 207 284
55 56 26 3 204 487
18 76 18 5 350 428
9 65 25 1 225 348
90 20 22 7 556 757
97 61 28 4 462 543
42 39 21 4 597 800
25 56 17 3 533 747
98 64 18 3 466 597
100 28 13 7 307 399
9 27 14 2 548 701
29 46 20 1 509 579
37 91 29 2 226 407
85 25 26 2 376 605
39 21 16 5 457 701
52 5 14 2 313 388
75 6 30 3 311 474
58 81 13 6 509 741
11 66 23 6 384 601
54 13 15 7 232 509
1 27 27 3 464 639
11 15 10 1 260 352
98 57 10 4 218 427
52 20 20 2 458 710
98 54 9 2 436 674
48 33 9 3 371 441
61 95 17 6 463 546
93 4 18 5 349 630
85 48 25 4 499 760
51 32 17 4 574 644
74 28 24 3 435 619
88 59 27 5 472 672
7 46 16 5 314 414
83 24 22 7 261 404
56 90 13 3 255 431
76 33 8 6 592 782
1 15 13 5 380 547
49 73 30 4 478 551
18 94 14 2 394 610
1 2 24 2 295 466
82 38 19 4 205 356
0 50 21 2 290 432
49 81 14 1 610 739
74 48 12 7 251 356
36 0 19 6 436 671
84 64 18 4 422 718
18 75 22 4 205 422
98 23 29 1 541 749
86 80 21 3 347 545
60 92 13 5 347 501
2 0 16 7 335 462
18 29 14 6 267 387
52 93 21 4 306 484
20 26 5 5 204 390
39 77 23 5 567 721
26 72 17 6 357 529
10 22 14 3 568 733
33 36 12 1 359 467
6 20 20 7 540 607
26 74 18 7 481 688
48 27 15 7 249 502
20 85 25 1 445 573
10 68 12 7 396 502
91 7 20 6 658 720
3 91 8 5 492 754
98 5 27 2 578 727
50 74 28 6 314 386
58 55 28 5 217 337
43 50 23 3 619 781
99 6 23 1 639 791
82 21 5 4 259 455
35 71 14 5 348 489
98 15 16 6 629 694
42 12 12 4 462 681
43 34 6 2 344 531
53 75 22 3 629 780
38 9 30 4 427 568
47 7 11 2 637 792
83 78 11 5 252 530
11 13 16 5 358 593
41 9 29 6 359 504
20 63 10 7 555 657
44 63 10 2 591 738
41 20 8 6 353 623
89 25 10 1 326 500
76 87 17 4 213 488
11 37 28 6 604 694
16 41 28 4 249 477
97 12 6 4 231 437
28 52 7 3 401 516
54 84 6 5 460 756
93 17 23 4 269 431
34 10 30 1 528 671
37 40 5 1 238 470
37 41 24 6 280 365
67 34 21 5 408 615
45 30 23 3 328 562
100 71 12 3 311 589
79 93 14 3 349 610
59 16 15 1 413 647
24 64 18 3 703 772
14 16 27 6 585 759
35 7 6 7 509 745
89 84 22 7 441 570
71 9 26 5 360 564
70 50 21 4 416 580
3 83 25 2 437 685
24 24 17 1 568 695
62 20 18 3 678 754
60 11 22 1 221 412
73 86 8 3 253 355
57 3 10 6 561 673
41 37 10 6 533 603
13 16 18 4 337 551
67 35 22 4 317 607
28 72 21 5 348 498
71 71 18 7 309 439
33 45 12 7 638 760
12 92 8 6 238 375
91 8 14 1 380 668
22 48 27 2 496 744
30 59 19 7 420 647
18 93 18 3 347 575
71 43 8 3 447 555
60 34 15 6 307 462
73 11 18 6 379 603
99 14 21 7 225 403
1 79 28 6 459 736
12 15 28 4 519 628
79 49 29 7 591 782
76 57 23 5 562 779
71 63 24 6 583 709
59 71 27 1 525 686
68 63 25 7 528 672
51 74 7 6 218 501
15 87 18 5 313 441
86 88 9 2 382 650
70 3 25 1 283 571
93 74 11 6 715 781
7 85 13 3 519 647
45 70 9 6 349 503
19 63 8 3 227 357
77 11 22 2 525 637
78 4 19 1 590 792
99 66 21 7 232 362
8 47 7 3 627 722
38 62 29 7 448 736
49 15 12 2 618 725
79 95 7 6 327 481
62 42 7 1 637 789
13 95 8 3 440 566
92 44 16 1 354 416
36 51 20 1 297 544
65 30 7 1 486 580
63 13 7 2 484 703
7 50 7 2 416 615
67 92 6 2 448 674
41 25 26 3 448 721
85 2 19 6 340 450
36 42 20 6 367 624
92 54 22 5 448 577
77 98 20 7 215 412
17 65 15 5 677 771
94 41 28 4 414 503
21 12 11 2 216 352
79 27 26 5 320 423
25 69 15 2 338 544
10 6 18 6 660 726
42 40 9 4 400 594
44 24 23 3 585 798
12 43 7 6 309 496
93 70 6 4 566 720
89 75 25 5 371 448
66 7 15 5 314 495
21 29 22 4 476 557
20 67 24 1 205 372
21 93 10 6 561 697
42 84 12 4 323 423
73 31 26 1 272 435
14 19 25 1 216 421
4 44 16 2 530 717
39 48 14 2 636 783
32 90 14 2 581 747
89 20 30 3 554 698
8 20 5 6 292 506
88 2 14 5 300 477
52 54 30 4 510 570
69 69 26 5 378 494
49 97 29 7 526 735
26 65 18 1 430 667
83 85 27 4 423 540
45 74 24 4 299 470
6 94 18 6 548 698
63 3 8 4 240 340
4 1 12 2 378 614
60 19 15 6 237 439
34 3 16 5 275 421
11 36 14 3 280 552
77 12 23 5 320 560
36 78 17 3 661 721
10 98 22 2 549 748
52 28 24 2 262 351
74 8 16 7 410 686
38 90 25 3 200 486
98 37 7 4 243 416
28 95 21 5 381 531
18 5 22 4 682 763
17 98 16 3 491 712
51 50 7 1 510 595
81 95 6 5 656 764
31 8 7 5 218 487
90 35 5 3 326 543
92 48 13 3 338 450
16 84 13 5 214 323
78 81 20 7 217 501
18 35 22 3 672 767
3 79 6 3 479 664
70 8 29 6 368 538
3 74 21 4 247 395
34 97 9 6 432 709
65 54 14 7 578 739
31 74 17 4 501 745
86 82 28 7 351 556
12 88 7 4 367 477
84 14 11 4 413 548
97 71 28 7 566 711
18 96 5 2 211 407
85 29 29 4 231 357
80 64 20 6 355 611
8 41 27 2 209 324
83 21 10 6 409 705
47 71 16 1 535 792
73 99 9 4 531 728
35 96 13 2 350 515
22 52 24 7 414 607
42 57 19 7 392 588
55 69 28 4 469 571
100 7 24 4 361 501
7 40 30 6 235 414
82 6 14 7 588 797
97 37 25 2 257 482
10 14 27 5 248 332
48 30 16 4 225 401
23 21 12 2 587 673
95 60 13 6 533 669
74 97 27 4 535 784
50 68 22 1 278 425
57 42 6 2 445 686
0 57 27 7 445 600
55 91 15 2 259 479
82 37 17 7 451 521
75 48 15 7 297 385
69 58 26 1 565 747
18 48 7 4 683 768
60 84 20 4 526 678
94 31 23 6 233 427
63 30 16 2 530 785
32 17 20 6 633 729
27 56 21 6 578 778
46 16 21 6 351 462
16 10 27 4 345 417
53 38 21 3 258 336
44 27 13 7 665 731
21 82 10 1 217 295
36 100 22 6 376 583
28 89 17 5 508 649
18 87 12 7 535 738
28 62 16 3 644 707
4 13 8 7 407 638
36 56 10 6 391 624
96 48 5 2 534 667
58 78 29 2 304 590
98 28 16 4 253 326
48 98 5 1 487 659
18 39 28 4 428 492
89 11 23 7 256 377
5 83 22 4 208 292
33 29 29 4 329 442
96 47 7 2 499 750
35 75 28 2 659 736
88 61 20 5 402 535
51 0 15 6 200 440
14 74 26 7 332 518
63 65 17 4 620 693
15 67 11 4 469 656
95 45 13 7 254 511
36 3 13 5 439 647
37 60 17 6 529 653
87 90 25 4 530 639
46 87 29 5 304 524
91 34 20 5 205 308
73 28 27 2 425 602
80 20 25 2 298 369
67 68 17 6 296 545
53 98 29 3 579 698
90 17 6 3 445 525
78 69 20 4 335 579
2 96 6 6 590 725
29 30 11 3 501 737
60 94 14 5 476 741
12 34 18 2 370 668
9 52 18 7 495 792
96 4 29 4 277 497
60 31 27 3 473 595
92 97 12 2 434 512
33 84 27 7 374 493
50 19 25 2 283 544
97 17 19 6 383 448
69 95 15 3 509 799
82 87 30 4 239 394
14 46 6 6 507 576
26 45 10 5 226 421
89 46 25 2 626 793
80 6 17 7 393 524
39 70 13 7 372 604
11 45 17 4 495 661
95 80 6 5 388 574
85 38 15 7 479 754
36 70 27 2 475 538
78 26 21 1 214 449
19 43 27 6 225 328
57 40 22 1 408 558
25 65 6 1 629 705
64 44 21 3 278 473
82 72 25 4 361 460
90 26 13 2 647 780
100 30 12 3 309 466
85 28 19 3 502 578
8 100 14 6 611 731
74 9 10 1 520 796
90 46 22 7 420 693
38 33 22 2 503 741
11 43 17 7 667 753
60 76 16 3 353 511
33 87 9 4 319 582
58 83 18 2 463 601
65 90 19 4 354 424
96 91 15 6 344 566
95 94 17 6 213 275
17 12 14 2 661 800
13 58 19 5 377 449
18 2 7 2 308 587
48 39 24 1 281 540
33 3 24 5 685 795
97 13 17 7 418 660
79 2 30 4 545 735
9 35 16 5 524 694
14 47 8 7 223 467
76 69 18 2 291 359
67 62 6 4 376 595
93 20 27 4 628 728
52 31 10 5 347 623
20 37 30 1 614 674
32 7 11 3 428 516
97 92 11 7 381 458
17 96 23 6 519 608
83 57 21 2 519 714
77 52 27 5 343 628
36 37 10 6 342 537
38 41 13 6 318 572
87 88 27 5 393 650
95 71 20 3 283 426
45 17 8 3 318 423
95 78 18 5 673 790
80 12 14 7 280 412
14 57 14 1 455 750
60 73 7 3 361 618
96 8 14 7 215 304
72 19 24 2 252 353
90 8 5 4 279 471
40 17 24 5 550 723
55 22 14 6 319 443
87 30 17 6 568 792
69 91 28 5 569 688
64 76 25 6 625 731
36 99 26 3 470 545
46 47 24 4 333 624
99 49 14 6 215 489
27 51 25 1 454 703
32 6 20 2 478 648
77 9 17 5 257 449
38 86 8 5 238 430
11 75 22 7 518 766
60 68 5 7 327 433
75 8 5 1 352 455
33 75 14 2 599 669
98 13 7 3 509 749
73 43 29 1 523 732
22 14 14 7 394 537
64 0 22 6 629 692
3 11 24 7 475 731
9 22 25 2 375 563
17 82 10 1 558 739
62 52 5 1 681 752
37 100 30 7 572 754
0 80 10 1 202 483
63 18 12 4 433 718
9 29 23 3 301 559
90 79 21 5 380 645
13 15 28 3 367 663
88 77 6 4 305 526
34 0 28 4 320 454
91 11 17 5 316 482
97 26 9 6 360 613
69 82 19 4 502 577
83 40 12 2 658 722
98 4 28 6 605 698
38 23 21 7 461 531
33 55 7 2 248 326
56 33 22 2 493 746
0 78 11 2 255 445
100 74 23 3 373 611
79 50 20 1 314 397
4 92 30 6 266 471
3 36 13 2 440 709
58 51 18 3 303 452
22 61 7 5 498 584
13 92 6 6 512 798
76 21 8 2 336 503
97 46 11 3 482 579
43 46 15 6 420 667
11 97 21 2 540 715
34 41 8 6 655 793
45 47 19 3 247 539
46 30 14 2 594 663
7 65 13 1 415 570
33 64 15 7 613 696
48 57 7 3 272 564
56 10 9 6 270 540
44 0 12 5 388 677
14 79 23 1 449 739
43 51 19 7 518 691
46 0 13 1 373 509
94 16 30 4 241 403
56 75 19 1 595 693
20 32 6 2 213 510
7 83 14 1 480 657
11 42 12 3 323 456
61 69 13 6 610 725
92 53 11 5 530 775
60 81 9 7 519 588
52 61 11 6 456 720
84 51 5 5 293 586
84 6 14 5 213 380
53 28 17 2 604 727
51 80 17 7 231 324
71 73 29 6 223 295
79 18 23 3 565 694
49 70 24 5 561 666
45 54 5 3 552 721
50 1 15 1 288 403
81 46 13 2 242 493
60 85 28 3 448 594
94 49 21 1 532 638
89 18 26 5 222 397
86 100 8 7 651 784
100 11 23 4 448 600
54 3 20 5 375 494
52 81 29 4 572 717
27 75 20 4 499 697
14 66 11 5 322 581
89 39 11 6 268 378
85 14 13 2 202 307
81 47 14 4 519 772
23 34 14 1 435 623
36 74 23 5 361 433
61 60 22 4 364 436
24 89 23 3 296 400
24 87 23 7 221 488
50 29 17 7 469 530
92 0 25 6 466 761
82 76 27 2 340 442
81 49 21 1 485 637
78 78 19 3 400 563
34 55 24 7 481 629
70 77 19 3 320 531
91 95 25 5 321 520
29 77 17 6 364 554
27 77 16 2 205 283
65 35 11 5 428 620
71 100 7 1 413 551
57 99 21 4 333 532
14 41 24 4 228 379
22 1 21 7 308 466
91 80 22 5 474 594
23 77 16 5 380 482
97 54 27 1 260 338
16 80 26 3 272 342
57 75 23 6 418 694
56 61 20 4 454 664
100 36 17 1 340 460
99 58 30 7 332 396
6 26 30 3 243 494
79 98 8 7 445 680
65 95 17 2 391 627
23 9 6 3 460 732
34 79 26 7 340 411
0 67 18 7 263 559
45 77 29 7 324 554
57 81 28 2 509 743
12 48 15 5 537 614
57 13 12 2 344 563
71 84 13 3 259 554
52 33 6 1 609 797
11 12 20 2 516 674
69 18 29 7 395 609
67 43 10 6 548 657
29 89 20 2 239 370
61 14 27 6 514 621
80 34 29 2 480 645
56 81 29 6 632 789
72 37 30 5 227 418
41 57 22 4 225 385
53 52 23 3 289 379
24 21 8 1 400 654
83 88 9 7 468 569
48 41 28 3 592 787
63 31 20 5 219 476
74 14 13 3 611 786
21 68 13 5 387 467
24 14 16 5 517 608
90 6 13 7 341 430
54 70 30 7 295 585
46 26 16 6 516 753
35 77 11 7 468 600
59 29 26 3 379 594
82 24 30 3 428 513
0 84 26 1 316 569
43 66 30 1 717 794
30 30 5 2 428 488
35 61 21 7 620 750
4 76 30 6 397 685
82 28 14 5 228 475
7 30 6 3 325 458
6 52 15 2 382 614
7 74 18 2 471 687
81 86 19 2 448 593
37 72 7 4 425 491
97 66 8 7 274 395
57 76 18 7 376 559
53 97 8 3 228 352
66 18 26 6 521 604
75 100 8 6 443 567
98 47 10 5 266 540
49 30 26 2 275 575
56 62 14 7 327 532
44 26 24 7 380 513
24 1 17 5 357 500
54 15 19 4 531 667
71 80 29 2 279 547
36 60 11 3 220 454
6 17 19 1 569 784
58 93 29 5 612 721
81 63 29 3 488 647
69 78 25 4 676 746
55 16 20 5 474 549
89 83 25 1 322 448
25 10 27 7 383 611
26 41 15 4 304 524
93 37 10 2 251 322
91 3 11 4 392 609
25 5 9 1 595 760
40 75 16 3 491 568
80 69 20 1 497 584
33 97 19 7 264 559
54 71 22 2 423 597
49 39 30 3 436 541
26 33 5 5 271 521
53 81 12 6 524 639
73 100 16 7 496 557
4 8 29 7 339 425
28 100 24 5 266 474
9 81 24 3 262 477
96 24 30 1 481 554
89 8 8 5 451 677
57 55 10 5 424 705
99 12 16 5 367 579
11 82 8 2 296 416
22 24 26 3 519 608
89 36 20 5 553 640
85 63 17 1 446 509
83 32 28 5 404 603
49 95 18 6 200 360
98 81 30 5 602 790
94 62 17 1 277 461
81 77 23 4 413 473
91 61 16 7 393 504
98 88 26 5 458 717
51 41 20 5 332 458
91 64 29 2 489 604
37 53 14 6 348 607
94 11 27 6 514 586
36 9 19 2 297 466
35 12 25 4 266 411
26 99 26 7 265 342
0 73 14 2 383 546
21 0 13 3 321 599
36 95 7 7 461 541
2 74 22 4 201 364
7 37 15 4 282 384
100 62 7 3 529 650
22 97 23 4 219 460
74 70 29 7 458 636
85 57 11 5 335 496
57 93 10 1 390 645
6 82 17 7 411 632
31 34 14 7 419 508
45 44 12 4 422 719
33 53 29 7 414 600
48 22 7 6 324 526
81 84 26 6 679 742
26 80 15 6 268 525
29 56 19 3 565 644
85 77 6 4 702 797
64 54 12 2 616 728
88 0 30 3 497 757
64 67 23 7 431 551
2 73 29 3 726 800
94 15 10 2 447 575
95 52 7 4 213 365
10 72 16 1 314 586
76 54 26 3 380 449
11 92 30 2 426 504
33 93 20 2 491 772
11 39 18 6 368 572
59 72 25 6 560 661
4 80 22 4 444 684
9 72 26 7 357 603
47 3 18 7 638 798
84 67 13 6 570 759
91 97 21 3 629 711
100 87 26 7 567 669
74 20 22 1 207 473
25 28 7 2 647 774
14 97 7 6 407 593
28 46 18 2 396 685
27 70 8 3 356 583
65 85 21 5 497 766
40 24 29 3 497 722
44 98 29 4 331 545
91 91 18 3 474 736
50 47 25 1 434 595
16 55 29 5 432 668
6 25 9 6 262 424
79 68 24 2 332 578
42 94 23 6 422 694
87 58 29 4 615 789
14 12 24 4 316 519
68 99 15 2 208 295
26 75 21 5 536 705
99 73 5 5 559 776
55 57 24 1 205 276
8 67 12 5 286 559
28 30 8 5 370 436
32 81 19 1 264 394
23 84 21 3 497 761
28 40 17 2 317 484
91 0 9 2 513 626
96 17 14 4 637 737
88 53 25 7 573 646
92 75 22 4 509 619
61 49 21 2 548 741
22 0 18 2 481 542
89 49 12 7 206 504
2 38 15 1 415 681
99 70 28 1 281 373
21 43 29 1 466 590
88 98 13 4 389 662
10 17 8 5 215 428
73 96 20 2 272 438
8 79 28 6 232 350
45 48 28 3 399 620
9 66 14 1 223 359
24 62 5 4 690 752
66 93 20 7 387 485
75 44 18 2 204 344
80 63 9 7 271 373
68 19 25 2 283 541
92 96 10 1 228 416
57 87 15 4 398 499
72 47 18 2 234 317
76 43 20 3 519 743
82 97 12 5 225 433
64 7 22 4 245 507
18 64 19 5 215 501
91 67 22 4 351 438
89 54 19 5 346 576
38 53 21 1 431 537
32 30 11 6 415 500
14 90 23 7 557 778
9 75 22 2 580 721
10 78 13 4 238 335
37 37 29 6 282 359
61 75 25 7 394 551
31 78 18 3 398 556
18 59 12 6 420 587
66 58 9 6 564 632
38 29 18 3 204 499
17 11 10 7 208 382
24 31 8 4 503 745
63 70 12 7 529 721
32 58 27 6 265 377
39 31 29 4 491 777
9 28 6 5 390 559
20 47 23 3 489 701
20 46 19 5 596 665
76 9 16 3 476 639
79 59 6 7 628 756
81 60 21 5 481 661
38 63 24 7 544 684
54 45 11 2 562 798
11 84 23 5 350 450
94 82 25 1 410 485
51 59 22 7 586 716
44 30 10 6 584 761
5 68 11 1 204 419
90 31 7 4 418 602
70 93 21 6 371 639
49 49 27 2 343 492
42 7 9 1 545 692
50 12 5 5 600 707
63 23 25 2 229 503
78 28 9 6 325 484
10 99 14 3 304 423
87 93 17 6 477 571
61 24 12 4 461 566
12 8 7 4 227 477
41 68 27 5 260 419
29 75 20 6 306 495
48 99 25 1 214 464
78 77 23 3 333 400
11 100 10 2 529 698
87 26 19 5 597 796
75 55 8 2 635 695
23 32 12 3 413 697
2 4 30 1 388 622
24 8 18 5 513 797
60 96 23 4 251 360
29 4 14 4 577 671
68 71 11 1 566 656
9 45 28 5 535 764
71 1 20 6 276 460
70 46 21 5 263 535
50 5 14 3 359 475
82 13 27 1 643 719
59 85 7 3 561 623
100 34 27 1 307 404
19 54 26 5 273 534
33 91 27 5 398 483
25 17 23 4 573 754
67 42 19 5 469 614
10 27 25 2 578 691
55 70 16 7 344 580
38 89 30 1 682 786
6 12 6 1 486 622
95 32 8 7 543 703
9 12 10 5 575 696
33 69 24 3 338 490
9 63 22 6 477 713
79 7 12 3 418 640
9 87 5 3 466 611
74 89 13 4 548 745
17 21 20 6 372 460
5 50 15 1 311 477
80 2 19 6 389 575
98 6 11 3 402 650
98 35 30 7 332 614
37 90 17 3 249 507
92 31 15 1 563 695
92 6 16 4 422 652
15 59 24 4 314 395
32 37 29 4 221 499
83 20 22 4 428 625
97 91 15 6 327 516
94 54 7 7 242 533
37 36 22 2 224 335
14 6 25 7 238 366
53 55 30 3 553 765
27 96 26 5 514 799
77 83 14 1 279 559
51 69 8 6 312 558
89 42 8 2 339 525
79 67 17 5 647 791
41 55 11 2 323 414
17 34 14 1 319 442
26 46 23 1 421 672
27 61 10 2 372 653
72 84 27 3 600 764
17 0 29 7 630 754
37 24 29 3 580 794
10 63 12 5 597 713
53 22 7 2 606 756
65 26 21 7 383 656
5 40 24 6 367 600
9 92 15 1 368 444
21 24 19 7 313 510
39 63 25 3 446 658
29 0 20 4 641 780
21 19 23 5 559 763
70 72 19 6 467 532
65 5 28 5 451 720
5 57 25 4 453 681
3 6 5 6 463 636
60 61 26 4 259 433
23 12 23 5 233 393
31 35 27 7 473 699
14 71 22 2 313 451
19 40 23 5 407 650
16 61 22 7 364 576
4 6 5 7 511 723
69 25 16 3 246 335
45 20 11 1 274 565
74 83 11 7 486 706
