1138
22 15 0 0 0 0
87 87 25 6 310 536
60 45 27 7 408 565
48 4 14 5 212 495
92 20 20 7 526 612
65 62 20 4 210 384
69 69 13 3 216 507
19 98 22 2 676 759
24 33 5 7 445 686
96 7 23 3 236 424
5 95 16 3 427 716
60 29 20 2 338 616
30 26 19 4 423 550
4 49 22 2 434 647
43 98 5 2 313 397
34 54 7 2 424 603
92 44 17 2 462 683
64 24 15 2 384 626
45 16 6 4 461 657
0 75 11 4 529 768
54 73 30 4 294 422
69 78 16 6 440 618
81 75 12 2 543 774
27 19 22 4 550 687
18 68 26 4 587 734
56 58 25 4 347 465
31 70 14 6 271 389
40 37 25 4 494 781
28 23 7 1 551 737
71 60 22 6 635 789
32 1 18 7 439 568
80 52 26 1 491 681
30 2 15 5 414 699
93 63 20 6 276 410
39 56 14 6 271 506
81 34 15 5 505 760
66 84 9 3 676 765
79 47 19 3 435 669
64 20 7 4 610 730
40 30 29 3 558 733
5 58 30 2 351 501
94 20 17 4 321 605
58 98 7 2 612 778
13 55 15 3 650 780
100 28 9 3 551 747
61 6 19 5 529 669
12 98 26 7 352 525
10 43 14 3 567 721
35 83 14 3 338 626
35 70 17 1 215 288
83 21 17 1 474 585
79 43 30 4 264 545
99 52 15 1 603 748
95 51 8 1 514 677
41 93 25 7 308 529
91 65 29 2 420 719
97 31 13 3 455 568
79 80 20 1 389 573
48 39 16 6 253 360
54 69 15 1 516 657
90 50 17 7 284 388
83 91 27 5 509 702
71 92 20 3 356 453
23 2 9 6 436 683
22 7 21 2 497 699
86 86 15 7 378 620
56 28 19 2 500 603
41 50 19 4 524 750
12 34 11 5 381 573
98 33 24 1 603 745
33 26 12 3 411 592
26 92 25 4 387 568
95 58 14 2 222 500
1 4 25 1 539 612
3 32 9 7 499 608
28 10 28 6 399 616
48 30 16 2 515 660
20 90 28 3 369 635
27 24 15 3 390 571
84 47 27 6 450 665
42 84 13 2 451 638
30 97 9 4 243 484
87 70 21 3 453 715
41 52 5 5 543 722
53 94 5 2 517 711
34 83 26 2 329 471
73 85 21 1 313 445
24 99 8 6 677 763
72 88 9 5 674 786
51 85 5 2 362 501
66 46 22 4 225 345
22 43 5 6 411 671
22 70 23 2 543 707
32 53 21 1 662 781
42 91 27 2 496 775
91 6 28 6 213 464
2 29 18 1 377 677
50 97 7 1 692 752
93 57 26 6 566 744
8 75 30 7 529 633
33 1 8 1 623 792
71 57 17 6 247 376
69 66 25 2 468 765
46 19 29 7 426 699
81 47 8 2 422 486
38 70 13 1 313 556
82 22 28 7 262 561
40 67 18 4 613 738
21 89 28 5 324 624
78 89 19 4 280 495
74 77 11 6 535 698
97 44 16 1 336 629
26 91 27 7 352 623
100 72 15 1 475 669
87 41 25 7 339 453
81 1 6 7 545 767
45 55 22 5 211 482
1 1 11 5 592 690
39 88 20 5 207 319
99 92 9 2 223 513
77 97 22 1 518 686
99 82 13 3 233 372
59 99 7 1 284 436
33 50 15 4 309 405
38 8 25 2 494 676
81 3 26 3 508 626
62 34 5 1 481 547
97 24 9 3 236 353
49 40 23 3 264 324
20 5 13 7 565 643
61 75 28 5 250 411
29 73 28 2 613 692
91 79 25 3 641 721
98 57 13 7 304 450
48 20 6 1 513 654
36 41 25 1 533 654
94 23 12 3 396 601
86 25 19 3 575 692
74 66 24 4 282 368
6 51 30 3 284 557
57 60 29 7 452 597
88 42 13 4 449 647
86 83 19 5 498 564
68 30 23 2 425 629
51 65 21 1 235 348
43 61 18 4 334 397
8 63 17 1 403 586
35 18 19 5 548 630
33 58 27 4 471 769
97 100 28 4 625 719
73 46 13 2 336 576
31 6 13 3 601 693
77 89 28 6 442 674
0 19 7 7 407 555
67 16 5 7 411 530
87 62 30 6 359 501
96 50 29 2 260 454
84 45 5 3 405 681
69 49 7 4 646 770
70 96 11 5 637 797
89 85 24 6 363 629
60 7 23 1 598 673
9 74 10 2 479 579
84 5 23 7 326 584
7 100 14 3 441 617
70 61 8 5 535 697
52 65 20 7 320 529
33 89 13 5 365 651
5 34 29 3 450 714
63 29 11 3 206 290
29 72 20 5 449 626
47 90 20 2 638 728
86 43 20 5 357 471
76 12 22 4 358 434
50 81 24 3 509 593
54 93 21 1 253 462
77 76 17 2 213 365
68 79 11 3 439 653
60 55 7 6 371 448
8 69 26 7 329 588
46 40 14 6 501 639
14 10 6 1 357 569
9 10 7 4 398 695
41 7 22 1 248 492
95 64 19 5 216 423
52 3 28 4 207 281
35 29 15 3 559 652
70 45 5 3 547 703
64 35 10 1 476 709
33 47 5 5 391 482
0 32 15 5 554 662
24 34 30 5 609 723
67 8 21 7 205 417
86 15 8 5 518 795
94 58 14 5 377 496
94 1 13 2 269 454
100 39 9 7 270 338
71 93 22 1 456 616
76 29 30 4 342 616
71 99 29 7 291 540
61 56 27 3 486 779
16 30 30 1 544 623
81 10 24 7 444 589
50 6 18 2 310 404
52 90 6 5 234 508
43 59 17 2 627 724
90 34 6 1 437 503
49 25 24 2 408 495
3 84 29 7 233 332
18 71 28 5 502 776
69 55 24 1 584 649
91 27 28 3 531 602
69 31 19 3 600 685
15 1 12 5 365 561
39 18 25 2 535 755
23 55 14 1 576 679
37 65 10 5 535 680
80 81 23 5 409 546
38 13 6 5 381 455
72 40 6 6 412 473
78 21 7 1 361 557
73 89 17 5 583 663
38 15 5 5 206 452
21 46 15 5 304 425
73 73 25 7 300 596
45 86 7 7 387 674
29 100 28 5 345 413
94 18 17 4 424 596
32 92 26 5 485 590
1 84 27 4 277 391
10 100 16 7 414 675
77 71 19 6 504 713
48 10 26 2 517 698
22 86 6 7 402 692
83 15 19 2 466 685
77 25 11 4 619 728
92 56 30 4 305 574
77 40 11 7 532 630
41 33 13 7 511 601
2 58 28 4 242 335
38 92 22 5 270 570
77 48 6 2 230 406
55 30 5 4 440 728
33 68 30 2 602 713
27 21 12 1 311 461
49 60 28 1 712 783
83 69 24 5 520 787
62 48 12 2 561 800
58 1 5 2 629 736
49 37 11 3 320 512
57 32 19 7 490 722
11 3 22 7 415 481
91 100 13 4 504 628
16 97 30 4 608 721
37 19 13 5 419 603
56 79 25 2 412 551
41 94 24 5 527 701
80 7 13 7 380 679
68 38 13 2 537 630
87 69 14 6 307 407
68 7 26 5 535 723
35 89 13 7 453 619
32 11 24 5 465 619
35 0 20 5 555 695
56 67 17 3 535 630
1 86 7 4 253 334
41 100 11 6 683 795
85 63 29 2 593 702
41 73 24 7 378 643
7 51 19 4 331 569
58 30 27 2 218 492
40 68 25 1 356 481
20 93 5 3 209 387
31 97 13 2 221 488
37 67 17 5 515 681
26 79 26 3 377 456
74 0 28 3 598 766
16 26 9 1 343 617
86 54 12 3 404 581
41 98 15 3 277 544
18 65 26 4 558 798
15 100 12 5 271 353
12 4 16 1 563 644
61 63 20 7 265 531
45 0 14 4 448 690
95 97 12 2 410 495
54 98 11 3 447 726
40 29 23 6 264 371
57 16 20 2 314 448
26 52 18 3 417 696
27 93 20 5 331 520
65 99 7 6 397 585
35 98 19 3 400 494
60 20 29 5 605 752
23 85 7 5 377 465
20 43 7 7 313 414
22 54 5 2 545 793
31 96 30 4 357 497
45 15 30 1 393 681
83 18 5 2 284 373
0 59 15 5 606 795
72 62 25 3 228 446
84 76 25 6 508 728
33 32 7 4 250 417
65 1 26 6 315 564
53 71 24 4 320 438
92 65 6 2 223 423
2 49 13 5 652 792
3 52 29 5 516 591
2 0 15 4 229 336
75 86 9 6 200 387
46 63 7 3 400 559
6 20 9 4 586 703
39 34 26 2 422 651
0 69 23 1 442 511
63 87 12 6 469 754
96 51 23 1 309 403
71 36 27 5 253 341
70 26 24 4 254 401
7 33 24 7 559 743
50 98 14 5 587 780
62 15 11 6 553 763
84 17 17 7 417 515
85 25 18 6 365 469
60 87 25 2 429 554
100 9 22 6 360 567
17 24 27 1 398 587
85 85 8 3 219 306
5 93 12 2 469 576
79 59 16 6 296 369
19 16 7 3 330 431
28 79 26 4 546 720
70 31 18 5 382 556
36 92 19 6 504 769
24 37 19 4 513 629
70 40 14 5 407 532
55 13 17 5 249 388
7 65 23 5 626 798
96 24 5 1 477 616
51 91 8 3 533 678
67 19 15 3 271 397
55 34 22 1 667 790
42 31 22 5 324 573
72 78 29 5 381 521
82 42 12 2 288 406
69 24 26 1 276 343
22 10 29 1 590 749
63 6 12 6 411 506
82 46 18 6 355 473
9 2 20 5 354 500
96 28 5 7 387 575
82 81 14 5 379 624
65 58 19 7 411 560
67 86 23 6 274 459
84 24 8 2 318 608
62 50 17 3 227 327
66 86 20 4 425 518
26 73 6 7 218 407
82 18 27 6 380 556
64 41 10 7 579 712
37 73 23 4 408 615
29 75 21 3 600 699
98 16 7 2 356 568
94 99 28 7 322 540
79 67 20 2 244 495
23 67 15 6 611 766
1 79 27 1 350 530
76 80 17 1 222 500
30 70 11 2 273 500
32 26 30 6 250 325
44 58 15 4 582 655
3 58 29 7 402 495
62 91 19 2 365 625
40 28 14 7 524 749
43 20 23 1 311 444
72 73 16 1 496 659
30 18 28 6 366 658
66 10 15 5 254 430
9 7 28 2 528 671
53 100 28 6 355 590
5 65 29 3 551 640
64 14 11 5 461 590
80 86 19 5 254 330
54 96 10 7 424 502
75 28 27 2 274 531
64 3 10 1 385 566
25 60 17 4 409 603
39 81 20 2 357 543
18 90 7 2 265 364
2 65 16 2 484 755
50 8 22 2 320 433
76 6 22 7 542 692
17 64 25 2 337 525
86 28 13 7 696 799
100 91 30 2 305 559
53 91 17 6 550 790
64 1 30 2 363 642
63 86 14 1 560 784
99 31 13 4 354 432
1 75 23 6 323 478
78 73 11 1 286 374
7 19 6 6 513 716
2 36 9 6 605 666
66 65 21 5 271 389
12 80 28 3 425 568
91 18 5 3 319 537
50 67 11 3 369 482
78 15 24 5 211 434
19 27 15 1 583 737
83 81 8 3 297 551
41 65 16 4 483 697
26 62 27 3 291 536
49 41 24 6 206 455
19 69 9 2 428 626
87 48 17 2 290 482
95 38 9 3 552 637
86 71 20 7 414 590
73 49 23 1 364 460
30 49 19 4 461 561
63 74 10 3 608 680
51 5 21 4 266 432
8 76 19 6 228 499
23 69 21 3 207 446
22 24 25 6 263 511
50 29 27 6 434 530
60 96 19 2 596 707
92 14 20 4 554 758
44 33 15 4 240 467
40 25 21 4 271 428
75 77 12 3 524 755
48 14 29 2 224 345
43 43 11 5 424 589
7 15 28 1 591 663
42 90 11 5 583 706
32 64 29 5 362 449
90 57 20 3 482 725
9 91 20 4 403 571
3 6 7 5 242 366
62 29 28 1 623 747
25 16 29 3 372 479
19 88 13 6 489 761
66 56 26 7 307 522
36 10 16 1 450 726
88 43 22 5 327 615
85 2 8 6 232 462
91 34 16 7 355 584
3 35 26 4 293 452
89 56 26 6 249 422
90 29 25 1 558 700
37 87 30 4 438 543
37 44 18 6 221 406
14 11 30 6 284 421
27 72 25 4 488 778
69 93 18 2 460 628
18 41 7 1 541 732
26 15 27 6 630 709
56 94 12 4 615 788
22 100 25 6 248 521
19 96 22 5 507 586
41 71 10 2 531 596
29 37 14 2 233 312
93 77 25 6 374 521
55 5 23 3 492 593
18 50 15 4 329 572
2 15 21 1 300 408
11 88 14 5 629 718
13 28 29 5 510 703
28 14 25 1 328 497
54 26 28 6 420 572
25 59 22 2 481 541
52 70 14 5 251 530
66 28 9 3 250 349
7 39 6 5 466 548
23 84 20 2 575 657
55 49 26 5 557 780
32 65 6 3 267 464
7 17 13 2 242 528
51 95 19 7 383 572
81 97 22 1 214 326
9 64 9 3 698 783
28 16 5 1 357 556
53 50 20 5 539 726
2 24 10 3 274 441
0 62 11 4 488 676
2 16 11 7 483 628
52 32 24 1 330 400
96 75 21 6 314 428
96 41 23 1 631 761
15 26 15 6 261 531
91 63 25 7 562 762
15 71 11 6 208 398
30 35 26 5 609 767
22 44 8 7 345 442
39 85 24 6 443 632
91 62 15 7 344 523
93 69 11 1 280 438
19 70 27 4 432 596
14 6 28 7 464 708
91 77 30 5 558 748
81 79 12 1 359 472
71 71 29 7 304 524
94 79 29 7 487 677
82 57 28 2 322 439
44 27 11 5 459 603
12 75 29 1 540 692
66 69 10 5 344 552
65 65 30 1 407 607
68 55 15 6 403 587
69 56 16 4 541 783
78 64 21 1 541 666
54 31 18 4 296 394
11 31 11 5 598 798
15 31 27 4 209 495
74 62 16 4 547 614
59 18 24 6 618 778
58 15 23 4 645 767
18 24 9 7 361 530
34 85 21 7 433 641
53 97 9 3 539 732
59 2 27 4 295 424
38 80 27 6 524 761
34 53 18 6 460 641
45 9 28 3 341 438
55 43 6 4 341 498
17 35 11 5 349 582
16 90 7 2 384 446
25 21 26 6 521 691
31 18 8 3 309 517
80 87 14 5 677 739
46 67 6 3 294 432
87 58 5 3 593 702
93 24 28 2 392 582
10 10 24 7 220 504
79 20 10 4 581 799
40 52 8 5 308 584
1 97 5 6 238 465
28 53 29 2 304 588
73 54 12 7 628 759
5 81 5 3 372 477
84 87 15 5 577 790
42 15 6 5 411 666
20 99 16 3 500 756
7 87 18 4 263 549
73 3 20 1 625 718
28 69 27 3 342 633
78 17 21 1 331 489
41 88 12 1 331 535
83 59 24 2 353 486
38 85 29 3 288 585
86 52 14 2 565 720
34 66 20 1 696 759
26 44 7 6 400 472
78 72 23 4 328 546
2 25 6 6 589 690
56 64 29 6 433 545
52 64 13 4 655 764
63 9 10 2 215 277
4 15 23 2 374 656
73 76 16 6 494 741
9 96 26 4 570 771
99 71 30 3 541 723
55 40 11 2 244 453
21 96 27 4 421 611
36 93 24 2 399 595
78 27 5 6 336 615
83 39 9 4 335 476
87 55 14 3 320 617
49 58 17 5 226 471
71 1 28 2 549 764
97 69 8 6 586 650
28 29 20 4 382 519
32 42 15 2 271 363
85 47 20 2 720 795
61 43 13 3 288 519
71 24 5 1 458 714
11 52 20 4 259 471
13 75 29 7 692 770
21 91 5 7 343 418
29 64 12 4 328 461
55 73 18 3 528 673
91 69 27 4 413 614
89 50 13 6 219 467
91 64 22 2 550 673
6 34 21 7 433 704
96 94 30 2 200 309
47 84 12 7 425 580
1 74 19 3 597 783
88 72 9 2 404 498
5 6 16 2 450 700
18 72 21 3 596 679
94 33 16 5 405 506
87 46 9 5 250 359
1 45 22 4 614 725
47 43 10 3 249 483
63 98 23 2 407 672
4 16 18 6 229 371
50 37 23 7 472 565
91 2 14 2 481 687
64 89 7 2 391 520
3 75 24 1 495 561
59 53 15 2 662 723
17 51 14 5 519 666
51 61 10 3 317 510
73 9 20 3 443 712
15 89 26 5 618 740
68 43 7 5 447 664
63 71 14 5 305 520
53 73 28 7 335 633
3 85 9 7 402 682
88 77 22 4 479 671
51 53 9 5 396 471
51 77 21 3 490 621
55 27 7 5 397 526
90 42 25 7 231 426
37 98 16 2 403 651
78 9 27 6 224 506
13 50 13 6 563 693
54 100 9 4 309 544
16 75 21 6 422 675
9 94 7 3 219 307
27 20 9 7 415 513
95 24 25 4 317 563
5 38 18 7 330 394
3 34 23 6 401 586
26 56 13 7 539 713
6 41 14 4 641 768
96 69 5 1 629 784
2 79 13 3 325 606
61 9 12 6 546 721
57 86 22 5 499 700
65 9 11 1 622 717
70 85 17 1 540 719
4 59 10 6 216 327
30 36 29 3 550 673
18 95 28 2 300 530
15 94 7 2 433 543
9 56 8 3 435 649
47 23 21 1 243 367
97 7 10 7 239 504
74 74 11 7 587 720
13 34 23 3 286 395
25 70 9 3 211 358
94 34 11 5 639 790
71 97 18 7 543 710
85 0 23 2 472 743
93 97 21 2 398 489
73 99 18 4 561 638
9 14 30 4 454 519
93 17 22 2 480 677
58 51 14 4 480 576
4 79 29 2 650 795
67 57 25 2 331 589
68 56 30 6 326 398
15 83 24 7 445 611
9 30 6 1 486 665
29 16 29 6 504 626
43 95 25 5 631 787
99 27 25 6 493 584
82 9 17 3 281 356
67 7 30 7 253 464
78 84 17 6 478 546
86 66 13 5 288 398
97 59 19 1 525 795
57 31 7 3 617 769
66 83 6 4 393 466
35 49 17 6 216 484
85 55 12 1 246 512
57 14 16 3 389 543
35 16 29 5 534 688
84 57 26 7 273 502
48 67 12 5 375 512
8 74 24 3 221 479
46 66 20 3 288 459
38 45 19 5 626 772
60 2 21 3 513 608
13 0 8 5 202 346
3 45 28 4 522 618
66 21 12 4 570 781
21 88 8 3 273 518
8 30 17 3 292 414
34 10 11 6 350 601
50 42 8 5 651 711
16 7 14 5 273 388
33 44 21 5 244 538
28 19 13 1 369 635
61 18 12 7 578 656
8 91 9 6 451 689
59 77 5 7 574 770
82 73 26 1 661 769
21 73 15 2 260 396
77 34 28 7 365 640
92 87 11 1 590 741
97 18 27 5 613 780
16 69 18 3 350 448
39 44 6 4 589 762
77 70 5 6 686 755
6 78 16 3 245 487
29 35 19 2 207 341
17 85 19 1 358 519
34 43 8 6 300 520
76 15 30 1 271 395
24 94 24 4 244 333
2 10 28 3 357 486
97 36 17 3 248 426
19 12 13 6 243 449
98 1 11 7 475 700
16 86 9 2 353 644
2 3 17 5 378 474
73 93 14 6 576 756
57 97 17 3 393 517
72 6 6 3 482 574
97 40 26 7 406 593
59 92 13 4 324 526
59 41 23 6 538 798
83 9 5 4 343 491
83 43 13 5 288 538
49 27 6 3 352 623
96 59 11 7 719 783
74 24 16 4 218 510
26 59 8 7 336 505
16 0 14 2 284 420
98 22 22 2 478 712
41 6 26 3 581 777
95 70 7 7 426 677
0 92 23 5 438 532
81 14 9 7 246 314
88 48 27 7 514 698
74 10 8 2 583 776
38 33 10 2 593 678
35 14 10 4 527 629
33 22 6 7 267 542
62 27 11 5 453 566
78 86 7 3 592 714
81 87 30 6 271 512
53 40 23 1 628 766
7 28 6 1 283 512
82 84 29 7 452 716
29 6 8 7 351 529
62 89 6 1 324 405
58 57 5 5 303 417
35 72 23 2 374 465
21 72 16 2 341 420
17 18 22 6 310 441
40 21 11 6 399 549
46 14 27 6 238 343
46 52 20 2 383 449
95 34 13 4 581 722
57 68 15 1 704 778
61 32 18 2 203 458
32 54 13 2 296 508
74 32 30 6 410 614
80 89 10 4 448 742
54 9 12 5 367 490
92 22 10 3 410 531
46 68 20 1 523 781
77 77 20 4 356 517
80 91 24 4 309 538
88 44 27 2 228 429
61 60 27 5 381 496
36 24 26 7 242 318
59 82 14 1 364 577
95 87 8 1 261 549
12 36 27 2 553 669
93 98 30 7 429 565
70 37 23 4 352 558
51 69 26 6 283 444
20 23 20 3 230 296
68 80 22 2 329 438
11 21 16 1 466 736
68 14 16 6 459 633
63 50 19 7 359 512
3 51 22 3 440 679
30 7 9 3 433 529
5 71 30 5 386 467
46 29 9 1 568 633
71 40 24 5 577 710
65 64 16 2 274 472
1 76 26 1 590 759
5 12 12 3 638 724
25 53 21 5 587 684
97 58 13 6 690 780
30 32 9 1 417 595
14 72 9 7 208 396
51 83 7 3 707 787
8 39 26 4 538 647
13 91 14 2 223 365
24 56 23 3 435 658
75 44 22 7 253 463
84 64 9 3 587 713
5 18 8 2 354 512
64 55 27 7 432 633
56 11 15 5 572 757
62 66 18 3 340 621
74 45 16 7 267 463
18 80 5 5 554 711
87 81 29 4 249 512
12 52 29 2 328 544
88 68 6 1 616 798
89 64 18 1 391 597
50 35 10 4 505 648
8 66 30 4 463 620
68 32 8 6 310 386
64 10 10 2 496 725
44 100 22 5 247 372
82 11 25 3 537 713
56 13 27 3 303 390
48 11 14 7 490 766
24 4 7 7 515 752
2 61 16 1 500 796
80 40 24 1 456 605
55 12 11 5 416 499
31 92 23 1 581 761
32 70 28 4 523 739
58 11 8 1 683 791
90 53 13 7 258 406
8 18 25 1 534 653
43 63 28 7 639 773
86 77 21 7 644 721
3 67 23 2 216 487
73 30 15 1 523 634
21 12 6 2 607 711
52 55 10 3 417 673
10 84 20 2 503 682
30 24 29 2 401 510
25 94 25 4 529 730
20 6 27 6 319 564
22 51 8 6 490 701
23 51 24 4 422 603
27 97 9 1 598 779
98 7 11 4 406 533
6 10 10 6 279 544
27 98 20 4 432 610
44 54 11 2 465 666
39 83 30 2 454 680
87 68 27 7 545 698
12 71 26 3 489 612
37 34 26 3 518 671
70 67 23 6 298 434
68 63 5 5 262 461
80 44 30 6 428 673
13 39 23 2 514 670
75 92 30 5 572 722
68 87 13 5 321 549
8 79 15 5 341 556
62 82 15 5 637 743
88 84 23 2 336 630
27 48 28 2 545 671
74 91 24 7 282 353
83 86 30 5 434 679
14 39 15 7 383 548
73 61 18 6 544 754
5 3 22 4 511 747
79 56 13 5 635 767
35 43 14 2 312 575
99 66 24 7 506 616
81 73 6 1 516 690
65 27 27 1 501 610
68 0 29 6 388 562
9 15 20 6 332 595
60 53 12 7 430 729
59 10 15 5 621 734
72 20 17 5 559 712
39 82 5 5 448 661
28 96 5 5 347 521
27 9 5 3 524 589
83 84 15 2 311 516
35 3 13 3 408 514
72 91 6 3 423 690
28 41 8 3 251 452
23 99 5 3 625 715
85 64 20 6 500 752
83 10 7 5 387 686
35 56 20 3 274 411
21 33 21 1 305 573
66 37 14 5 602 788
83 16 16 6 573 742
76 11 29 7 532 619
65 78 12 6 226 299
28 54 5 2 401 616
18 29 12 6 628 782
12 18 19 1 508 593
37 82 23 6 484 558
7 21 17 3 250 530
65 91 24 2 337 546
34 32 11 6 370 618
29 56 6 2 260 347
59 30 29 7 497 599
52 5 30 5 460 564
20 79 9 7 412 476
57 13 30 3 347 530
27 92 29 4 365 463
14 97 30 2 705 779
5 86 22 4 377 458
77 91 8 1 443 627
9 53 27 1 347 601
7 97 16 5 262 329
90 81 12 7 367 544
36 77 27 6 667 756
76 71 19 2 574 791
74 97 14 4 549 780
30 95 30 3 305 406
50 70 27 3 341 437
82 68 23 5 608 787
9 100 15 1 328 603
27 47 20 1 330 522
78 85 27 1 408 590
39 30 14 3 265 557
43 11 6 1 397 485
40 63 15 1 334 452
85 72 9 6 305 430
27 2 11 6 444 564
14 75 16 6 294 475
6 27 24 6 393 497
94 73 14 6 557 717
88 64 24 1 605 723
67 91 27 3 478 728
61 53 9 4 592 683
28 36 19 2 226 415
55 78 26 4 318 586
19 51 7 5 383 499
74 87 22 2 423 719
71 37 21 7 267 536
96 100 15 6 509 692
2 7 19 6 460 522
81 41 23 3 312 558
64 53 26 1 452 644
90 23 11 1 531 704
55 54 19 2 550 617
73 87 22 7 469 702
71 94 16 5 289 559
26 29 5 7 452 606
7 47 8 1 257 369
60 8 22 2 394 577
68 31 15 1 337 629
98 56 29 5 441 654
84 95 8 6 533 716
34 98 27 4 204 424
89 9 5 4 538 766
46 98 6 7 698 784
46 57 18 5 431 499
61 82 25 5 568 736
75 2 28 5 563 723
11 47 20 6 395 472
75 12 21 5 210 401
85 49 23 5 521 780
68 66 28 2 386 670
63 2 23 7 333 479
78 44 23 2 568 798
52 59 18 2 642 711
88 13 12 5 491 592
52 81 10 6 411 518
32 10 19 1 433 547
66 43 8 7 476 773
15 7 29 7 228 454
45 76 7 6 435 611
89 59 6 7 503 742
100 27 24 5 523 788
18 22 8 7 471 692
99 83 16 2 212 301
69 97 22 5 376 533
53 51 28 3 532 799
86 40 22 7 240 526
52 28 26 3 427 657
5 75 30 7 235 303
59 74 28 5 209 452
12 13 28 2 330 554
7 0 29 2 385 570
46 84 20 7 287 437
65 2 30 2 276 567
68 45 18 6 236 340
79 62 5 1 477 666
62 98 16 7 258 401
40 89 16 3 322 562
10 24 5 1 400 630
73 78 14 7 291 545
15 36 19 6 516 654
15 70 15 1 350 610
22 89 16 3 520 606
30 51 23 6 423 642
89 81 14 6 612 761
6 14 8 3 458 582
88 78 20 2 332 497
58 86 15 1 236 429
75 21 22 4 676 763
49 50 5 5 202 483
14 20 15 7 352 509
14 96 6 5 581 696
72 98 11 3 593 655
87 61 25 4 462 636
100 32 5 7 529 748
100 69 26 3 246 458
39 91 24 7 537 653
36 87 22 7 457 539
61 21 28 5 382 455
71 14 23 6 474 664
15 51 13 1 295 525
16 52 21 3 363 433
87 18 12 7 341 445
34 93 10 7 355 520
53 72 21 6 454 624
68 33 11 4 405 542
70 98 29 6 700 773
50 3 24 3 329 451
86 63 14 4 534 767
68 22 11 1 315 496
9 35 6 2 465 632
53 86 30 1 228 378
69 98 11 7 258 356
28 74 16 3 343 597
72 12 16 5 240 341
63 63 21 7 417 714
88 67 24 5 630 700
28 55 20 4 436 640
37 25 21 6 290 378
37 17 28 2 664 764
77 26 5 6 573 664
36 94 20 7 629 795
83 83 15 4 608 786
86 69 30 4 301 569
61 33 12 5 410 624
7 41 11 2 215 400
84 42 24 7 385 445
11 94 10 1 407 598
2 99 8 4 717 786
81 77 30 5 226 414
85 95 7 1 600 786
31 31 21 2 562 677
82 27 9 1 521 784
35 5 29 4 558 757
8 12 24 2 670 794
11 39 22 3 338 616
23 77 5 7 498 762
72 93 11 4 419 629
36 72 11 6 242 450
28 72 20 6 243 331
82 7 16 6 698 762
22 73 21 6 274 381
35 87 14 3 250 542
75 60 5 6 270 387
13 26 24 5 348 437
32 66 11 5 354 566
92 79 15 2 391 562
51 38 22 1 230 341
42 33 10 3 551 720
77 12 18 4 477 777
56 25 25 4 415 549
49 68 7 4 275 542
16 61 24 1 532 685
88 50 7 4 427 706
68 61 8 7 362 589
98 13 25 4 314 581
27 68 16 1 298 415
78 91 11 5 450 710
48 44 15 3 572 746
75 0 17 1 271 408
98 27 22 6 284 583
36 3 6 3 510 659
10 59 20 1 517 614
48 32 21 7 631 768
53 4 15 7 322 524
85 15 18 1 253 508
42 18 8 6 303 389
24 17 21 5 376 647
42 26 7 3 223 351
34 90 7 7 239 301
65 33 7 6 209 355
37 85 13 2 370 645
92 76 29 4 711 784
59 19 23 3 261 526
11 92 28 7 537 798
10 28 25 7 480 547
90 2 21 7 237 302
81 49 5 4 399 520
61 69 15 1 667 785
96 26 20 4 358 442
97 46 23 2 631 715
99 50 24 7 649 721
35 63 11 4 390 598
44 26 6 1 600 704
64 40 28 4 415 590
26 5 23 3 304 602
84 94 25 5 430 719
87 79 13 1 426 701
74 34 11 2 539 650
60 98 15 1 414 517
50 86 21 4 343 594
12 100 19 5 431 537
47 39 7 2 225 447
91 48 7 1 410 534
14 18 25 1 427 539
85 26 19 4 638 756
95 53 27 3 355 595
86 81 29 6 419 604
11 26 16 3 303 590
12 59 22 5 557 623
16 1 23 5 253 517
14 8 5 3 499 627
48 63 11 3 426 552
28 95 12 3 408 617
38 58 10 5 436 732
53 5 16 3 550 792
34 50 5 5 472 693
49 98 6 6 267 369
51 24 26 4 291 370
58 3 21 2 477 742
35 53 16 7 319 392
24 2 5 5 628 706
53 80 25 2 274 435
44 13 9 5 374 474
76 31 5 7 657 720
60 65 27 2 290 475
18 20 9 7 641 764
89 47 14 7 346 515
53 70 7 3 603 664
33 10 15 3 441 636
82 35 30 3 373 495
99 69 23 5 327 442
6 59 30 6 433 692
39 62 14 4 427 490
79 5 16 4 638 726
89 5 25 3 346 555
9 82 22 2 647 796
26 32 6 5 367 431
15 86 11 5 359 611
9 97 22 5 226 315
71 11 23 6 397 553
46 56 27 7 648 741
8 58 24 4 541 780
51 88 19 2 426 650
55 8 16 3 464 722
46 97 22 1 624 705
81 50 7 4 483 763
42 3 8 6 303 533
44 49 29 1 673 799
22 46 27 3 244 328
98 20 17 3 301 458
17 26 14 1 361 499
99 95 10 5 256 394
