1910
90 95 0 0 0 0
99 90 5 1 488 602
0 93 14 6 585 698
97 86 28 2 610 747
28 71 27 1 250 366
70 59 17 3 491 707
73 63 5 6 611 761
58 8 18 7 683 790
83 33 23 5 406 478
33 13 19 2 359 656
36 15 13 7 373 663
60 53 22 6 412 531
40 66 11 4 440 735
6 40 13 7 319 503
100 30 30 3 251 502
48 64 13 6 569 789
44 33 6 1 365 554
32 20 30 1 524 773
62 5 11 1 369 517
92 28 6 4 587 751
71 37 20 2 228 482
89 21 13 7 326 601
55 27 13 5 551 622
100 63 12 1 537 750
58 13 13 6 427 621
13 72 27 4 514 736
37 83 25 2 458 695
68 64 18 5 281 468
34 34 14 4 293 360
8 53 30 4 418 594
55 28 24 5 547 692
19 8 11 5 563 746
97 89 24 3 225 447
16 91 30 7 234 373
16 7 17 7 250 364
65 3 14 6 266 369
89 90 17 6 579 665
20 2 14 3 239 451
32 81 14 4 282 560
46 2 21 5 627 721
69 12 15 6 438 510
93 31 26 4 468 682
11 39 17 6 430 579
41 93 9 2 385 565
7 87 5 7 460 559
97 94 25 6 634 705
58 57 20 2 632 749
8 94 26 1 323 449
14 12 10 1 641 721
10 7 25 1 241 539
59 50 15 2 469 597
97 67 17 5 379 537
33 31 10 3 533 718
64 60 6 3 576 759
58 53 7 7 269 554
35 26 24 2 353 639
94 37 14 2 398 511
33 12 30 4 561 633
86 68 24 5 318 549
71 45 19 7 409 506
62 79 24 2 555 737
61 14 18 6 366 666
61 58 7 5 247 373
92 66 18 4 596 691
90 54 18 6 336 579
16 64 18 6 546 784
80 10 15 3 669 751
22 28 23 7 264 431
4 42 9 6 333 474
72 78 5 3 207 287
49 7 17 7 687 749
59 95 29 3 303 363
41 3 21 7 392 682
17 7 29 7 253 400
16 65 26 3 317 379
82 48 23 7 231 486
8 61 25 7 634 775
0 75 23 3 575 700
20 98 9 5 545 649
52 5 27 1 245 424
56 35 5 6 484 758
100 38 6 2 397 542
19 63 16 2 255 529
50 34 9 2 331 571
56 61 12 4 578 783
64 26 12 2 427 616
39 27 5 2 446 546
40 47 30 4 380 595
56 88 12 4 294 419
24 18 13 7 522 720
87 43 13 3 346 576
55 16 8 1 318 549
79 33 27 3 361 641
75 2 28 5 483 628
29 94 7 7 205 449
0 96 8 1 550 668
89 85 7 7 266 538
11 50 29 1 620 692
76 20 6 1 372 445
36 53 21 5 478 732
100 12 6 7 205 452
22 88 6 6 523 781
30 77 18 4 414 696
62 57 5 7 271 409
54 68 25 6 266 333
16 78 13 1 303 387
82 45 19 4 215 390
32 100 15 7 291 365
85 86 17 5 412 679
95 22 15 5 322 502
82 96 6 6 400 637
78 42 17 1 611 706
32 72 14 2 572 757
11 74 30 1 232 472
29 48 5 3 241 472
67 83 21 1 503 634
55 82 15 1 432 633
45 48 8 3 376 670
68 14 29 3 467 673
30 87 7 6 229 332
16 39 18 1 530 764
41 57 11 3 495 718
6 68 27 3 612 776
17 74 29 7 362 569
69 24 30 4 626 705
77 97 12 3 367 613
76 7 25 5 354 616
84 50 24 6 522 719
65 64 17 4 254 407
31 95 6 3 628 744
32 60 25 2 573 645
75 92 29 5 518 642
79 74 26 3 463 623
16 88 30 3 299 533
17 72 25 7 219 359
48 83 24 1 374 669
52 4 18 7 222 363
100 8 29 6 514 610
26 63 10 7 538 621
56 49 5 7 593 749
81 76 15 6 211 387
63 66 26 7 331 510
95 45 28 4 549 763
13 2 15 7 405 631
56 86 21 7 677 781
40 36 10 6 483 679
88 15 21 6 500 750
12 99 30 5 382 560
55 47 30 3 630 799
66 87 24 6 587 647
27 95 11 2 653 734
70 46 11 4 310 597
73 46 19 3 461 752
15 59 5 4 447 544
23 85 20 2 218 306
81 2 7 5 496 711
92 98 13 7 482 638
76 23 17 1 416 489
42 44 6 1 310 570
26 1 13 6 366 426
70 61 18 7 285 505
73 57 6 5 508 630
4 66 5 4 539 646
14 7 29 5 213 289
41 41 6 7 409 558
47 87 30 3 287 391
40 78 22 3 502 708
92 15 15 3 457 740
59 97 21 4 254 351
46 69 10 6 256 418
97 52 25 7 290 363
7 5 22 4 260 459
62 69 12 4 676 745
41 52 13 4 620 695
97 18 26 7 250 509
82 72 21 3 597 681
78 62 29 5 350 598
53 87 11 5 249 491
94 81 13 7 404 603
55 21 12 7 487 706
48 21 9 1 403 487
82 58 6 7 366 470
34 89 28 5 556 701
48 37 18 2 239 374
54 63 27 3 204 282
84 11 21 4 423 679
22 62 26 7 424 602
94 31 23 4 343 472
87 7 13 1 446 512
4 93 10 1 253 501
8 42 20 1 416 704
14 64 20 6 486 715
58 12 13 6 294 437
23 11 15 3 287 399
91 77 23 3 395 643
4 18 9 7 522 710
5 56 25 2 231 467
95 28 25 1 546 754
37 87 5 5 200 485
49 41 5 3 236 398
2 2 10 2 526 746
69 5 21 1 517 669
57 87 30 3 417 536
70 98 17 6 667 789
71 16 20 1 471 537
97 19 20 7 587 759
16 55 7 2 262 410
93 57 30 2 568 671
27 37 24 2 281 460
73 92 12 1 514 662
71 72 13 2 519 652
90 20 27 7 395 637
23 50 19 2 653 795
92 32 22 5 211 298
20 68 22 6 516 619
38 35 9 4 210 402
73 72 9 5 266 523
17 60 15 4 618 707
6 59 7 2 594 785
85 97 27 1 324 499
75 36 27 5 593 793
59 77 24 3 540 675
54 48 25 4 524 745
85 79 18 1 596 670
91 23 17 7 390 649
86 96 25 1 627 767
24 9 13 2 200 381
35 5 11 5 288 440
88 77 26 2 443 560
99 48 16 1 360 444
26 29 12 1 328 574
10 34 7 1 306 389
62 16 17 3 372 646
98 1 24 4 604 688
3 3 14 2 421 705
52 1 29 4 503 757
33 93 23 5 584 662
51 85 18 3 220 485
10 68 25 3 588 781
53 37 23 2 205 375
12 12 15 3 370 494
34 93 28 5 424 486
66 22 6 2 457 669
35 61 26 1 477 750
48 68 13 2 281 569
21 17 23 7 300 559
45 62 9 1 279 417
1 17 30 7 248 444
8 87 10 1 471 611
28 84 9 7 505 703
22 77 24 3 318 431
66 91 27 1 324 396
28 23 29 5 463 705
78 60 23 1 419 644
93 64 19 3 405 632
49 46 10 2 243 444
44 50 5 7 305 407
51 27 26 6 477 571
88 42 6 5 631 735
22 6 26 1 396 566
59 87 17 1 271 397
97 35 27 1 522 728
88 62 26 6 596 681
32 70 15 3 590 650
56 43 25 2 413 529
38 52 25 4 429 592
22 64 8 7 560 776
90 5 25 2 363 644
8 97 19 7 291 388
4 100 28 1 242 534
61 45 14 7 404 673
100 74 28 5 293 500
16 9 30 6 604 754
0 66 13 7 372 556
56 0 11 7 239 411
67 80 10 2 536 744
68 81 10 3 312 584
36 10 12 5 370 516
14 43 7 6 214 291
8 3 20 4 266 473
53 94 21 1 202 388
91 1 27 2 352 623
67 1 17 7 638 791
39 47 16 7 522 585
62 90 19 7 244 309
96 43 23 4 513 637
60 65 16 1 271 554
92 29 9 7 567 723
64 51 13 1 569 785
25 95 26 6 408 579
40 39 9 3 360 641
69 43 12 4 590 763
45 91 6 2 386 637
2 29 26 6 480 545
100 72 18 2 289 369
40 3 5 5 492 684
75 26 17 2 470 614
89 98 5 7 214 476
54 65 17 1 439 573
14 67 29 7 493 680
62 88 24 2 263 553
4 64 7 7 474 575
71 60 23 3 228 306
25 44 12 4 233 454
72 67 17 5 241 437
5 61 30 7 584 794
64 84 21 2 463 754
81 100 15 4 671 755
4 71 23 3 455 686
72 10 17 1 392 599
69 94 28 4 485 571
83 62 12 2 364 438
84 53 21 7 280 397
83 68 14 1 362 538
68 70 17 7 379 439
42 31 7 7 240 468
97 50 24 1 301 526
59 79 7 1 294 472
77 87 25 3 369 495
88 29 7 3 274 536
20 44 19 2 527 732
35 70 15 5 379 568
12 15 23 3 685 800
27 93 16 6 262 330
25 79 25 3 209 332
90 31 19 2 446 699
8 37 15 3 297 502
88 56 25 3 499 653
54 6 19 4 318 519
14 55 27 3 399 608
96 36 20 2 459 749
33 2 26 3 430 684
64 87 30 6 416 604
94 26 27 2 545 769
64 42 22 1 431 624
89 70 28 1 516 718
79 0 19 1 326 455
43 31 14 3 541 758
99 38 10 4 446 732
55 37 6 3 484 694
9 84 6 5 485 625
11 62 14 4 291 565
61 69 26 7 522 645
57 3 17 5 552 625
51 17 25 2 236 417
17 12 24 7 428 681
15 64 23 6 371 535
77 1 25 4 479 579
63 94 30 7 289 381
77 58 21 4 266 453
88 4 27 5 227 314
99 39 28 5 251 508
58 77 9 4 453 677
53 12 13 5 366 440
2 6 26 1 446 590
80 81 6 3 362 522
62 36 21 1 287 535
75 66 23 4 405 601
52 83 19 7 407 526
35 87 22 7 401 526
44 88 14 6 621 747
30 12 15 3 450 660
25 69 11 1 406 597
48 15 6 4 450 611
12 24 8 1 433 651
94 19 16 5 529 670
30 16 26 1 600 724
63 4 29 6 443 610
86 65 28 3 229 466
95 2 25 7 515 799
18 81 5 2 532 709
95 46 18 2 360 598
66 49 19 7 244 351
87 39 18 4 222 438
61 16 15 2 228 456
5 45 26 7 284 555
42 17 29 3 507 781
26 41 16 6 551 715
11 40 5 7 258 450
20 97 16 7 294 380
96 29 15 5 366 594
8 81 30 3 464 632
99 36 12 1 209 321
79 34 16 6 544 692
68 11 23 2 443 552
63 96 17 2 326 509
48 13 29 7 549 750
90 21 16 1 361 444
40 85 20 4 269 550
45 82 6 5 416 684
37 22 5 5 346 593
94 23 12 2 318 573
18 68 10 1 487 766
17 22 14 7 289 498
91 66 19 2 641 778
81 74 11 1 275 434
86 41 15 1 423 513
39 38 8 2 395 577
76 86 23 3 372 553
47 2 16 1 507 591
22 63 20 5 427 685
38 14 20 6 454 566
52 22 26 3 305 531
37 86 8 2 452 555
83 87 6 2 409 528
19 88 18 1 239 423
29 14 5 1 552 615
76 0 5 7 504 586
42 3 13 7 334 614
18 70 14 2 385 586
76 35 13 2 347 641
90 50 8 3 499 704
85 0 13 7 354 509
86 84 30 1 408 543
28 29 9 7 295 528
3 93 13 7 577 685
58 94 27 7 303 400
50 68 8 3 353 422
4 20 17 4 533 646
75 93 9 3 239 405
98 81 15 1 300 404
18 0 29 2 383 443
19 35 28 2 671 779
68 39 7 3 622 696
11 72 13 3 473 757
82 23 21 2 310 593
45 2 5 4 548 613
84 56 29 4 559 632
30 30 18 5 451 743
25 46 8 4 550 759
13 87 16 3 589 720
81 27 19 6 503 762
61 61 9 6 520 643
54 75 5 2 361 522
96 95 21 7 271 374
53 32 13 5 310 523
66 98 20 1 524 609
77 20 28 6 408 614
58 86 10 6 268 473
9 4 30 3 303 552
6 41 14 6 233 503
2 17 9 2 268 513
77 31 11 1 606 725
66 4 9 4 337 582
37 99 30 7 303 519
13 96 29 1 382 597
4 6 10 5 220 432
64 81 19 3 369 651
87 81 23 2 635 795
32 57 30 3 321 491
53 7 22 7 353 592
71 64 20 3 578 646
37 74 27 5 429 619
20 41 11 3 384 678
65 31 7 7 543 634
78 25 30 7 639 737
29 17 23 3 286 548
71 88 8 1 513 602
27 81 30 5 300 427
62 64 27 1 347 419
23 70 10 2 496 625
1 94 27 2 387 612
11 64 26 7 495 579
1 30 19 2 245 419
9 5 13 6 333 432
11 30 26 3 429 642
3 51 28 3 628 699
6 96 17 3 408 512
32 50 23 2 240 387
36 50 12 7 448 629
26 93 5 7 279 493
72 58 8 4 644 755
60 54 18 1 597 743
76 69 6 5 294 492
6 58 22 2 520 782
24 63 7 4 468 756
29 98 14 5 701 773
92 87 20 5 217 345
18 37 8 5 411 515
3 55 6 2 348 609
89 50 8 4 533 715
51 14 13 1 373 600
34 79 8 7 258 441
27 12 15 5 312 391
42 52 26 2 701 793
48 53 17 7 614 735
33 78 15 2 200 422
93 12 15 5 658 719
83 89 24 2 479 717
76 56 26 5 354 527
63 97 16 5 487 735
88 48 21 2 691 755
42 35 15 6 514 588
91 26 23 6 410 508
14 35 23 7 402 645
45 74 27 2 441 504
61 67 28 3 659 733
85 56 13 5 361 630
73 49 6 1 241 392
10 97 23 3 501 738
54 27 22 7 458 668
67 56 26 6 564 775
79 67 8 4 323 428
41 32 11 3 226 388
70 37 23 3 425 543
92 81 27 6 575 661
21 72 24 4 366 536
4 0 17 5 361 600
96 49 27 4 362 550
81 96 17 3 285 421
89 94 29 4 255 433
80 50 25 4 296 395
100 82 22 1 447 578
79 91 27 3 320 490
36 12 8 4 325 571
88 95 20 2 496 757
6 35 17 5 412 620
66 52 26 3 428 555
26 12 13 5 613 732
28 100 13 4 324 532
98 92 23 3 286 563
32 24 30 1 321 399
96 41 22 7 401 514
39 42 12 2 423 540
21 61 27 6 380 531
82 49 30 4 504 720
32 61 14 6 546 613
92 44 13 5 228 406
60 5 10 6 464 623
17 6 19 1 429 576
43 83 24 3 533 738
99 27 17 6 367 612
33 41 24 5 310 415
67 64 25 4 285 356
60 99 26 3 239 304
39 31 29 1 329 414
19 44 19 7 222 433
5 41 13 4 323 434
58 87 18 6 698 762
31 22 14 1 439 640
67 91 15 2 350 621
87 71 13 2 639 754
91 15 28 5 474 705
47 73 10 3 319 544
62 67 18 6 254 476
2 70 11 3 372 565
36 76 26 6 495 757
88 18 5 2 290 402
52 50 17 2 293 577
81 48 21 2 300 387
17 23 14 1 474 663
69 55 10 7 516 621
31 78 21 4 336 595
44 99 18 7 271 457
53 77 26 6 503 599
22 81 5 2 328 485
62 61 18 6 427 673
46 46 16 7 268 520
62 17 7 6 442 560
8 27 6 5 356 616
76 67 12 6 222 477
90 73 7 5 485 610
28 64 24 1 534 775
90 51 28 6 392 523
62 26 30 1 409 621
73 97 19 2 497 696
83 38 21 2 386 679
25 40 26 2 612 708
80 28 27 7 417 694
90 1 22 7 529 663
18 90 17 5 242 477
33 17 6 6 243 523
64 88 26 2 622 748
17 35 23 6 651 722
20 30 12 3 524 775
52 38 17 7 205 379
76 75 15 3 500 702
47 55 6 6 238 397
38 25 18 1 317 591
93 32 11 1 451 630
72 20 9 5 490 669
87 47 28 6 248 523
84 73 13 4 516 727
76 84 5 2 318 400
52 52 10 5 355 472
52 94 25 2 260 474
22 89 26 3 377 565
93 16 23 4 553 770
78 75 24 2 387 498
49 87 29 5 440 539
74 46 14 1 275 433
0 58 8 3 526 666
94 98 5 5 534 664
24 17 29 5 667 774
14 76 21 2 227 403
5 10 20 2 228 394
60 26 19 4 597 695
2 54 5 5 349 505
88 73 18 5 350 618
25 64 15 4 651 747
9 35 8 4 381 629
47 93 9 1 354 496
37 43 12 5 465 662
62 45 23 1 246 336
96 78 7 6 329 539
68 37 28 2 514 610
38 23 12 3 229 373
44 57 11 4 468 704
43 61 12 6 322 521
19 22 15 3 541 638
1 60 26 3 333 544
49 89 21 4 453 622
21 54 9 1 528 752
94 35 20 7 318 472
39 75 26 5 511 712
47 63 29 3 621 798
79 36 14 3 332 443
49 44 5 3 235 381
22 100 7 2 372 649
36 81 14 4 492 584
10 29 15 2 296 516
69 30 30 4 424 670
10 33 12 2 320 388
66 12 17 1 284 413
64 77 29 6 458 586
54 85 10 7 242 372
11 46 26 6 608 718
88 30 14 7 650 714
23 37 30 5 363 513
42 43 11 4 690 764
50 40 25 6 456 685
61 94 6 5 202 471
15 40 28 2 473 734
62 56 30 1 409 592
13 83 27 7 327 416
6 44 22 2 446 520
11 98 28 5 597 720
45 21 13 7 444 743
33 85 5 6 585 659
33 30 25 2 357 560
100 84 18 7 474 759
3 5 28 1 204 292
51 76 5 2 355 434
65 70 7 1 357 468
91 5 22 6 496 596
15 23 11 5 237 518
98 30 24 7 467 745
33 95 25 4 561 762
31 74 6 7 386 683
23 61 6 3 469 754
76 34 11 3 439 629
100 13 26 4 346 520
19 84 12 2 296 369
33 5 19 7 379 596
20 18 26 1 530 799
22 48 11 1 263 552
61 62 18 1 335 540
73 90 29 6 335 501
74 26 25 3 560 714
88 27 13 7 668 759
100 88 11 3 309 399
28 17 12 2 548 688
45 79 27 4 571 789
25 90 10 4 239 512
96 66 6 5 435 567
69 37 9 2 666 794
27 63 8 5 590 755
38 96 14 1 629 693
51 8 7 2 426 544
22 87 25 2 539 783
60 72 19 1 312 443
82 4 15 4 679 752
93 91 9 1 433 717
77 17 21 1 280 452
82 90 11 7 412 593
34 10 17 4 232 298
50 64 22 5 560 724
48 67 28 6 528 774
8 65 30 5 329 442
75 77 23 7 207 505
49 3 6 1 431 513
92 13 5 5 350 600
40 70 16 7 539 737
26 80 5 1 487 563
69 64 14 2 595 662
34 51 15 1 615 728
74 95 9 2 656 722
91 12 21 7 488 745
55 75 29 7 521 643
26 81 7 5 346 525
40 74 30 5 432 687
91 97 29 3 428 552
37 14 14 5 561 782
67 71 18 7 373 482
75 11 26 7 466 536
56 17 9 3 605 667
62 31 28 5 395 547
55 74 24 6 451 540
5 75 13 4 366 463
28 44 20 7 341 448
59 54 17 5 533 675
77 48 22 2 656 722
42 99 13 1 231 521
35 3 17 1 408 535
74 49 9 2 272 563
100 31 19 6 338 620
84 9 20 7 433 519
51 94 23 4 634 760
64 92 13 5 478 607
43 14 6 7 619 714
59 47 28 2 398 670
18 71 15 5 446 658
92 99 15 1 385 515
45 81 16 2 325 569
35 40 17 4 357 610
25 67 7 3 213 383
100 40 24 4 510 719
42 89 28 5 307 541
54 21 6 4 497 594
0 41 8 5 401 466
83 3 30 4 280 492
48 70 26 3 512 796
37 94 13 3 414 671
31 60 26 6 442 670
38 93 28 6 314 547
39 90 16 1 413 631
42 26 11 6 324 608
21 56 7 7 499 596
77 4 25 2 356 542
21 91 23 2 479 608
90 99 5 1 384 645
55 9 21 2 285 520
5 81 21 1 340 465
76 40 16 3 429 622
34 23 8 5 544 650
89 6 14 6 415 713
93 50 11 5 359 603
37 29 11 6 279 547
97 15 25 1 341 551
55 25 22 3 410 475
54 54 10 1 253 368
97 10 29 1 483 717
42 42 10 3 254 337
35 73 12 7 619 726
31 42 24 4 200 261
92 56 26 6 389 673
87 91 11 5 622 683
49 83 11 4 437 717
52 33 8 1 531 690
98 96 19 6 235 377
56 1 10 7 439 641
10 6 10 4 226 470
86 95 27 5 288 433
91 67 27 5 463 670
21 33 24 2 444 644
5 55 10 5 523 710
96 19 28 1 357 570
34 22 7 7 324 542
16 72 13 3 297 412
68 16 29 6 706 777
22 78 25 7 353 451
19 94 8 2 451 592
29 24 17 6 339 444
9 27 14 3 367 559
91 49 17 6 482 686
47 54 22 3 404 572
79 15 22 3 578 654
28 97 5 4 306 552
2 78 11 4 486 575
78 17 14 1 504 705
72 73 27 6 413 644
38 36 9 4 260 503
87 66 29 7 556 626
66 3 17 2 378 455
87 25 19 4 456 613
0 100 27 3 491 713
23 13 30 7 587 781
79 62 28 1 476 561
69 91 28 2 221 438
72 68 8 5 290 492
78 79 8 6 575 783
4 31 27 6 273 342
93 61 8 7 413 504
21 94 19 4 251 548
7 99 27 2 360 465
46 16 22 2 559 682
88 44 13 2 511 612
30 2 5 2 223 374
97 1 21 3 356 472
24 2 18 5 636 750
0 42 25 2 451 630
14 8 10 6 553 662
99 88 24 5 244 309
75 63 29 1 332 413
25 14 8 1 294 429
95 57 16 7 247 380
60 0 15 1 200 310
19 23 24 3 316 514
84 33 27 2 439 574
87 15 9 1 221 417
70 26 8 2 444 731
17 17 18 3 353 573
44 43 11 3 348 593
82 33 28 7 652 736
95 29 25 4 407 536
36 80 10 2 282 424
30 40 8 1 454 603
20 81 27 2 663 747
21 66 10 3 411 520
49 92 14 7 225 387
55 12 28 2 349 632
19 62 14 6 355 482
20 67 23 2 432 571
94 71 22 4 412 551
33 33 21 2 201 300
99 95 30 6 341 473
8 90 11 6 535 696
76 1 17 1 238 468
30 10 14 4 535 752
68 1 16 3 277 379
34 95 8 6 259 409
23 86 10 3 322 552
97 62 30 4 669 773
67 2 17 7 549 743
48 7 21 1 316 474
20 75 27 5 527 602
71 65 20 5 299 380
6 15 25 7 416 636
11 38 14 7 465 543
71 100 8 1 341 552
72 79 27 2 617 719
75 64 26 5 441 563
28 39 14 7 270 419
13 88 13 1 245 455
4 55 14 4 423 682
1 68 9 5 682 793
11 41 18 1 218 447
76 25 16 7 355 586
48 79 15 6 572 651
39 40 26 2 301 562
90 87 18 2 445 728
91 2 6 6 546 609
4 7 13 1 373 486
23 38 9 4 205 490
54 67 23 2 293 434
9 75 26 2 539 746
53 66 7 2 403 606
84 99 11 1 544 683
12 87 8 2 500 666
0 50 27 1 452 714
60 46 28 7 206 422
65 61 26 7 296 526
52 11 21 6 511 776
69 13 20 5 458 591
2 16 11 5 252 550
55 91 13 5 534 751
51 93 7 4 281 544
53 60 8 7 315 575
38 56 28 7 260 432
79 81 17 7 429 654
34 3 16 4 502 768
51 1 21 3 430 660
33 100 13 5 484 779
30 83 18 3 415 628
75 61 23 7 317 509
89 77 15 3 360 652
83 63 6 6 563 774
57 75 24 1 561 753
15 65 30 3 296 408
28 3 28 4 242 456
11 58 19 3 313 516
43 66 24 5 251 403
21 51 27 7 475 621
1 63 5 2 366 589
74 18 23 1 277 529
29 45 22 1 268 560
72 64 19 4 265 538
41 51 16 4 315 454
19 47 28 4 357 545
52 34 11 4 315 465
28 36 9 3 259 515
7 43 19 6 504 730
63 72 21 2 346 445
41 62 15 5 277 528
19 27 8 4 200 464
0 95 29 6 320 546
60 3 26 4 634 771
8 69 18 2 456 729
92 80 6 2 381 676
35 80 18 1 521 659
27 70 5 1 359 526
2 28 21 3 337 515
32 58 27 5 419 575
30 64 10 1 245 460
85 7 11 1 246 540
57 14 28 5 673 797
57 45 28 2 721 799
98 39 14 4 576 703
17 24 8 4 374 574
30 69 16 6 464 754
11 26 15 7 504 754
4 35 12 1 343 461
95 72 12 3 292 506
74 25 12 1 562 774
23 77 22 2 358 649
20 27 5 6 311 568
75 73 13 3 515 762
30 93 5 3 608 694
63 1 29 4 698 768
17 76 21 7 308 538
23 15 15 3 635 757
61 84 5 6 652 749
72 21 22 4 545 799
63 15 18 1 276 438
94 77 18 5 329 420
43 17 27 7 641 740
47 35 15 7 298 423
61 71 17 3 687 758
54 46 24 1 258 414
97 71 20 6 312 536
31 34 26 7 554 615
9 24 29 2 457 609
70 2 18 7 429 607
46 47 25 4 420 587
49 23 5 3 486 688
43 44 29 2 643 785
1 56 12 7 557 762
20 85 25 3 255 534
79 2 10 2 385 491
97 24 24 3 239 538
81 85 6 5 412 686
60 38 29 7 596 756
69 95 6 4 232 422
68 72 15 5 484 549
4 77 28 1 638 782
11 57 26 3 489 657
5 60 11 6 714 799
50 46 29 2 205 443
1 18 6 2 551 662
69 46 14 2 443 650
60 94 19 4 287 553
10 85 21 3 329 516
44 94 15 6 543 690
99 9 19 1 390 454
57 44 26 5 570 636
47 51 7 3 325 599
82 53 22 7 575 784
28 89 12 6 337 587
67 66 25 4 304 533
22 42 25 7 476 637
2 49 16 7 257 350
52 15 26 6 293 394
48 63 19 6 285 403
66 71 14 4 562 635
31 23 11 6 502 771
90 29 18 4 335 438
98 67 27 1 541 738
56 66 21 4 595 715
80 38 17 6 622 699
54 77 24 5 249 492
64 52 12 7 371 495
57 89 9 6 357 439
88 8 27 2 401 644
90 67 15 4 405 564
19 75 19 3 426 502
24 99 13 3 375 531
3 32 25 5 276 546
81 14 12 4 532 665
19 49 5 7 608 693
24 93 16 5 508 788
87 73 10 5 247 342
18 50 27 2 345 478
25 50 20 3 682 746
61 91 12 1 531 614
71 74 15 2 530 630
69 48 7 7 655 756
25 57 17 3 422 707
97 41 26 6 330 555
98 35 29 2 291 525
82 15 24 5 512 661
11 61 21 5 523 638
22 26 6 6 428 636
72 37 17 5 562 698
67 6 29 5 299 547
69 25 20 6 559 672
74 53 19 2 520 602
90 43 13 5 459 543
23 65 19 7 388 465
45 15 29 1 630 725
88 39 22 1 255 349
0 86 20 4 486 611
23 26 15 5 211 462
25 80 9 3 445 672
62 53 8 4 592 747
52 42 7 5 544 699
7 54 9 1 515 720
20 45 21 5 263 539
42 77 18 3 347 647
56 100 18 3 501 573
70 91 11 1 202 274
57 81 11 3 231 513
77 89 27 4 275 527
12 55 27 5 653 755
99 3 9 1 493 756
67 13 6 7 414 539
31 51 9 1 399 669
3 95 17 5 519 750
27 71 30 1 484 627
62 70 21 7 305 408
50 81 9 1 511 686
42 93 21 4 288 467
45 51 21 5 331 514
50 35 16 6 205 334
76 94 25 6 618 726
14 51 10 1 570 723
90 62 7 1 529 744
54 10 24 1 263 377
7 81 21 5 386 466
77 86 21 3 495 601
31 35 23 2 634 762
60 84 22 6 692 800
81 75 27 1 622 797
17 86 20 5 550 658
18 85 27 7 548 650
94 4 14 2 646 800
5 52 22 1 352 596
42 6 28 2 331 391
100 94 9 4 657 793
29 90 22 7 539 615
14 29 24 6 307 379
97 58 28 2 263 431
21 43 24 2 381 661
64 6 14 6 489 767
31 41 16 4 379 473
75 67 10 1 600 727
19 43 10 5 352 564
13 6 19 7 417 664
25 49 21 5 424 623
98 42 19 3 391 469
42 15 21 3 441 533
11 4 19 3 389 513
8 98 20 5 235 478
32 42 19 3 593 757
89 45 10 4 584 722
32 2 16 4 259 425
25 10 25 4 230 473
52 14 23 2 395 564
91 75 22 3 657 769
76 53 19 2 214 276
31 80 12 4 384 595
71 35 15 5 507 661
47 45 14 3 431 508
26 66 24 5 536 723
16 14 8 2 554 678
68 63 25 1 234 367
11 52 26 1 435 562
26 42 30 6 305 541
62 74 7 2 489 688
43 43 16 5 408 537
38 47 20 6 281 540
49 79 21 1 328 521
66 36 5 2 553 665
23 100 23 5 290 543
94 93 5 7 587 670
64 53 7 2 485 755
95 79 29 5 488 690
61 96 30 4 639 766
27 44 9 4 558 706
80 83 20 2 416 497
74 6 13 6 727 789
50 39 27 6 321 540
51 10 18 6 222 298
52 24 17 7 604 675
78 22 24 6 688 792
2 64 17 5 544 704
43 92 6 5 456 733
51 16 12 3 562 722
66 18 7 6 360 601
12 81 25 7 377 457
6 83 7 6 394 617
77 71 18 4 335 430
48 24 21 1 275 514
36 88 14 2 541 757
93 62 16 5 264 428
46 58 22 3 210 495
64 15 11 3 443 565
56 90 21 3 324 525
21 80 13 3 341 568
33 6 29 2 583 714
44 75 25 3 295 592
50 49 11 1 318 469
40 21 15 2 585 704
56 47 21 4 201 295
40 84 27 6 537 604
100 66 7 6 533 607
53 53 28 3 274 551
80 55 22 6 437 689
53 17 20 3 562 639
91 88 16 6 492 636
57 41 29 4 226 377
90 45 23 3 573 690
94 76 7 4 452 572
69 58 10 4 272 550
18 67 5 1 278 465
59 24 21 4 475 658
5 74 16 7 406 623
24 92 23 6 480 687
69 28 30 5 455 703
89 26 14 7 510 697
66 59 25 4 235 333
32 32 22 6 281 478
26 21 14 2 583 670
87 85 26 2 279 478
47 40 23 7 486 669
6 92 6 6 370 483
70 33 6 3 258 379
44 22 21 2 352 476
50 56 6 6 416 702
80 74 21 5 322 585
35 95 5 7 263 340
13 73 9 6 408 511
90 52 20 6 594 728
85 80 20 5 339 446
71 10 12 5 385 446
29 34 21 6 248 444
86 7 22 2 377 652
82 83 10 2 229 451
99 63 30 6 597 789
8 2 21 7 455 598
4 12 25 1 214 390
76 18 12 4 488 631
44 98 6 2 300 442
1 77 27 2 285 395
78 3 8 6 203 282
64 83 29 5 512 666
72 16 25 1 511 792
100 85 25 2 236 502
88 36 27 7 550 754
76 68 17 3 527 702
14 15 25 1 540 723
94 17 18 3 283 436
76 76 14 7 520 645
39 57 28 6 650 767
77 27 14 4 594 696
38 71 15 2 312 507
0 72 15 1 710 770
97 76 14 4 316 538
73 43 21 5 293 476
23 6 14 7 381 493
86 44 14 5 488 712
91 16 28 2 441 556
18 48 28 1 590 670
81 11 25 6 539 714
87 9 18 2 272 525
93 19 25 4 359 545
91 86 14 3 527 712
91 90 22 6 214 438
31 17 12 3 629 712
56 73 8 5 601 679
7 36 21 5 511 580
37 52 25 2 421 705
44 37 15 1 292 411
9 79 22 2 361 501
23 53 6 3 355 560
17 43 21 4 240 524
57 74 22 2 515 696
4 41 24 7 376 649
26 92 30 7 521 685
87 48 8 3 362 503
22 76 11 5 284 564
65 18 23 3 266 558
76 22 5 5 334 509
100 87 11 5 326 440
10 71 13 1 614 760
21 24 27 3 286 434
17 88 11 5 457 518
99 1 16 5 583 681
51 49 18 1 551 753
81 84 19 5 489 707
94 25 14 2 289 558
39 55 13 2 577 664
19 36 25 3 252 494
3 49 27 1 234 416
30 9 6 2 582 663
93 68 10 3 358 562
63 10 8 3 326 512
35 31 26 6 319 537
76 41 18 4 270 378
56 74 17 3 244 425
57 29 28 4 300 594
65 87 14 1 215 356
29 13 16 1 419 670
80 48 15 3 454 670
1 53 20 7 351 519
12 66 7 1 398 517
4 15 28 1 504 613
92 52 9 3 521 747
8 76 24 7 586 654
79 68 27 2 217 290
74 99 15 3 495 765
32 93 23 3 364 490
23 74 5 3 557 667
47 81 10 7 261 522
57 12 14 1 493 590
97 16 28 6 551 763
2 15 7 1 344 407
87 1 6 6 300 455
24 87 11 3 638 710
58 93 23 1 582 748
47 77 24 2 217 414
23 67 28 6 446 688
91 4 19 3 409 549
79 3 24 3 243 542
76 44 21 7 584 723
29 68 7 3 506 628
9 76 26 7 670 744
23 39 26 5 297 375
54 41 29 1 257 347
10 25 22 5 564 788
63 56 26 5 341 578
44 20 17 4 413 532
53 38 18 3 214 290
19 55 7 1 459 533
48 55 6 5 575 694
82 84 12 4 477 719
86 40 7 2 340 516
11 59 16 6 506 616
98 7 29 5 572 757
60 47 6 1 279 353
90 100 6 3 263 516
29 97 21 4 509 658
43 93 15 1 629 729
78 20 8 1 357 611
16 89 28 3 245 464
60 24 30 5 350 526
16 84 23 7 636 779
14 26 27 4 369 512
59 72 22 2 204 361
40 67 17 5 308 517
14 97 17 1 219 508
68 10 14 3 261 368
22 27 5 4 366 498
82 18 25 6 315 559
52 47 27 7 250 495
46 94 15 3 256 362
85 84 27 4 485 703
15 1 30 3 439 734
76 99 9 7 348 428
99 12 12 1 484 636
25 56 8 1 378 650
71 94 28 2 299 599
28 86 25 6 420 550
73 11 30 5 288 394
93 38 23 7 660 755
86 20 18 4 308 590
84 39 7 1 349 439
21 8 16 2 397 595
14 18 22 1 525 728
17 75 18 4 352 545
6 50 17 4 337 443
40 56 21 2 553 772
44 2 9 7 302 585
47 47 10 3 297 546
16 30 29 1 279 411
22 70 18 5 333 603
71 12 24 7 530 722
52 70 5 4 478 632
56 89 13 4 338 504
26 31 7 1 536 775
12 20 13 6 431 729
67 65 28 6 303 443
47 91 10 5 417 477
60 42 17 2 422 718
22 29 26 7 529 756
28 46 25 4 270 479
4 76 29 7 502 599
48 6 18 5 250 483
99 26 15 5 359 577
84 87 5 5 307 415
9 50 16 2 246 379
17 15 9 4 385 639
10 56 7 5 568 655
30 89 24 4 306 591
99 56 28 3 288 440
72 35 19 2 455 561
77 67 16 4 516 763
45 40 5 6 443 658
54 60 9 7 268 374
63 52 19 7 376 623
10 58 17 4 321 426
91 48 22 2 674 790
66 61 13 3 271 471
100 28 8 3 286 574
79 66 19 7 471 549
73 41 18 3 489 777
20 58 30 7 490 590
68 76 24 6 622 800
11 63 9 1 671 759
98 37 12 5 582 663
87 4 8 1 603 793
59 46 25 4 354 484
87 17 8 3 400 587
9 33 25 1 304 373
9 46 16 6 387 611
61 43 21 4 627 691
69 40 25 5 284 547
15 11 23 6 259 443
85 74 24 1 596 787
47 7 13 4 511 686
0 25 11 4 577 754
19 53 27 7 601 749
54 87 10 2 336 507
25 34 7 6 400 569
41 97 7 7 520 739
86 12 17 7 234 325
100 95 10 2 650 714
80 25 11 1 464 597
2 86 19 6 623 711
83 88 7 3 399 590
15 25 21 4 524 715
31 43 19 7 648 739
80 70 27 3 514 789
48 75 17 6 633 751
0 43 11 6 695 784
45 39 23 7 324 516
9 64 21 5 376 511
72 83 20 7 528 670
60 63 6 4 362 533
94 3 11 7 452 739
48 85 12 6 203 501
84 98 11 4 455 622
71 84 19 4 305 470
50 89 18 3 350 476
51 53 14 6 204 275
99 6 16 2 530 703
82 97 5 6 536 794
95 24 5 3 235 485
47 13 21 7 467 629
64 5 15 4 452 539
86 33 24 5 402 529
65 96 24 3 229 364
50 55 17 6 646 717
32 38 22 4 559 701
100 34 6 4 591 732
58 14 23 7 434 687
100 37 18 6 479 679
39 83 28 4 551 667
98 80 26 2 555 755
75 49 23 1 393 488
97 75 23 6 518 676
85 33 22 2 368 454
77 44 27 4 346 413
40 14 7 3 394 502
99 45 25 4 452 606
35 33 25 7 480 698
42 5 14 2 434 652
71 78 23 4 527 627
50 48 22 4 481 576
70 87 27 6 210 388
59 96 25 2 360 488
37 65 22 6 490 690
15 41 14 5 483 705
69 27 8 1 391 461
8 47 26 3 253 328
24 28 30 7 430 529
68 27 22 1 346 438
49 35 14 7 234 518
49 8 24 4 546 703
30 50 21 5 516 731
89 88 15 7 311 463
35 44 10 2 434 712
30 38 5 4 494 623
47 37 22 2 280 370
1 88 16 4 538 753
63 14 30 5 414 617
99 55 12 4 426 520
65 26 6 2 203 458
44 55 15 6 332 561
45 60 29 6 534 749
15 70 17 1 222 409
14 88 27 7 268 555
94 94 9 3 261 389
83 76 20 6 590 791
77 55 23 3 326 443
80 69 15 5 252 543
55 26 21 3 380 549
67 45 9 4 656 792
88 67 11 7 472 676
99 75 19 4 430 615
65 13 14 3 595 800
57 94 28 3 200 270
93 26 14 5 619 764
20 54 18 2 573 672
4 47 7 3 257 434
32 28 29 7 514 595
8 33 13 1 219 489
97 23 14 4 219 312
82 7 28 1 265 508
41 14 17 2 284 481
100 32 26 4 234 296
79 9 25 4 438 532
1 91 22 1 384 509
8 74 6 1 326 539
74 0 6 1 448 533
45 41 29 6 531 657
40 7 8 7 351 580
46 15 18 3 510 777
2 65 28 3 229 296
43 76 23 5 391 662
74 83 29 3 425 488
19 83 10 5 501 761
55 50 25 3 270 399
16 10 30 7 269 469
43 9 5 3 354 476
77 76 13 3 564 698
22 99 6 7 367 621
9 20 25 1 472 726
23 83 10 3 302 525
63 51 6 5 253 488
73 55 26 1 375 463
74 2 13 2 698 762
61 30 12 2 653 743
53 64 19 5 242 326
28 56 29 5 546 782
66 58 24 4 235 428
95 21 17 4 245 500
11 66 17 3 425 667
4 44 28 2 634 766
21 6 13 5 209 282
73 38 21 4 248 469
36 36 13 4 576 652
60 71 26 5 510 637
89 0 15 2 234 355
31 92 26 6 443 686
7 70 17 5 420 507
87 67 10 2 215 454
93 23 7 1 703 786
42 25 22 2 353 462
40 25 23 1 364 503
37 66 6 2 400 520
65 45 27 3 557 671
95 95 20 1 211 384
50 92 11 6 357 438
55 99 25 6 465 542
78 24 14 1 393 575
99 100 22 6 454 535
81 45 25 4 355 566
18 61 19 5 226 299
26 68 8 1 327 568
6 88 20 7 374 485
72 80 23 2 303 557
1 36 14 2 558 669
79 30 8 4 621 702
14 27 24 5 637 769
80 76 13 4 576 690
69 78 11 3 464 532
7 3 18 2 301 464
56 94 11 4 427 631
49 18 18 7 300 446
59 74 24 4 246 517
31 77 11 3 630 760
24 65 20 3 493 780
54 49 17 3 542 759
4 14 28 1 529 669
21 13 8 4 290 535
98 10 26 5 577 695
9 6 17 6 233 379
40 11 9 7 330 397
20 19 15 5 374 539
71 4 13 7 369 476
91 51 27 3 255 344
17 91 16 6 573 796
31 67 26 1 442 540
5 24 15 2 419 666
56 56 18 7 472 758
79 79 26 1 657 733
59 92 8 1 574 783
84 94 5 2 593 688
77 33 25 6 269 560
57 92 8 5 480 660
42 95 11 2 271 382
83 95 10 1 592 689
54 57 12 7 618 684
67 85 18 5 334 563
45 86 9 2 331 499
34 57 29 1 404 499
13 13 9 6 444 729
81 56 18 5 455 658
61 42 10 5 454 699
39 8 10 2 296 393
82 73 26 2 215 466
34 12 28 1 282 576
1 86 8 3 233 295
18 69 20 3 233 395
32 86 23 6 241 457
25 20 10 4 460 707
76 30 10 2 640 725
21 58 22 5 535 666
52 58 10 2 572 771
8 31 29 4 415 702
23 4 28 4 577 710
81 19 15 6 267 427
49 91 5 7 530 795
81 20 11 3 349 491
22 2 26 7 332 622
43 22 5 5 513 596
99 58 14 6 438 508
75 81 24 3 503 646
31 49 24 2 421 581
8 1 12 5 549 727
51 3 7 5 346 457
10 2 7 1 464 727
5 38 23 5 245 506
2 77 24 2 513 731
19 93 10 6 409 641
30 84 6 7 596 753
12 31 19 7 575 731
64 19 29 1 286 476
11 70 9 3 338 504
34 56 18 3 575 796
57 70 28 6 311 586
13 92 19 2 272 426
71 86 9 4 283 547
71 0 15 2 287 508
5 33 9 7 273 480
20 73 8 5 203 295
20 87 7 1 623 701
12 82 24 6 374 633
43 95 21 6 271 550
3 82 20 4 273 493
70 63 25 7 251 437
78 57 26 1 411 523
0 51 18 6 517 580
82 30 24 7 386 639
6 24 5 6 451 609
36 24 17 2 587 689
98 71 14 7 492 654
38 46 16 1 479 714
72 18 12 1 484 692
59 84 23 6 567 640
26 44 12 2 400 580
41 89 10 7 595 656
99 16 26 6 287 449
41 74 17 5 235 327
49 77 15 1 459 693
97 98 16 3 280 353
26 27 18 1 625 722
65 68 12 1 218 449
7 77 25 2 554 767
3 61 18 3 345 563
15 88 16 5 305 503
17 8 12 1 592 695
45 88 30 2 305 394
18 96 17 7 625 732
97 45 30 4 278 500
74 28 27 7 678 752
78 93 13 3 488 647
62 15 5 1 233 480
65 20 25 4 456 621
18 24 7 6 388 526
72 63 14 6 246 394
12 26 20 4 389 644
61 0 24 3 531 671
93 100 14 1 484 608
36 14 28 1 482 721
58 96 13 5 384 521
48 80 10 6 481 727
62 25 18 5 460 736
87 75 7 1 645 769
100 11 9 3 428 717
36 91 23 4 218 425
34 74 8 5 544 766
88 89 25 2 349 557
33 10 30 2 253 328
57 85 27 2 383 501
97 49 15 4 561 655
60 18 5 1 201 405
44 51 24 3 267 378
33 82 10 5 568 723
74 79 19 2 642 759
11 29 14 1 441 525
69 36 24 3 330 477
48 3 10 4 304 495
14 65 29 7 280 544
52 71 25 4 301 471
1 1 30 4 411 565
44 69 19 1 400 562
4 50 19 7 409 504
64 73 8 1 421 626
74 69 10 4 234 422
64 11 7 4 567 786
55 44 26 1 566 643
58 25 23 5 459 543
57 39 19 4 584 755
56 46 8 7 286 393
43 89 29 6 203 415
0 20 7 7 236 438
82 98 21 4 281 578
19 58 25 5 330 547
61 12 5 6 227 332
77 5 11 7 280 526
77 23 9 4 444 545
56 34 12 5 255 350
55 24 15 7 370 576
99 8 24 5 555 702
15 74 16 5 326 620
58 50 13 7 334 461
80 100 6 7 256 481
42 36 11 7 360 461
96 26 13 1 484 604
11 73 7 5 227 314
45 1 13 5 291 518
13 45 5 5 320 609
48 32 16 2 224 423
8 16 15 3 551 663
25 0 28 4 354 519
13 31 23 6 444 730
38 70 27 7 436 568
16 22 22 6 608 727
45 10 10 6 242 355
89 76 26 4 579 689
63 46 15 3 472 707
41 71 10 7 396 505
71 32 9 6 456 650
25 84 24 4 456 542
42 88 12 6 392 551
37 12 19 3 354 603
23 2 7 1 487 765
50 87 26 1 621 743
59 78 21 3 438 719
70 29 5 6 478 773
50 38 6 5 708 789
51 46 21 1 534 720
34 86 25 2 442 732
58 19 10 2 491 623
87 26 29 5 388 624
32 74 11 1 335 499
83 75 28 7 639 708
84 63 12 7 379 620
3 42 28 3 567 681
54 69 7 4 631 789
85 95 24 3 427 646
94 66 19 6 511 730
99 64 24 3 339 472
80 18 27 7 648 768
13 44 26 5 342 444
85 91 8 6 695 764
98 5 20 4 652 739
44 92 30 4 516 765
51 54 17 3 255 508
70 31 25 5 286 547
13 9 15 6 201 308
27 75 16 3 575 770
75 51 16 3 381 653
7 2 24 4 366 515
15 15 28 7 353 634
51 60 25 5 565 708
75 7 14 5 276 471
6 22 17 7 668 731
43 26 9 4 249 467
49 81 30 3 274 510
87 86 25 2 562 694
75 97 9 5 261 326
14 78 5 3 487 759
36 61 5 4 393 460
35 74 20 1 398 541
31 75 28 2 223 344
76 9 23 2 482 595
61 64 10 4 538 640
94 9 21 4 287 393
3 35 10 6 507 603
45 8 16 7 359 553
48 92 7 1 529 650
63 27 25 6 448 606
45 6 30 2 461 529
48 61 26 1 370 564
8 19 11 5 493 755
34 8 6 2 380 662
60 89 12 6 325 402
16 53 30 4 499 595
75 20 13 4 417 623
36 27 29 4 439 512
25 83 17 1 444 646
10 62 17 6 385 482
80 35 5 5 373 517
24 47 22 3 302 445
53 96 18 7 299 374
2 94 30 5 608 706
9 73 13 4 261 379
7 10 16 4 444 610
44 7 28 4 396 616
85 26 30 6 557 710
26 89 24 7 300 539
46 37 7 7 269 402
89 61 27 2 378 624
0 73 9 3 571 723
22 65 12 2 352 596
30 33 10 4 676 790
17 79 16 5 539 676
77 74 5 2 454 669
57 58 5 4 462 578
46 68 18 2 387 674
25 28 16 4 606 783
43 54 12 6 418 490
14 86 27 6 596 697
51 42 16 6 569 758
93 66 21 4 638 743
50 24 5 3 351 627
54 1 13 5 284 395
3 53 13 7 435 676
12 11 15 5 402 488
69 76 29 5 328 502
24 75 15 1 315 483
11 55 18 3 446 545
82 25 26 6 570 683
70 44 30 1 284 408
97 36 13 1 529 669
59 8 7 4 504 725
73 14 21 6 384 453
50 20 24 5 338 630
91 21 18 2 225 464
46 49 14 7 476 609
32 84 29 2 205 432
63 82 30 4 235 376
68 8 5 4 270 383
90 84 14 4 332 507
22 93 15 1 304 387
27 42 10 3 355 457
19 3 5 6 261 421
46 92 5 3 492 766
84 12 11 4 490 758
29 8 17 2 459 605
60 23 18 2 210 316
51 48 16 3 205 442
82 37 8 2 354 581
74 37 15 3 235 471
33 21 11 7 533 796
37 41 20 3 252 332
35 41 23 3 205 490
88 0 12 3 566 786
97 0 27 3 369 458
66 38 22 3 518 626
32 35 24 6 246 511
66 86 17 5 283 571
57 55 15 4 427 531
30 67 16 7 456 522
27 0 14 3 496 742
30 41 10 5 221 469
33 35 9 1 496 734
24 78 29 4 493 777
13 33 24 1 477 696
62 84 10 1 380 672
63 92 10 1 610 704
15 50 26 6 329 566
86 52 23 3 234 494
90 68 9 3 254 415
52 49 21 3 283 573
18 22 27 6 329 572
60 33 22 3 279 500
63 19 12 5 296 392
33 16 6 7 338 557
92 64 13 5 553 692
14 73 13 1 471 583
53 68 26 7 550 663
83 12 25 4 296 443
82 52 16 7 568 711
54 19 10 4 479 545
75 72 11 3 334 570
68 97 8 7 707 800
40 99 10 7 361 536
95 77 15 4 396 670
79 10 14 6 229 328
32 63 13 2 582 778
56 75 9 2 414 569
38 2 25 1 567 681
26 82 18 1 296 551
97 17 19 6 399 654
8 6 20 6 353 575
65 12 13 4 439 523
91 52 27 3 422 703
27 47 11 2 394 661
86 3 20 3 425 599
90 59 15 1 559 778
22 17 26 2 441 577
55 3 20 1 280 469
12 62 23 3 416 578
63 16 18 6 215 451
73 89 22 5 396 545
86 18 25 5 408 536
65 98 13 1 283 382
59 64 9 7 448 747
0 38 29 5 627 712
67 99 12 2 346 474
10 93 20 1 382 681
56 6 16 7 714 780
76 48 30 6 271 450
40 41 30 6 559 748
48 65 9 1 540 797
11 49 10 2 622 687
14 75 12 3 567 754
73 84 29 5 587 694
64 76 23 5 610 735
6 61 6 7 328 512
84 81 13 2 382 551
25 52 18 6 369 590
28 45 19 4 269 380
12 33 20 4 637 788
38 99 20 6 511 768
21 89 8 3 383 595
49 90 8 3 299 593
33 43 25 5 345 571
21 77 19 1 364 472
3 29 11 7 468 691
73 61 6 5 526 606
78 66 18 6 390 488
87 38 14 5 231 449
91 54 22 1 307 403
66 85 7 6 453 706
11 69 23 1 583 646
92 70 23 1 334 402
4 72 13 7 236 443
64 23 11 7 451 516
28 25 6 3 434 647
85 68 25 7 235 303
70 38 24 6 440 507
38 4 19 6 547 702
37 10 28 6 420 689
32 16 12 1 494 716
62 13 22 1 421 558
53 62 17 2 264 358
0 81 28 7 370 613
86 48 29 1 419 629
62 98 27 4 354 563
2 88 25 6 641 774
96 69 30 6 400 647
31 39 5 2 611 800
69 7 9 5 554 700
64 56 5 3 232 331
0 29 10 5 288 582
12 7 15 3 574 676
11 85 11 4 538 651
53 90 24 6 261 411
81 46 16 3 221 474
41 79 21 4 563 666
81 60 15 6 529 655
70 45 5 5 291 561
82 95 11 5 545 784
90 24 20 1 241 518
33 71 12 3 310 487
85 21 13 4 213 348
1 67 24 1 283 512
43 75 11 1 538 701
61 34 9 6 243 363
10 63 15 4 381 517
30 73 29 4 410 493
93 41 7 3 212 411
6 5 21 7 322 616
30 78 28 1 616 740
48 39 27 1 524 609
46 26 5 5 543 634
97 37 21 1 581 673
36 73 22 5 630 699
44 58 28 6 432 512
87 20 12 3 256 362
66 21 24 4 310 547
67 27 27 3 303 444
49 82 26 5 329 469
42 14 17 4 206 482
75 37 20 6 377 600
39 14 18 1 220 411
59 82 16 4 353 424
95 51 15 3 375 546
88 92 13 2 436 558
66 31 13 4 697 774
67 42 27 6 247 535
85 46 23 7 204 355
27 6 15 6 601 756
95 59 14 7 463 757
69 69 7 4 287 471
77 7 27 1 249 526
100 14 14 7 600 725
9 72 6 5 410 644
61 86 21 4 235 427
73 22 22 3 430 557
32 8 6 3 532 779
86 25 25 1 386 560
34 80 13 5 305 563
73 5 29 5 508 599
3 64 30 6 220 435
47 36 18 2 447 613
35 56 21 7 554 785
40 15 20 1 237 460
7 84 27 2 336 411
47 52 7 5 575 758
64 90 26 5 510 651
85 48 13 1 461 710
64 4 11 2 235 371
10 5 30 1 238 348
20 43 20 6 417 708
38 67 8 1 693 769
50 11 8 4 204 480
37 71 11 6 509 794
51 92 10 1 317 544
16 21 9 2 505 705
14 25 25 5 315 614
94 36 22 2 281 520
32 68 13 4 552 622
62 11 19 4 356 543
54 26 23 6 648 736
58 1 28 7 431 500
