1825
35 51 0 0 0 0
3 8 12 1 381 563
31 31 24 3 350 600
92 34 24 3 248 439
37 53 23 2 679 744
40 69 5 2 360 464
23 72 30 3 492 568
51 27 14 4 390 498
3 57 11 7 300 568
4 21 18 3 529 650
14 40 6 4 240 479
21 86 14 2 298 550
94 13 30 4 564 709
42 13 28 2 488 627
74 20 15 5 466 672
67 62 25 1 514 698
99 2 10 2 273 524
96 10 22 1 535 741
78 80 11 2 487 736
83 96 24 2 444 675
60 16 10 3 205 309
99 32 22 4 657 769
67 81 27 4 293 522
65 12 30 6 273 501
32 15 25 4 560 639
69 77 30 3 606 778
41 88 12 4 278 382
85 91 21 3 487 635
54 6 14 2 591 800
74 92 9 1 535 622
4 39 19 1 321 467
69 73 24 7 544 681
48 1 22 3 449 607
38 35 26 4 271 348
69 99 9 3 213 361
79 60 10 5 325 620
63 93 6 6 288 588
61 2 20 5 588 661
66 90 9 1 368 553
17 31 8 5 576 761
0 64 26 4 314 441
43 2 18 5 567 664
40 51 5 3 536 740
77 38 9 6 515 782
6 29 24 3 427 703
50 76 29 3 430 687
42 32 6 6 202 410
63 50 26 3 310 440
70 88 22 3 285 527
47 93 28 6 417 561
20 41 12 1 210 419
58 9 21 1 480 619
20 85 14 6 362 482
51 68 21 5 506 584
8 28 13 3 543 659
97 12 29 7 553 730
73 91 13 6 200 293
85 52 14 2 349 595
92 82 8 2 256 392
24 51 22 7 402 511
53 82 17 4 367 661
84 57 16 4 605 752
48 68 25 2 290 419
48 11 15 3 226 308
49 88 15 5 465 720
68 47 12 3 275 509
37 10 11 3 342 504
33 63 7 3 709 789
12 71 12 1 374 500
56 90 14 3 437 684
32 31 23 5 243 356
76 14 15 2 319 480
98 79 19 2 397 511
35 99 10 6 520 793
80 44 17 7 348 431
76 43 15 2 434 517
60 24 25 2 670 733
47 26 11 3 427 648
77 3 17 5 369 446
40 30 21 6 588 652
7 15 16 5 367 433
70 24 6 6 557 638
73 71 14 4 605 713
65 76 29 3 297 440
29 20 27 6 717 781
43 66 27 4 489 628
42 50 13 3 463 647
45 67 6 1 231 402
41 54 11 2 298 446
20 26 30 7 420 569
85 64 13 5 271 417
74 45 23 5 316 558
84 62 20 3 287 475
75 88 9 1 422 526
34 40 26 7 268 502
7 7 14 2 514 655
18 39 16 6 204 480
36 65 11 3 343 539
14 30 12 5 410 553
47 56 5 5 314 502
75 79 15 7 440 598
11 45 30 7 576 742
38 14 13 5 686 797
63 54 7 3 274 511
27 36 28 2 447 729
21 57 17 7 499 730
75 96 13 5 614 677
56 75 29 3 513 643
50 71 18 2 598 778
90 64 10 1 320 597
28 84 23 5 341 467
27 71 6 2 529 798
94 59 7 4 446 654
12 14 29 4 250 360
50 35 11 7 586 685
67 82 22 7 676 766
32 69 19 5 244 490
28 91 7 4 475 612
79 37 28 4 260 399
61 12 23 4 289 526
42 67 7 2 382 682
5 95 12 3 587 730
92 48 22 4 222 333
12 15 15 5 221 448
16 62 24 4 624 762
94 82 11 4 575 666
69 0 13 3 695 775
65 67 12 7 327 427
47 87 8 5 457 551
83 86 22 7 398 653
36 14 27 6 339 422
35 53 30 7 631 692
34 17 17 6 297 570
30 36 21 5 417 634
13 13 29 4 597 662
5 33 18 6 470 617
34 74 23 2 212 504
0 75 18 2 427 676
53 9 25 5 550 743
19 19 17 3 453 638
4 85 8 3 542 682
95 98 7 4 323 460
53 43 7 6 484 763
8 66 8 3 204 435
61 24 23 3 413 706
9 67 6 6 562 648
40 34 10 7 630 732
22 71 24 3 303 383
100 39 9 7 554 744
60 79 5 4 446 704
8 59 22 4 643 776
40 16 23 7 361 547
2 24 5 1 536 739
4 87 21 1 231 435
23 63 9 1 358 606
46 27 12 6 630 774
46 34 23 4 591 787
10 81 19 1 496 686
78 10 12 7 303 531
58 31 6 6 590 791
74 28 22 6 399 507
50 73 8 4 282 509
82 68 25 1 500 616
71 97 15 3 295 554
31 10 13 7 375 540
98 27 22 7 577 638
87 3 17 4 557 792
48 89 9 3 267 401
12 0 9 2 267 425
60 61 9 5 541 717
35 32 16 5 574 797
47 52 8 6 283 438
24 52 12 2 627 721
88 18 14 1 558 750
34 29 15 5 613 681
87 33 5 7 453 629
81 76 27 6 362 449
74 69 17 6 248 374
30 92 28 3 670 775
61 25 9 7 527 706
97 21 18 5 407 631
37 1 24 6 502 722
86 29 7 4 624 700
48 8 6 2 499 585
33 9 27 1 382 459
7 30 27 4 341 554
23 13 20 7 370 644
37 0 11 2 447 689
53 62 24 3 328 495
93 43 8 5 545 697
13 53 14 4 574 741
79 98 7 6 464 675
53 44 7 1 215 512
85 28 11 3 292 380
51 23 21 6 310 585
36 63 12 4 471 598
98 46 7 3 435 615
84 70 19 3 469 583
24 89 23 3 670 766
47 20 30 3 553 617
87 85 7 4 384 450
67 9 5 6 501 770
41 41 16 4 230 521
43 1 14 5 412 522
18 43 30 3 332 524
23 57 26 1 522 609
58 19 12 7 645 778
73 97 19 7 496 629
0 6 17 3 570 779
74 19 11 5 302 598
71 65 16 6 498 745
26 53 26 3 266 397
100 36 14 6 410 586
50 94 28 6 504 740
64 67 20 2 677 781
67 70 24 5 463 727
63 90 27 2 531 637
43 39 21 4 460 648
79 21 17 2 238 523
100 1 24 7 296 463
96 32 26 4 543 779
57 54 15 7 454 710
98 21 29 7 314 594
2 47 13 7 369 475
66 7 10 1 415 633
20 38 11 2 516 643
36 36 18 3 493 569
30 13 13 1 447 514
10 98 28 2 234 319
22 0 19 7 566 799
74 57 18 2 449 692
49 66 12 6 490 746
58 66 6 2 514 696
40 22 8 3 423 684
45 2 20 7 524 632
31 40 29 4 386 629
23 77 28 2 531 644
40 55 20 5 472 712
37 74 13 6 487 632
43 69 18 5 342 568
96 72 19 5 373 475
69 83 30 7 521 640
70 96 12 2 335 633
10 41 5 2 258 326
11 51 13 3 333 405
81 70 20 5 227 321
79 55 23 2 382 616
4 36 8 3 218 338
33 97 23 1 295 574
56 96 20 7 353 643
21 9 12 1 645 716
51 100 13 3 482 781
62 62 29 3 540 703
61 89 13 7 232 393
55 57 5 6 377 628
39 31 30 5 693 767
22 55 6 2 250 368
6 48 10 6 212 370
65 66 16 2 483 706
40 81 11 1 201 366
21 46 26 7 519 615
50 4 18 7 572 677
49 55 17 5 643 705
73 64 17 7 270 366
31 43 29 6 474 734
81 24 13 1 699 785
73 78 7 3 628 751
5 88 27 3 255 537
67 45 15 4 358 569
87 8 24 3 508 673
46 92 12 4 312 505
11 78 24 5 637 771
16 7 28 7 410 686
74 93 8 3 454 719
99 93 14 4 426 685
60 3 5 7 630 757
18 27 21 7 574 785
48 62 13 7 685 794
38 46 21 6 572 753
43 28 28 4 480 568
52 30 24 3 317 596
37 58 28 7 262 371
2 0 16 4 344 605
95 33 23 7 319 495
7 5 6 3 569 713
59 68 26 6 528 632
0 14 25 5 344 450
59 90 13 6 700 780
21 50 23 2 410 477
68 89 6 2 539 779
58 41 17 4 503 593
29 18 10 7 212 323
60 12 18 6 297 433
12 64 11 1 534 620
84 59 21 4 202 386
78 64 29 4 321 482
81 19 27 1 238 369
88 14 9 1 272 514
1 29 27 7 615 747
74 21 17 6 353 571
75 45 29 5 403 580
50 62 24 7 500 631
28 48 10 4 601 731
97 2 13 2 456 523
88 43 15 3 473 745
84 60 7 3 316 509
14 50 27 5 293 411
17 25 23 1 463 547
15 39 14 6 295 507
23 81 13 2 666 762
19 34 24 5 577 785
38 64 21 4 402 495
64 7 19 4 351 471
15 20 30 1 357 616
97 41 30 3 476 722
9 38 18 3 581 652
50 91 15 5 589 685
25 79 16 5 465 555
10 69 19 4 277 496
69 35 30 1 434 622
74 81 11 5 292 398
67 42 7 5 531 732
76 79 29 3 292 591
70 78 19 2 375 616
50 20 21 6 438 718
53 1 28 2 317 557
44 85 22 5 452 617
8 100 11 2 471 648
24 100 11 1 232 375
28 19 27 7 438 649
94 10 25 2 708 787
77 1 14 1 631 758
8 67 9 5 318 391
17 6 29 1 249 384
3 41 27 6 242 466
55 66 13 5 232 409
40 29 18 1 227 371
25 56 17 3 240 351
3 6 8 3 341 540
41 25 24 3 424 645
78 78 30 6 633 752
18 18 26 4 263 345
98 3 28 4 208 465
72 5 13 1 387 464
50 51 25 6 709 795
14 8 30 3 489 646
29 1 6 4 209 406
46 4 21 3 294 376
42 71 26 1 408 492
95 57 15 5 569 771
1 1 12 4 483 562
60 58 16 5 373 464
8 51 26 6 495 703
67 92 17 2 295 564
7 3 17 1 522 731
43 47 16 1 260 409
10 24 16 5 341 446
28 34 25 7 524 734
7 1 5 1 708 791
10 4 18 1 602 735
81 59 27 7 508 687
64 4 6 6 580 676
16 92 25 7 419 499
95 100 16 5 231 486
77 30 9 1 557 736
7 47 26 5 414 587
32 4 12 7 517 599
4 60 9 1 666 775
63 74 17 5 358 547
87 22 29 2 255 381
36 57 9 5 317 388
50 14 9 3 333 480
88 55 20 5 204 502
91 9 21 1 661 786
68 22 11 2 267 352
28 82 25 7 317 550
15 61 24 7 309 466
82 9 6 6 305 552
52 77 15 5 397 662
30 69 9 1 479 630
50 67 13 4 433 575
52 72 7 6 275 470
85 97 22 6 254 373
7 43 24 5 522 713
84 96 25 5 473 578
89 58 18 3 422 695
81 69 28 1 435 524
91 2 8 4 584 799
37 51 15 2 555 732
88 40 27 1 687 788
94 38 29 3 358 543
16 77 6 7 326 451
33 36 12 2 647 769
74 1 24 4 273 349
61 18 20 6 401 699
81 16 11 6 287 409
8 29 6 6 335 451
70 43 24 2 241 337
5 48 11 2 357 518
1 75 14 1 509 599
94 86 16 6 426 618
6 26 27 5 665 733
30 76 17 3 623 728
75 89 10 1 290 413
97 72 16 1 494 777
69 20 13 1 521 752
10 37 23 7 390 540
5 14 22 5 211 493
86 13 14 7 410 705
60 22 11 3 417 620
100 25 11 5 512 672
88 86 19 2 264 518
79 97 20 6 428 683
74 48 20 2 634 698
100 87 15 4 358 638
38 70 24 1 495 654
77 96 27 2 253 471
4 90 28 1 369 560
41 64 18 3 299 364
40 99 14 4 350 492
82 100 19 4 421 708
74 94 28 6 400 606
10 48 6 1 482 677
28 46 7 4 249 353
24 97 6 1 464 525
20 15 21 5 312 515
91 81 24 2 426 619
3 89 18 7 330 617
49 12 10 7 501 594
73 36 16 5 243 398
93 83 7 7 469 581
16 53 27 5 572 670
41 83 22 6 397 511
83 17 24 3 317 606
84 54 19 7 214 486
81 94 22 7 378 543
38 10 21 1 250 348
37 87 30 7 463 573
41 95 24 2 577 732
72 94 23 7 486 775
99 97 23 2 365 620
85 47 25 3 576 791
68 37 16 5 543 688
100 93 19 2 232 397
90 83 28 3 261 441
78 82 27 7 404 639
62 95 21 3 431 638
74 11 6 3 534 703
3 14 16 5 236 434
92 70 9 2 359 543
44 78 13 1 499 688
45 39 22 5 451 711
21 44 20 3 308 426
29 46 6 1 432 701
86 99 20 7 201 337
7 94 11 6 607 764
32 68 12 2 225 360
28 65 27 6 452 746
95 42 18 1 301 376
5 91 20 2 640 796
20 92 17 7 287 360
29 69 10 2 253 447
2 42 28 4 523 596
48 97 27 6 217 367
26 83 12 2 203 363
67 86 27 2 477 749
23 19 22 5 594 790
96 40 24 5 235 534
10 32 8 4 426 652
71 74 25 4 661 794
54 93 5 1 375 504
61 99 26 4 503 757
2 79 9 2 355 473
16 5 25 5 267 443
68 5 27 3 606 795
39 94 21 5 453 742
81 7 15 2 208 429
10 64 8 4 683 754
99 91 27 4 312 547
56 4 15 1 432 596
71 87 18 7 635 704
20 42 7 7 429 639
17 64 12 7 424 645
17 91 6 1 366 608
99 40 15 4 256 321
94 69 14 4 607 760
78 37 22 6 557 716
70 45 27 6 219 363
88 36 21 4 249 355
70 74 27 5 246 467
93 67 24 1 470 599
94 24 29 4 395 664
50 72 13 2 631 691
22 69 22 1 439 565
66 91 8 2 214 334
33 78 28 2 247 505
36 23 29 7 342 512
78 85 26 7 377 462
41 69 30 1 447 629
65 52 14 2 414 541
16 11 9 4 261 494
70 90 23 2 287 381
3 71 6 5 251 375
30 75 29 3 398 552
73 58 28 1 405 522
49 11 19 4 257 327
33 87 8 2 593 668
71 20 20 2 296 569
87 71 28 4 266 386
13 97 27 6 535 699
59 84 28 2 439 627
55 24 30 3 311 375
19 30 23 7 395 461
9 39 28 7 487 661
80 60 27 4 507 780
95 76 15 3 390 618
53 18 11 7 273 466
12 30 14 6 662 759
12 60 29 4 345 489
76 94 13 3 508 748
25 44 8 4 286 476
73 53 19 4 265 346
100 74 10 5 318 551
5 32 29 7 449 658
23 26 18 6 508 741
17 61 11 7 640 707
5 29 12 5 547 663
50 95 13 7 500 672
66 6 12 4 642 776
68 4 7 6 409 523
16 32 16 4 678 794
7 73 17 2 349 542
96 61 18 1 512 640
22 35 16 3 562 690
57 11 6 5 311 518
37 76 25 5 649 782
62 93 27 1 416 639
54 65 13 5 637 767
84 89 24 5 693 765
59 2 18 1 543 650
36 55 11 2 319 519
24 66 5 2 403 463
37 50 10 2 448 679
64 63 15 7 434 606
55 30 20 5 328 459
18 0 29 7 348 592
59 38 13 4 493 595
83 77 13 3 647 792
89 13 8 5 224 319
93 92 17 6 212 316
92 80 9 6 353 651
1 17 24 1 247 527
93 27 24 1 561 735
60 21 11 5 399 486
85 15 17 1 380 566
80 5 10 2 462 526
14 52 15 4 414 650
72 15 22 5 412 676
63 8 10 7 385 531
85 79 17 5 500 662
37 72 6 3 449 708
35 97 8 2 433 618
10 60 17 2 306 414
75 66 17 3 319 571
65 4 10 3 319 407
88 95 25 7 328 549
12 25 8 6 451 611
2 3 22 3 448 725
81 45 20 2 390 562
3 53 19 3 229 511
91 17 19 7 250 384
10 99 23 3 685 767
10 58 14 3 339 511
62 38 8 1 706 785
8 63 5 3 214 402
30 90 12 4 218 481
72 32 24 7 293 549
80 45 24 3 350 479
3 30 16 1 536 644
51 96 7 7 365 629
9 42 9 5 571 784
97 69 12 2 246 531
34 10 8 4 642 710
68 82 14 2 255 500
69 81 29 3 530 643
97 61 7 5 547 796
57 51 24 2 357 620
35 23 22 7 428 621
35 80 16 7 463 586
16 59 13 4 353 505
86 24 16 6 551 734
83 78 12 1 419 523
58 13 5 4 282 497
81 51 28 7 480 645
85 74 9 7 500 701
30 64 27 3 380 580
54 76 5 7 302 504
14 70 7 3 433 689
84 76 22 1 368 559
27 8 24 3 452 532
6 40 10 7 587 795
75 5 28 4 419 618
21 52 13 4 262 501
26 75 11 6 232 399
59 29 22 3 419 522
39 72 27 5 272 567
16 42 28 2 221 425
27 27 15 7 406 625
45 25 19 1 577 686
2 5 6 7 450 691
74 56 15 2 656 719
45 33 21 6 305 452
32 8 6 3 388 588
3 25 16 3 404 483
28 55 29 5 584 788
67 79 29 4 362 536
22 3 28 3 403 490
35 22 6 6 445 508
88 16 11 4 260 438
11 95 28 5 378 560
57 56 15 4 579 732
89 63 30 2 216 327
72 76 23 4 223 351
64 85 19 4 255 440
55 42 17 7 208 408
71 47 15 7 542 672
94 22 15 4 450 726
79 52 17 2 217 384
29 34 30 3 484 677
70 79 12 6 460 612
47 1 11 3 625 798
57 49 23 4 597 769
26 17 23 5 458 604
29 78 12 4 538 687
97 15 8 6 401 701
20 33 26 7 287 408
41 2 5 4 502 769
95 24 14 5 374 574
24 15 11 5 548 723
41 45 13 7 298 506
94 87 16 1 289 504
22 40 18 7 279 377
68 52 23 6 447 706
50 99 11 4 453 584
31 42 11 3 332 496
90 66 26 5 255 334
84 43 8 2 465 539
61 48 18 1 265 343
30 20 23 3 212 319
2 52 11 7 524 701
82 26 13 1 294 583
89 78 30 4 509 690
24 92 24 7 310 535
50 82 19 3 339 461
4 76 26 4 244 542
2 77 21 5 431 633
59 43 6 4 284 348
37 73 20 4 448 539
46 41 12 1 448 617
80 4 8 7 527 753
26 58 6 4 454 754
64 14 29 1 450 561
52 86 24 7 681 782
43 56 20 3 368 650
52 41 17 1 627 769
97 87 24 7 322 590
31 16 29 3 573 758
27 93 11 7 297 535
94 53 19 5 618 754
21 58 20 2 554 776
39 45 13 4 449 524
56 38 12 7 517 667
97 97 10 4 368 497
82 56 7 1 388 628
59 46 28 1 393 598
65 7 10 2 320 386
14 5 8 2 331 498
20 81 13 7 539 748
98 4 21 5 429 697
95 47 15 4 448 614
87 20 10 1 339 556
53 59 8 6 324 581
9 45 13 3 653 751
93 93 9 3 457 601
6 60 6 1 496 665
29 43 19 1 656 796
70 66 25 2 384 625
12 54 17 2 284 404
57 17 21 5 441 506
34 61 24 3 225 367
23 47 29 7 318 428
15 87 22 6 573 694
95 19 15 2 528 767
32 72 8 4 202 280
41 90 19 6 272 369
95 45 20 2 489 726
24 29 9 4 609 681
99 13 20 3 309 431
22 60 9 6 266 348
99 53 10 2 566 660
98 36 24 2 232 343
34 76 7 4 405 675
15 63 22 1 505 734
16 10 18 5 275 511
78 92 5 7 431 507
89 3 24 3 422 623
75 32 7 6 611 790
37 34 26 2 308 552
7 24 19 6 470 629
26 77 18 1 309 378
90 43 13 3 661 729
63 94 5 6 516 791
87 41 17 6 449 659
71 92 22 6 358 541
33 28 18 7 213 481
96 87 26 4 320 427
16 39 10 4 250 327
8 42 26 3 228 466
84 1 8 7 411 631
32 99 24 2 314 602
4 79 29 6 267 443
27 70 24 3 587 689
86 77 20 7 248 425
32 93 8 1 469 551
43 72 21 3 322 539
8 56 15 7 258 404
23 34 27 3 509 654
88 24 11 6 443 659
58 89 12 3 210 411
29 86 8 7 370 483
71 78 29 7 233 483
52 35 16 3 215 331
39 20 24 5 428 704
75 47 14 5 471 583
22 20 29 7 303 548
59 69 22 4 479 745
55 55 22 5 275 489
64 80 5 7 553 709
25 31 21 1 602 731
59 54 11 7 389 590
38 23 12 3 468 545
45 70 9 1 507 647
66 52 22 1 476 668
5 30 11 6 446 601
70 73 29 4 456 674
73 15 7 2 283 509
48 49 27 6 405 617
0 65 26 3 271 559
90 49 13 1 289 351
26 5 30 2 310 412
35 16 27 7 256 339
68 83 26 7 298 565
14 25 30 5 209 329
47 95 20 3 434 679
71 68 14 4 276 392
49 7 21 5 388 470
95 10 5 7 542 680
36 12 18 4 616 797
99 79 14 7 365 497
25 89 7 6 285 371
67 53 28 2 527 788
3 100 22 3 245 364
50 37 14 5 277 339
69 21 8 6 275 366
11 86 30 6 326 480
28 79 23 1 272 354
25 83 12 7 223 346
45 74 21 6 359 462
34 44 30 6 450 634
36 58 10 3 518 617
14 97 11 3 454 537
59 13 22 5 254 409
60 17 25 2 310 504
72 3 27 3 260 521
21 78 6 5 292 550
41 77 9 6 411 556
6 33 20 3 648 756
43 3 15 7 507 643
28 52 24 2 440 736
82 20 13 7 402 672
33 37 27 2 411 508
13 22 10 1 321 499
57 86 21 7 460 727
52 20 27 7 479 563
6 82 12 6 455 516
96 36 18 2 439 640
79 56 28 1 280 492
24 65 5 1 439 564
5 97 29 7 233 371
66 76 12 3 539 664
47 32 11 5 326 426
27 32 27 6 442 678
35 4 18 5 674 799
96 14 6 2 472 648
52 26 19 3 469 768
70 52 17 5 300 454
0 97 8 4 359 584
68 84 23 2 270 350
20 99 28 1 528 663
4 91 10 2 210 310
51 16 24 4 555 696
90 69 29 2 209 483
43 52 30 7 303 395
89 48 28 4 393 547
67 39 20 6 320 606
33 52 23 4 255 533
6 19 16 1 213 405
68 26 23 4 338 618
41 97 30 4 562 774
31 85 15 3 520 651
15 26 30 2 231 466
74 44 14 2 396 588
0 24 27 2 304 411
35 7 20 4 323 590
6 55 28 7 308 426
62 79 5 7 276 520
29 61 29 7 339 549
11 21 12 4 590 710
35 6 27 1 551 674
83 79 22 2 268 384
89 19 21 6 256 372
69 85 20 2 529 792
97 51 20 2 236 352
69 69 5 3 205 372
82 76 26 6 420 590
88 57 7 6 336 533
18 51 8 4 303 467
100 95 6 2 377 549
16 3 29 6 443 691
65 29 11 6 499 581
4 33 12 2 339 494
41 4 20 3 261 413
40 2 7 7 414 692
95 7 20 1 422 646
22 91 23 4 503 763
18 96 14 6 652 751
21 85 10 1 548 612
44 59 13 5 383 613
58 12 6 5 397 548
81 2 28 1 250 538
58 88 26 2 420 602
82 48 13 4 299 475
21 53 11 5 315 580
60 10 25 3 407 511
98 8 14 4 693 757
24 57 19 7 473 655
47 90 17 3 275 515
46 71 30 3 235 367
88 5 8 3 598 767
32 87 16 5 612 687
11 87 5 2 315 414
48 69 16 7 451 698
36 71 10 3 259 539
50 6 27 4 469 750
58 70 19 5 239 472
31 90 14 3 322 592
4 81 26 2 340 603
47 47 14 1 464 567
14 91 12 1 670 741
29 54 17 6 419 653
55 64 12 1 293 575
62 59 10 1 510 676
19 8 13 5 288 418
29 0 5 6 206 294
75 71 19 6 566 656
38 37 18 1 320 412
58 96 13 4 343 554
69 6 12 3 421 549
46 35 25 6 507 705
43 44 19 7 515 607
42 20 20 5 287 586
56 65 16 4 454 592
86 48 18 5 609 721
86 45 28 4 528 692
60 93 9 5 489 774
84 17 5 4 483 655
33 4 24 2 434 546
90 61 19 4 286 347
8 37 23 5 246 524
11 89 12 1 221 339
9 6 16 6 455 744
29 96 21 3 266 453
19 61 11 5 669 772
5 47 5 1 203 323
95 72 19 2 210 493
44 44 18 7 395 639
65 59 17 1 329 463
41 28 26 2 246 406
84 72 9 4 359 558
12 39 14 6 367 513
19 39 19 4 554 709
75 7 11 2 497 738
24 60 11 5 596 715
85 73 16 3 480 543
6 45 23 6 558 787
35 14 26 2 394 648
49 23 15 6 682 800
40 64 6 3 603 680
61 19 27 7 310 581
83 34 15 5 323 562
33 25 27 2 348 454
63 19 14 3 267 453
9 13 27 4 291 363
49 58 24 3 676 743
45 56 30 3 507 663
79 30 10 4 463 676
48 74 25 7 495 622
15 18 12 4 239 479
22 43 10 4 561 646
36 49 27 4 486 779
94 6 30 6 353 599
86 18 13 1 338 614
12 70 7 3 234 516
39 52 28 5 258 536
40 84 5 5 380 444
8 21 23 1 673 797
33 41 15 1 528 623
22 72 7 2 491 588
14 29 10 3 218 296
25 57 28 4 355 487
81 77 14 1 582 754
56 78 28 4 231 474
94 98 25 4 335 475
49 75 21 6 357 581
69 40 29 4 513 670
62 10 16 7 300 452
90 68 16 4 211 285
48 90 23 2 409 492
37 88 12 5 231 528
16 26 10 4 220 407
89 77 8 4 379 487
94 49 15 1 316 501
38 3 17 6 510 766
49 27 7 6 371 598
32 26 23 6 429 682
42 44 29 6 425 504
37 22 29 2 319 590
25 69 10 6 466 635
23 71 28 7 293 503
80 100 14 4 247 403
98 15 14 7 500 659
63 25 17 2 419 508
75 54 11 6 575 680
20 54 22 6 419 565
35 55 18 3 479 605
80 39 22 3 258 491
27 16 6 7 521 649
29 24 21 4 599 783
4 62 30 7 303 593
32 22 17 6 274 517
89 69 21 4 430 505
55 47 23 4 456 620
16 55 19 5 481 752
84 23 12 1 313 395
27 94 14 7 315 490
56 10 24 4 446 706
42 96 22 6 595 727
70 40 13 2 465 578
29 30 5 6 324 563
36 78 22 2 353 587
64 35 23 1 453 576
36 2 10 3 255 319
63 42 22 7 683 758
96 78 19 2 565 681
8 39 12 1 355 432
10 82 23 4 281 568
65 81 9 5 322 620
70 93 24 5 633 776
67 87 27 2 539 727
35 67 26 5 225 324
26 67 24 6 477 642
40 28 23 5 384 671
56 53 17 2 431 689
14 60 10 3 386 664
4 83 26 6 662 741
89 64 29 2 602 761
11 4 8 1 321 545
4 13 25 3 488 754
42 17 10 1 419 615
34 65 6 4 277 487
52 87 11 7 447 701
1 47 23 3 310 394
35 91 28 4 465 703
81 93 19 3 466 752
80 16 27 4 349 435
94 74 10 5 285 433
38 38 23 5 473 541
36 79 23 5 230 414
81 62 23 7 313 450
96 73 8 6 466 714
65 97 20 7 369 433
19 24 17 4 341 431
38 60 5 7 207 465
91 98 16 2 279 406
71 18 17 2 621 736
10 54 29 6 487 628
84 74 9 7 640 752
81 18 20 1 428 514
41 49 23 7 521 721
82 8 8 6 306 368
67 75 10 5 312 518
21 7 26 7 569 677
9 29 12 5 672 762
57 85 20 4 260 479
28 92 27 6 230 375
57 7 7 4 206 481
97 23 23 4 234 391
36 19 13 1 509 752
57 6 9 5 361 514
19 25 30 7 378 604
55 72 15 3 491 620
33 62 9 2 315 588
98 67 19 2 339 441
71 36 20 5 290 497
71 48 5 2 251 444
42 16 28 3 243 494
74 60 9 3 641 797
3 70 12 6 429 667
65 82 10 3 351 526
22 25 29 7 531 743
44 21 16 7 420 497
54 56 12 5 598 771
60 67 25 2 443 600
21 75 27 6 499 774
4 97 7 7 483 689
80 56 14 7 603 758
69 19 23 4 211 449
63 49 9 2 645 746
65 43 12 2 661 727
17 97 19 7 533 645
47 4 5 3 248 361
27 52 11 4 394 584
86 32 26 3 398 664
52 7 26 3 439 667
75 49 19 3 632 731
53 17 9 6 513 628
93 86 6 5 232 463
11 68 18 6 299 578
93 20 21 3 294 433
86 58 17 1 530 732
71 12 23 1 366 553
69 33 26 7 547 725
7 77 26 4 381 629
61 23 14 6 637 784
82 90 11 3 534 772
25 20 21 5 340 462
44 22 23 1 238 422
3 33 5 1 352 573
45 28 17 5 415 527
66 70 15 7 344 469
11 35 12 6 316 435
17 11 11 5 566 748
97 75 13 1 531 713
92 49 7 3 317 548
41 9 29 7 350 637
62 88 24 5 320 480
8 86 16 7 310 371
28 66 22 4 498 586
86 21 27 3 209 441
54 82 22 5 491 772
25 10 11 2 451 562
67 29 22 2 439 533
43 53 20 5 355 618
98 43 26 7 307 441
60 28 8 4 422 499
84 29 15 3 464 757
33 73 27 3 204 427
49 10 13 1 363 616
89 84 30 2 490 623
84 36 13 3 320 514
35 89 15 7 262 549
78 73 24 6 248 340
39 69 29 5 546 628
29 66 28 3 677 780
40 54 25 2 224 433
89 31 25 6 490 712
6 61 14 6 463 584
62 64 26 7 572 648
91 34 29 6 419 479
20 9 5 1 474 633
7 41 26 6 240 413
42 12 21 2 590 784
75 60 27 7 429 631
52 4 8 3 213 368
85 65 13 2 475 744
29 73 26 6 544 685
67 24 6 7 434 656
85 12 26 4 517 587
85 14 14 5 449 566
24 21 22 4 563 693
84 47 26 1 561 698
43 71 8 2 726 798
8 98 22 5 206 386
83 90 30 2 334 517
57 16 7 2 416 715
55 6 26 1 400 475
99 3 15 3 481 637
56 100 24 7 520 733
44 67 19 4 469 664
1 81 11 1 567 756
46 22 15 1 292 421
32 65 30 2 228 484
92 55 26 2 561 765
15 66 17 6 270 346
46 15 6 7 356 438
66 95 5 4 268 551
37 69 27 1 200 337
96 98 13 7 446 656
25 21 24 1 217 484
3 92 12 7 222 511
60 83 5 2 251 410
3 95 21 7 408 556
39 36 11 2 627 708
91 26 8 2 539 627
5 52 16 6 542 619
60 70 15 3 336 422
23 22 20 5 411 487
75 76 28 2 440 702
54 13 5 2 463 613
34 82 23 7 377 644
80 2 27 4 312 393
52 31 29 5 520 652
88 3 15 1 280 546
28 68 25 5 334 616
96 13 28 4 224 320
43 10 27 4 653 796
11 82 15 7 207 440
31 89 5 1 607 695
75 18 24 5 588 716
34 6 21 1 206 291
70 21 14 6 276 538
16 61 7 6 559 702
76 38 22 5 414 551
74 34 17 2 340 573
94 28 24 6 579 694
94 84 19 3 423 545
78 32 9 3 333 558
69 66 8 3 226 359
47 64 26 2 279 383
64 39 20 4 432 523
51 9 17 4 237 337
84 25 11 2 353 556
89 55 5 4 505 662
89 36 16 3 541 686
63 55 24 4 351 527
88 23 30 1 275 434
40 36 20 1 369 648
62 2 11 4 424 669
97 32 23 2 404 542
94 19 28 2 450 655
56 59 11 3 317 451
55 91 5 3 337 529
90 37 16 1 237 316
15 35 22 2 629 712
25 85 20 1 502 674
19 75 16 7 521 689
26 38 14 5 613 713
2 30 30 2 295 480
79 99 5 5 299 582
9 56 18 5 304 438
30 74 12 2 635 738
22 52 6 3 514 743
77 55 13 2 353 557
41 23 17 1 229 477
97 0 8 3 513 671
83 18 10 3 483 586
33 51 13 2 567 684
57 80 20 2 243 447
53 53 7 3 579 650
60 99 26 4 274 417
73 23 8 3 523 594
68 86 24 3 301 525
14 44 9 7 361 660
63 53 7 3 516 588
45 42 25 2 280 416
45 73 20 6 534 767
88 46 17 7 516 706
46 38 14 4 447 605
33 57 16 2 544 762
10 36 18 3 647 783
50 0 20 5 205 324
19 44 11 4 661 752
59 55 18 2 448 658
48 77 5 7 253 551
92 50 28 5 384 501
3 10 16 7 308 378
80 36 28 5 308 491
51 3 28 2 539 759
58 32 7 5 334 554
59 95 10 1 258 539
32 38 9 7 658 736
99 69 24 7 234 427
26 55 16 3 402 519
3 46 20 5 247 422
78 3 13 2 243 497
39 61 9 3 240 374
61 63 16 1 634 792
77 41 14 1 205 286
98 84 16 1 294 367
35 0 13 5 647 769
43 95 28 7 418 600
7 60 28 1 664 757
53 16 6 3 267 545
11 38 18 3 472 572
26 27 12 3 217 392
50 83 6 3 585 741
77 78 30 6 442 649
9 10 11 7 620 712
91 32 10 7 250 533
48 14 24 2 324 425
83 52 5 1 614 747
2 26 23 1 483 607
66 55 23 2 367 588
69 3 10 1 304 415
77 0 26 7 562 684
59 12 17 5 623 735
80 21 16 4 545 664
74 43 22 6 311 611
10 38 15 3 616 790
43 65 23 1 548 714
74 84 14 3 571 723
23 59 7 7 434 728
50 48 26 3 432 730
4 47 27 7 398 694
27 63 13 3 202 303
40 43 23 2 282 485
70 19 19 7 431 675
2 10 17 4 324 468
29 87 27 3 204 488
94 95 11 1 532 676
78 30 15 1 216 413
64 23 11 3 384 565
43 57 5 7 435 628
53 91 25 7 427 607
47 91 22 3 400 536
35 77 13 5 437 667
30 67 5 4 266 477
81 98 10 1 334 501
75 4 29 3 661 733
93 5 27 7 565 743
7 44 16 2 213 299
25 70 16 1 211 406
37 31 5 7 538 605
45 80 17 7 354 478
61 0 9 1 214 278
4 74 27 4 365 642
72 44 12 6 645 705
69 37 30 4 403 465
87 32 30 2 468 548
86 61 28 4 259 464
30 85 23 5 309 436
58 23 28 2 403 534
83 48 24 3 543 776
79 48 14 7 391 513
34 90 24 3 247 520
75 12 14 1 444 646
79 94 6 6 477 547
70 6 8 5 257 358
2 74 17 7 216 420
16 74 19 6 235 434
39 49 15 1 552 722
31 73 28 2 656 758
2 48 12 6 558 648
29 9 6 4 272 337
65 45 8 2 282 579
25 55 13 1 255 357
81 75 10 4 462 621
97 58 27 2 553 794
42 8 20 7 659 734
54 51 20 2 244 412
43 5 10 6 405 511
90 96 17 4 486 678
5 21 22 7 323 545
91 69 20 2 219 307
54 98 29 3 285 460
100 92 19 4 460 557
66 32 11 6 450 568
68 18 11 1 374 657
45 38 18 4 700 789
97 37 19 6 363 428
47 21 8 3 504 762
72 21 21 3 408 516
32 5 23 7 570 792
52 74 25 1 293 496
76 53 11 2 641 711
13 1 30 2 226 435
43 49 12 4 247 316
46 62 12 3 440 519
26 50 6 3 301 599
18 21 28 1 555 765
43 7 12 2 466 596
23 2 22 1 552 704
13 40 29 6 654 729
74 87 8 4 488 707
58 67 18 5 346 628
10 19 21 7 352 517
97 84 20 6 308 527
24 73 6 7 224 353
49 81 15 2 502 642
85 17 20 4 287 406
53 5 18 3 599 712
39 88 23 7 343 525
74 42 23 4 201 421
7 68 11 2 448 528
3 80 21 6 503 698
79 1 5 6 545 788
14 2 29 6 309 559
10 21 15 7 552 688
46 84 14 4 400 670
65 34 10 6 424 701
56 60 17 3 371 474
23 69 22 3 251 537
65 27 19 3 381 526
1 50 8 5 484 758
92 77 13 1 653 732
100 41 30 3 294 487
100 24 7 7 348 547
91 89 11 2 423 594
71 31 16 2 523 713
82 67 15 7 293 588
78 51 11 6 389 557
72 50 16 2 409 601
69 10 23 6 210 472
40 1 12 2 362 567
92 32 28 4 520 751
33 92 24 6 543 653
12 22 22 5 505 743
76 34 15 1 367 511
22 96 29 1 302 471
93 28 18 3 408 551
10 86 7 4 201 475
28 57 15 5 455 719
61 98 29 7 334 608
76 72 18 7 330 517
88 51 8 6 322 592
16 57 23 1 350 480
84 14 30 2 335 397
18 45 7 7 314 416
77 70 22 2 311 536
65 83 9 6 252 399
92 62 18 4 284 424
51 19 29 2 505 590
22 83 7 7 364 445
17 52 5 4 645 789
60 18 28 7 514 773
88 35 27 6 304 476
62 21 23 2 206 320
80 62 26 4 587 702
37 41 8 2 340 432
90 11 11 1 547 667
71 58 17 3 434 627
58 53 30 6 211 454
70 8 16 4 603 702
51 53 25 1 512 724
80 67 29 1 417 500
94 48 16 6 526 715
80 1 17 3 261 397
7 37 16 3 511 581
7 81 28 5 302 579
56 36 13 2 350 500
44 16 24 2 255 470
12 83 20 4 591 681
68 43 21 1 531 685
22 99 10 6 407 492
84 52 14 4 388 477
100 71 18 4 354 651
11 57 22 6 427 580
27 59 16 1 303 525
54 64 24 3 411 657
70 60 19 5 324 480
53 61 9 1 285 430
50 38 17 2 523 696
3 32 24 5 582 725
63 27 17 6 363 564
75 82 12 1 391 577
71 51 20 5 339 600
66 53 9 6 434 564
14 92 28 5 215 400
4 84 26 3 519 671
17 77 14 5 395 476
60 84 25 1 555 789
17 33 7 1 503 567
54 55 16 6 271 358
98 12 16 4 242 316
25 58 27 5 370 468
51 95 27 6 572 680
18 25 14 3 246 534
19 29 22 7 465 597
63 60 26 2 460 659
36 1 22 3 390 505
11 17 7 6 297 471
17 99 25 4 342 576
96 49 28 1 485 679
58 49 10 6 629 796
13 44 24 5 408 636
19 78 19 7 538 657
30 71 15 2 417 620
41 71 29 2 452 682
32 60 20 3 202 326
38 82 12 5 202 490
9 31 30 1 532 782
76 27 19 6 557 665
56 39 23 3 564 682
100 62 6 5 523 693
15 95 10 6 359 539
74 49 18 7 357 571
99 27 30 3 629 704
84 48 24 4 464 572
73 86 9 1 711 786
32 96 14 7 639 718
79 64 8 5 538 758
13 89 23 5 398 582
62 83 12 1 501 685
98 6 30 7 503 631
86 79 24 6 360 454
41 27 7 2 499 633
25 3 24 1 478 769
49 64 27 5 370 436
60 78 20 4 544 760
17 42 6 3 404 474
81 65 9 3 318 401
1 21 20 1 433 545
5 51 24 3 613 798
60 14 30 6 282 530
41 1 25 5 275 552
23 41 18 6 280 403
20 0 18 6 211 358
6 94 29 1 355 488
0 63 28 1 287 539
52 59 17 2 300 562
99 39 10 3 589 795
44 74 11 6 377 512
56 8 26 6 359 555
32 6 29 4 487 642
78 53 21 4 348 515
37 2 14 4 507 573
21 100 28 4 450 598
15 54 16 1 422 637
45 95 9 3 372 511
10 2 12 3 379 671
53 49 29 1 592 656
80 46 13 6 472 667
30 10 5 1 323 427
90 24 27 3 213 423
86 50 8 5 346 432
75 74 21 5 326 545
12 90 9 7 319 571
26 80 18 7 266 388
46 44 11 4 223 458
25 51 16 2 509 627
44 82 25 6 468 560
92 46 6 6 459 698
26 92 19 3 233 519
71 79 8 1 261 487
12 9 29 7 260 468
13 84 10 1 218 289
69 44 16 6 286 456
58 58 22 1 667 766
38 91 13 1 282 429
16 96 21 4 554 662
48 96 16 6 381 498
41 78 8 3 601 763
22 82 6 4 245 441
17 68 21 7 261 534
81 73 28 3 644 739
85 96 26 5 201 322
57 9 17 1 294 580
13 26 20 3 208 428
34 51 19 3 408 699
99 68 24 1 217 481
69 12 20 3 318 500
66 81 20 3 346 478
94 11 15 1 395 515
51 87 18 2 675 740
37 78 27 7 246 482
48 18 17 4 202 471
48 71 11 2 391 518
0 1 30 7 349 456
89 0 25 5 425 552
76 85 16 1 476 741
67 43 17 2 454 567
54 59 11 3 716 799
97 46 5 4 386 448
67 23 25 3 379 611
41 33 13 6 629 757
74 5 10 3 540 752
31 13 16 5 250 387
28 6 27 3 239 318
55 74 13 1 417 489
19 50 9 6 457 616
2 29 29 2 664 764
36 86 29 7 241 502
53 0 17 2 303 413
66 89 21 6 349 522
13 64 28 3 408 664
83 71 19 5 566 792
61 68 21 4 373 477
60 33 6 2 609 710
0 86 30 6 424 493
38 77 26 7 401 624
6 11 23 4 418 684
45 87 21 4 494 622
34 4 17 6 683 758
96 42 30 4 425 667
23 95 26 7 352 559
34 78 23 5 337 619
61 7 13 3 569 720
91 41 15 7 450 594
62 12 15 3 277 468
95 99 30 7 308 519
55 82 11 3 529 718
52 80 9 2 257 491
9 75 29 6 445 707
24 55 18 3 322 572
12 63 27 7 520 763
52 36 30 4 402 603
48 76 5 4 394 507
49 61 30 2 468 647
58 26 9 7 537 783
1 64 24 2 528 722
97 22 8 3 621 728
51 21 21 2 200 464
14 42 17 3 568 776
25 71 17 2 324 403
78 99 24 3 623 693
30 61 17 2 526 630
18 60 28 5 400 532
9 1 9 5 254 499
55 43 16 3 480 689
9 69 7 2 260 320
57 61 20 4 216 403
65 91 30 7 287 463
67 47 11 4 416 707
33 86 15 6 580 792
57 30 30 3 462 705
28 45 15 6 310 476
38 24 23 1 365 538
20 49 12 4 644 731
2 70 11 2 411 705
80 25 6 5 396 633
88 33 22 5 500 615
93 81 17 5 638 789
36 90 25 3 253 452
36 59 24 7 549 698
57 24 25 2 365 633
77 60 21 7 281 410
14 80 27 7 631 746
48 21 28 1 287 441
82 59 24 6 381 597
21 51 11 5 303 582
99 42 16 4 577 734
26 13 14 3 385 685
22 65 26 6 367 553
79 12 15 6 549 746
2 38 22 7 293 558
42 60 12 5 498 589
9 97 25 7 392 460
49 73 30 3 524 635
45 53 18 6 500 650
47 42 24 5 491 579
9 0 12 1 583 794
97 25 15 1 577 641
44 41 13 7 563 631
75 0 8 2 323 557
55 33 8 5 268 355
85 78 24 4 377 537
17 18 9 7 519 704
28 14 7 4 702 779
13 20 25 4 263 412
45 51 20 3 210 316
0 44 27 1 464 703
46 86 11 2 558 741
41 30 21 2 557 694
78 34 5 2 638 790
52 44 6 3 281 536
61 46 21 2 391 550
12 86 23 6 670 786
60 29 24 4 346 575
56 45 30 7 401 662
54 97 25 1 306 444
28 15 16 7 469 529
20 43 30 6 493 621
89 11 21 3 228 473
50 87 15 2 379 445
92 4 24 3 361 423
17 51 11 3 541 637
46 73 13 7 415 524
49 74 29 2 445 531
62 98 19 3 309 553
81 26 18 1 460 626
91 63 25 6 365 505
89 61 22 3 337 400
90 31 7 6 425 699
72 68 18 1 228 336
68 44 19 6 336 628
49 33 11 5 312 597
46 30 10 7 341 494
97 89 26 5 497 730
8 78 10 5 419 621
41 98 19 3 324 498
11 9 19 6 398 590
42 25 20 5 300 458
22 9 16 7 218 447
37 15 16 4 462 544
40 86 19 5 374 559
59 45 29 3 393 466
64 60 8 6 349 437
32 17 30 5 508 771
62 42 14 6 386 495
8 46 30 6 480 550
71 17 14 7 299 398
11 25 8 1 308 520
85 5 26 3 447 728
87 90 28 4 560 745
49 50 30 6 452 707
15 29 27 2 472 751
76 71 17 1 248 387
98 47 18 6 458 737
93 1 9 6 243 484
3 2 26 2 565 751
74 54 22 3 203 360
90 47 25 2 488 575
96 30 27 6 551 715
81 97 13 2 603 729
55 7 13 1 227 518
58 28 13 2 319 482
91 54 22 5 279 418
45 47 22 7 309 599
68 31 23 5 699 767
38 31 25 2 664 782
48 4 6 5 420 706
86 76 15 2 588 671
85 40 17 5 318 424
63 7 23 7 322 577
12 95 6 4 258 346
53 32 22 1 375 658
55 73 17 7 385 541
73 11 30 4 574 751
48 9 27 7 303 508
90 36 8 4 418 684
36 32 29 6 602 733
18 4 18 3 404 565
60 37 29 4 581 688
84 80 25 1 439 510
30 14 27 4 629 780
19 99 23 4 267 562
82 81 17 5 668 775
96 2 24 5 571 738
41 80 13 3 368 589
68 64 26 7 665 778
13 79 17 5 390 609
26 90 14 2 333 471
44 54 28 1 302 587
68 87 11 5 204 396
1 87 18 4 355 424
5 83 19 4 225 480
4 96 18 6 215 369
30 62 9 6 509 788
17 56 25 5 357 492
59 39 23 1 416 590
28 58 13 1 255 327
51 52 23 3 534 620
33 8 6 6 496 618
39 97 9 6 663 743
15 59 6 5 504 765
62 46 10 5 460 704
92 39 5 3 219 455
65 89 22 1 397 569
32 32 29 7 463 629
5 41 15 5 417 526
24 70 25 2 317 580
56 40 24 7 428 676
64 57 11 2 301 563
0 41 24 3 300 536
68 38 10 6 388 519
77 57 22 2 381 678
75 39 10 5 438 697
73 43 6 4 633 713
23 5 6 3 525 790
78 79 10 4 405 511
33 98 25 3 493 554
56 94 17 7 560 688
87 34 24 3 303 535
34 97 23 7 486 657
88 78 25 2 498 649
90 12 22 1 556 691
12 65 17 5 350 510
55 93 20 2 360 629
24 90 9 7 563 777
68 28 23 5 354 505
52 43 19 6 259 484
59 92 28 1 666 760
17 3 14 4 478 701
87 94 20 1 643 777
17 47 21 3 324 451
87 70 19 6 456 534
49 54 15 5 290 408
70 65 8 5 594 775
32 61 5 2 560 750
50 65 18 4 573 726
36 77 29 3 495 784
90 44 27 5 329 509
86 52 13 2 249 532
1 52 26 3 408 544
64 86 25 3 471 750
34 54 21 6 213 337
29 97 28 3 331 529
39 90 27 3 564 792
28 70 18 1 538 625
21 61 10 1 453 594
9 33 16 3 508 616
18 89 22 6 234 309
100 30 23 3 225 515
17 87 7 1 275 469
3 35 17 6 397 669
95 49 26 7 553 623
81 67 30 6 209 385
55 31 12 4 203 428
29 33 20 6 654 757
54 34 11 2 612 674
57 63 8 1 350 477
16 63 6 6 224 457
4 45 21 6 524 626
29 55 20 1 389 459
82 1 24 3 514 714
38 0 30 5 404 518
63 70 15 2 616 684
26 33 9 4 248 483
98 32 29 2 514 791
40 45 5 5 604 671
19 67 27 1 515 731
62 44 29 2 521 713
59 17 12 3 385 568
84 91 13 2 313 542
51 11 17 2 224 347
70 84 16 3 704 800
41 59 16 6 618 732
47 44 20 7 516 725
87 50 17 6 461 693
19 77 16 3 671 783
91 11 20 7 241 362
62 72 23 5 686 749
75 46 6 2 472 583
69 67 17 7 235 495
100 33 15 7 409 708
29 15 24 1 228 428
98 59 18 2 408 632
59 94 6 5 232 414
3 23 7 7 278 383
70 94 22 4 374 672
95 30 27 4 310 542
18 92 25 6 232 449
22 28 30 1 584 702
69 55 23 3 481 617
97 79 7 2 459 690
16 31 16 7 268 481
8 15 26 3 237 401
5 38 14 4 500 798
91 23 24 5 579 658
88 42 23 2 579 704
69 32 8 2 454 754
89 50 20 7 577 758
56 20 18 4 405 600
43 99 26 1 503 757
2 91 26 7 228 461
14 95 5 7 249 544
51 28 26 1 409 654
61 34 25 1 322 387
60 60 12 4 246 318
23 9 25 4 614 756
32 66 7 2 381 566
64 52 27 2 659 788
1 30 9 3 481 610
24 26 14 7 436 673
43 27 12 7 336 506
100 52 9 2 639 775
0 5 20 5 388 495
3 45 7 2 301 361
15 46 18 1 369 546
32 62 8 3 571 684
98 91 20 3 579 743
83 62 11 5 345 408
5 99 20 7 559 699
13 55 22 2 371 648
82 99 8 1 288 434
49 29 23 6 206 272
49 18 18 1 296 460
91 38 30 6 422 676
87 88 21 4 667 742
93 32 17 5 404 486
99 75 9 2 417 658
27 20 7 6 238 474
80 28 22 6 374 658
21 11 24 7 321 540
79 84 8 7 233 496
19 18 28 1 527 642
98 88 27 2 438 705
79 66 19 7 408 656
48 54 24 1 407 473
47 43 28 1 220 300
57 4 30 2 278 459
66 30 17 7 511 760
91 49 22 1 256 520
66 31 19 4 475 759
74 76 15 4 407 623
58 8 26 6 368 604
41 91 12 2 573 663
25 28 11 4 622 772
42 40 15 6 379 663
59 67 25 6 224 490
49 86 8 4 218 503
68 91 12 7 591 713
82 4 19 4 540 685
75 62 27 4 262 532
46 97 19 6 248 543
55 26 17 1 361 485
55 58 12 1 418 482
33 61 29 2 473 648
22 66 30 7 323 571
64 98 17 3 640 781
7 10 22 5 448 639
53 63 29 2 433 655
13 91 9 7 256 518
95 2 12 4 301 481
42 70 6 6 453 730
