1220
18 96 0 0 0 0
32 70 18 6 381 450
31 70 25 3 247 512
17 72 29 4 511 800
24 32 5 6 464 558
39 19 29 5 366 499
42 71 20 4 362 588
91 27 7 2 379 477
14 75 19 5 279 517
82 76 16 7 557 792
34 63 7 6 403 604
96 23 29 1 397 533
56 78 9 4 402 580
46 83 29 6 579 664
42 96 20 2 221 490
37 16 22 7 571 697
76 38 16 2 499 734
12 17 27 7 434 711
68 71 10 4 222 328
51 50 20 3 399 504
83 24 27 5 505 721
21 0 27 7 287 532
95 9 7 6 219 455
77 40 5 3 272 497
35 58 6 2 425 601
45 13 29 6 262 447
76 57 21 4 311 562
96 64 12 4 565 637
73 36 25 2 593 667
20 15 20 1 318 537
69 84 9 1 495 722
9 58 21 7 317 442
61 63 13 2 410 662
20 47 28 2 538 753
97 12 24 6 416 506
19 38 11 4 305 605
74 45 30 7 479 733
79 93 17 6 414 624
7 60 15 1 504 619
19 77 13 6 365 648
84 15 5 3 504 720
73 89 26 3 414 670
81 78 10 6 489 622
71 79 18 3 431 541
45 68 30 6 501 712
58 44 9 6 298 510
78 77 17 2 294 362
17 21 24 1 346 603
55 43 12 1 482 665
41 44 9 4 452 707
52 42 17 5 600 720
92 11 26 7 278 452
55 6 16 5 281 439
99 44 17 5 262 459
38 14 23 1 631 714
56 10 7 5 309 506
57 74 23 1 260 540
95 7 24 3 232 374
46 30 24 4 708 786
19 15 24 6 365 657
5 91 16 4 368 646
95 81 28 1 532 796
7 47 7 3 390 680
13 43 17 4 472 607
22 8 21 3 420 494
42 94 26 3 411 539
21 28 5 6 458 709
50 32 15 2 505 711
20 38 11 3 390 611
46 78 26 5 658 741
20 59 20 7 697 784
83 51 17 1 426 577
21 78 9 6 206 411
24 95 6 1 469 619
42 54 12 7 311 408
72 68 13 1 411 478
74 17 15 4 216 350
57 89 8 5 404 512
70 6 15 6 291 464
86 55 20 1 617 743
64 43 10 3 707 769
76 56 11 1 522 606
5 20 24 7 393 465
38 86 9 6 363 434
13 17 16 7 200 276
83 59 22 2 538 758
35 79 14 4 515 646
87 40 11 5 233 319
0 36 29 4 300 434
38 63 28 3 544 625
6 45 24 7 530 657
16 54 17 2 526 647
42 95 28 6 447 703
79 82 19 7 507 590
60 15 9 1 601 731
62 64 11 2 682 773
27 90 18 6 425 693
45 87 10 1 587 787
28 17 20 7 502 720
44 91 10 3 407 555
42 82 26 6 251 519
35 81 6 3 645 713
2 38 25 6 431 520
94 45 6 5 251 360
55 2 10 3 246 532
90 20 24 2 521 719
56 33 9 6 290 544
85 4 22 4 532 666
48 66 26 2 482 621
8 68 15 2 358 642
66 61 11 4 287 479
47 43 25 6 509 652
47 84 24 3 214 361
29 67 14 1 666 731
4 79 22 2 366 557
60 41 23 6 608 687
33 47 19 3 543 665
41 20 12 6 366 638
12 58 22 1 202 419
62 99 11 2 508 611
32 46 24 4 267 363
38 60 8 2 350 438
78 30 28 6 373 622
60 38 11 1 394 644
40 46 9 7 465 727
93 21 14 3 373 435
77 66 13 3 384 606
70 39 19 6 705 789
50 9 27 4 647 786
71 4 9 3 288 450
96 92 29 1 620 738
44 50 8 3 239 459
55 45 13 7 481 634
27 47 9 1 279 530
28 81 28 4 363 617
89 96 13 1 661 722
80 71 18 5 289 567
29 46 25 7 533 737
17 32 26 2 358 521
63 14 9 6 503 748
33 18 28 5 617 728
25 45 19 4 397 458
66 54 26 7 480 732
57 63 5 4 486 684
30 67 21 7 561 664
78 35 16 4 552 671
52 88 16 1 248 544
27 32 22 4 416 711
54 12 28 4 279 339
94 50 10 6 238 532
87 89 18 7 262 422
34 0 27 2 415 606
89 29 20 2 284 385
44 97 24 2 316 470
81 47 26 7 477 713
89 76 29 6 244 475
100 74 19 4 286 352
75 16 9 3 421 641
89 50 28 4 572 750
21 58 17 2 460 582
96 25 18 4 605 688
44 19 27 2 396 591
93 6 16 7 322 433
33 76 9 3 516 626
95 85 6 1 449 526
26 99 14 4 319 537
87 80 10 2 371 630
50 31 6 4 605 754
24 42 11 3 410 566
32 71 9 2 695 773
86 18 9 6 381 486
76 95 24 3 360 558
4 99 28 1 568 787
15 69 5 4 288 373
64 3 12 2 482 743
7 93 14 6 352 593
26 57 9 1 394 540
44 25 19 5 350 444
51 76 14 5 498 761
39 78 14 5 256 382
66 79 12 2 495 651
57 96 24 1 303 554
5 62 10 7 417 545
12 43 28 6 284 533
96 79 16 5 504 743
75 66 7 6 321 542
0 80 17 5 559 675
31 89 8 7 313 441
18 47 14 6 394 521
48 34 16 3 671 757
31 3 15 6 417 576
90 96 23 1 202 324
66 81 14 3 439 664
68 62 17 3 373 655
100 25 24 7 210 486
21 70 6 2 316 582
93 64 21 6 399 561
22 18 18 7 290 466
3 79 22 5 516 738
62 0 21 7 354 455
49 10 10 6 354 420
79 19 25 7 338 564
71 97 10 4 213 464
76 23 29 2 224 394
11 63 13 3 215 302
5 7 22 1 383 590
15 77 26 2 592 664
53 33 8 3 517 596
75 78 13 3 345 494
2 79 9 7 203 330
87 5 13 7 386 629
92 4 21 3 449 653
58 59 16 7 279 574
5 46 6 5 540 618
10 70 22 6 546 629
90 22 12 4 505 582
11 41 27 3 455 723
86 87 8 3 256 525
64 13 22 3 511 757
15 13 27 2 424 697
70 55 9 6 227 341
86 15 26 1 522 744
100 52 10 4 384 616
48 3 6 1 529 676
34 51 28 7 494 773
37 62 22 4 499 699
87 37 11 3 350 627
18 64 10 6 597 715
17 37 14 7 382 605
59 19 14 4 381 625
88 73 28 3 338 490
37 86 7 1 598 761
2 97 24 5 612 743
55 47 19 2 243 495
62 58 27 2 230 501
62 80 11 5 492 755
77 69 20 2 227 340
66 78 13 7 653 720
14 72 12 4 384 456
9 37 7 1 585 740
97 51 20 3 280 407
27 11 25 7 512 669
72 100 24 3 559 676
25 61 6 7 370 498
28 16 28 3 522 653
12 82 26 7 533 623
20 94 22 2 375 541
88 81 22 5 306 542
79 70 24 7 264 562
23 82 6 1 641 743
11 48 15 1 540 740
15 23 28 2 298 437
88 58 30 7 247 519
74 7 5 2 242 483
30 44 7 1 217 377
60 67 29 5 327 615
44 0 25 5 366 474
28 45 15 6 313 523
76 78 27 3 515 782
34 70 28 6 359 618
17 63 28 4 517 788
69 48 20 2 537 645
82 12 24 4 340 578
6 91 25 7 217 297
86 90 13 3 469 624
79 64 6 2 702 800
1 99 17 4 639 722
90 8 12 6 276 447
27 67 26 6 245 494
89 99 10 6 582 766
10 68 10 2 514 662
12 61 17 4 522 800
43 50 13 4 584 760
26 88 15 7 222 303
95 32 16 4 353 563
60 3 19 3 560 671
67 11 28 7 238 475
46 97 29 6 411 691
65 81 20 2 353 525
77 22 12 1 536 794
61 4 13 7 393 485
40 76 14 1 411 575
93 47 16 1 371 469
37 58 26 7 535 734
50 3 28 3 255 443
23 9 7 5 399 609
13 58 25 5 649 723
38 85 6 4 590 786
55 8 26 2 377 620
85 46 25 1 314 517
99 16 14 4 457 729
52 100 9 1 442 593
97 82 16 5 354 480
42 69 11 7 364 629
13 11 16 5 501 727
63 6 20 4 297 451
90 26 29 6 487 728
10 65 8 5 272 351
1 43 20 5 291 432
0 38 21 4 220 454
35 89 17 6 275 430
59 11 13 1 483 653
5 85 21 4 234 319
96 47 16 5 261 410
17 18 13 7 201 397
67 88 5 5 624 787
64 72 21 3 434 668
18 20 16 7 425 605
43 25 13 5 597 701
91 17 22 5 426 575
7 66 27 6 426 723
40 62 10 3 380 612
56 97 7 6 716 777
10 8 10 4 388 609
91 91 17 3 257 463
71 25 8 5 434 498
21 20 21 4 486 600
19 90 11 3 315 510
69 19 11 3 393 559
60 61 12 2 223 427
87 27 27 2 588 735
59 21 6 1 360 477
3 6 26 3 492 647
17 67 7 5 395 512
22 79 28 7 358 579
29 16 12 6 518 768
1 30 8 2 378 476
97 96 14 3 349 488
23 28 23 7 407 581
19 74 14 3 415 657
32 65 7 4 207 280
44 6 25 3 408 588
25 21 5 6 435 625
53 32 8 5 428 694
42 13 25 5 253 409
78 45 7 3 344 551
63 13 5 5 439 640
92 71 16 6 339 466
45 90 29 3 508 679
65 95 24 6 564 648
82 62 30 5 474 584
41 38 12 3 587 683
45 7 21 4 592 696
73 42 25 2 448 519
77 85 28 6 428 552
36 65 5 2 261 507
64 82 23 2 265 462
65 89 21 2 273 397
52 30 16 7 719 781
2 98 24 3 606 685
95 45 29 6 647 756
54 66 30 1 208 365
57 35 27 7 562 767
13 77 23 3 580 762
50 24 14 1 367 582
59 44 26 1 499 590
27 85 23 7 635 759
53 48 15 6 415 655
63 21 21 2 629 772
76 26 18 3 364 580
59 75 8 4 381 617
65 36 15 7 230 441
70 43 7 7 607 785
41 61 20 3 457 740
37 13 24 1 396 547
36 89 12 4 238 322
13 47 19 3 333 456
34 90 16 7 311 583
35 46 10 2 693 787
66 55 18 5 428 626
99 14 8 4 502 783
57 75 30 1 453 743
12 50 17 2 565 773
19 45 13 5 307 496
2 10 12 7 551 773
20 48 25 7 464 626
67 93 23 6 606 799
79 16 21 1 346 513
27 41 14 4 679 745
7 12 26 6 321 407
67 72 12 1 521 727
51 99 17 3 395 601
3 84 20 2 300 463
24 26 28 4 202 402
67 46 9 5 229 501
62 17 13 6 268 512
12 86 9 4 362 529
57 93 6 5 513 733
35 18 27 5 411 518
2 69 21 2 513 680
73 97 27 3 369 597
50 83 30 4 447 671
34 5 9 2 273 516
46 13 26 1 543 742
43 77 19 7 368 557
76 44 16 3 409 541
46 9 9 3 490 677
43 2 9 6 466 657
35 95 24 6 244 497
58 46 6 3 264 407
52 38 10 5 480 737
99 97 5 6 420 579
3 38 19 2 722 788
62 76 22 2 345 611
34 3 13 4 288 354
11 94 14 2 429 588
22 90 13 7 270 424
52 54 15 3 481 593
24 16 13 2 444 712
69 68 27 6 417 629
60 42 9 7 551 663
1 78 24 7 502 787
46 98 12 3 220 361
3 35 5 7 510 675
62 72 5 7 292 503
44 23 20 4 366 511
14 8 9 5 551 715
55 23 26 5 508 568
97 34 30 3 317 449
59 67 27 6 313 409
43 78 17 1 459 647
0 35 8 5 505 717
54 38 10 4 451 551
96 84 27 6 445 712
67 44 27 1 327 465
57 66 16 2 212 375
80 32 21 4 405 475
37 97 16 7 470 556
94 4 21 2 444 681
89 31 6 7 510 700
29 49 13 7 515 743
68 64 17 3 427 502
85 78 6 4 353 431
100 33 27 4 660 744
2 57 14 6 332 400
53 9 21 4 306 374
20 51 14 1 301 494
13 42 25 2 370 470
1 34 25 1 531 612
80 55 12 5 609 704
45 80 18 5 650 720
98 18 21 7 492 614
79 21 25 6 234 468
14 37 13 6 323 530
83 57 28 6 235 296
98 84 22 5 544 656
95 79 18 2 285 365
79 59 21 2 370 489
29 19 15 3 346 446
15 46 13 3 476 591
97 63 8 1 312 397
28 67 14 5 338 624
33 59 27 1 434 603
1 74 27 2 271 532
87 66 29 7 690 796
88 56 15 7 363 554
58 85 5 6 587 784
31 72 8 3 536 791
5 36 15 3 568 736
56 56 25 2 597 664
83 32 11 4 560 751
58 94 15 1 432 618
70 62 21 3 508 675
49 60 30 1 276 386
52 20 16 5 628 714
68 96 22 3 202 494
61 9 18 3 253 405
39 100 12 6 468 712
9 52 13 6 383 635
42 89 22 4 396 510
80 49 23 5 426 605
40 38 30 3 295 378
3 48 14 1 240 516
1 61 10 7 512 609
13 65 25 2 394 540
12 88 23 7 273 462
81 75 13 4 489 746
16 21 19 7 530 639
57 2 11 1 526 641
81 89 9 2 524 750
45 63 16 1 389 533
24 54 24 4 347 625
72 69 20 1 337 456
82 29 23 4 368 518
76 46 26 5 709 796
47 35 23 2 291 371
78 32 27 3 575 735
30 73 12 1 288 537
10 55 28 5 443 579
81 77 16 2 579 672
50 30 28 7 555 788
54 68 25 2 239 444
28 44 18 6 292 415
46 80 29 6 522 627
44 80 11 7 298 539
83 22 7 1 200 391
38 82 14 6 480 641
69 41 9 3 338 522
35 38 18 1 533 723
11 18 8 7 653 767
55 13 11 6 392 586
87 47 26 7 322 561
94 92 22 3 310 375
80 85 17 1 406 704
60 21 14 2 441 737
59 94 16 3 372 437
37 46 10 2 484 594
74 96 27 2 244 321
67 25 19 3 252 439
58 16 5 1 530 741
21 26 18 5 224 438
32 94 28 3 610 682
39 12 24 5 222 503
0 86 11 6 492 626
49 17 6 1 476 687
16 100 28 6 548 732
85 59 22 1 552 698
67 24 22 6 243 416
32 59 22 5 548 730
77 57 7 1 552 621
24 81 7 5 244 495
66 89 25 2 400 527
47 41 17 4 564 666
69 8 19 2 260 333
94 70 14 6 522 713
45 15 11 4 481 747
23 61 7 5 324 544
29 52 8 6 481 649
58 0 12 1 539 626
94 61 14 5 664 798
73 5 10 7 426 617
55 87 18 7 610 709
15 85 28 7 679 757
21 92 29 7 263 450
9 36 10 2 431 668
99 67 5 6 417 559
42 16 17 5 228 383
15 76 6 3 365 544
10 23 12 2 266 388
23 29 16 7 257 555
17 2 16 7 205 475
83 39 28 7 476 546
38 12 7 5 490 783
10 34 13 2 410 525
74 51 14 3 407 575
20 63 27 4 239 405
62 66 16 1 553 737
26 81 22 1 265 419
67 19 5 1 332 542
97 88 10 3 474 581
63 31 30 1 320 494
67 34 12 2 373 535
42 1 28 7 576 795
68 0 20 7 334 597
78 74 14 4 301 575
77 36 20 5 462 715
71 22 13 1 311 468
21 6 5 7 472 606
88 43 11 1 565 758
81 35 14 4 670 730
74 47 12 1 639 753
88 40 18 1 464 663
99 7 21 5 441 597
44 66 13 4 574 723
71 30 29 7 438 551
43 18 28 7 436 609
55 29 9 3 417 716
48 56 29 1 416 630
46 95 5 6 510 747
84 73 19 3 325 559
28 2 15 7 595 672
22 16 17 2 623 787
0 98 24 6 423 684
49 37 8 3 305 573
53 19 30 1 525 669
34 98 26 5 568 695
36 69 11 2 361 521
3 49 5 2 372 619
85 45 10 2 284 364
58 26 22 2 561 798
36 18 19 1 486 582
52 73 17 2 421 629
55 65 15 5 624 689
53 6 16 7 650 715
78 63 25 5 607 683
36 23 19 2 471 585
85 73 25 6 487 722
93 57 8 4 657 785
78 42 6 1 607 691
39 83 7 1 652 734
85 21 14 7 675 766
61 97 10 4 355 530
98 22 10 1 203 289
7 1 10 6 340 517
48 5 26 2 221 452
3 13 20 1 403 506
4 22 22 4 232 311
65 24 20 3 574 731
31 19 23 5 539 669
46 34 13 6 364 616
28 72 18 6 558 674
17 43 16 2 248 442
10 25 11 6 584 677
88 33 22 2 316 432
45 66 12 1 273 359
43 31 7 4 239 476
27 14 18 3 618 752
11 38 7 4 466 575
58 54 29 7 427 664
97 33 28 1 440 592
98 44 27 6 389 663
12 64 12 1 392 631
72 15 16 6 320 525
62 47 14 1 209 370
28 56 23 6 551 763
62 65 6 5 243 418
52 7 9 1 265 357
52 12 13 6 504 619
100 91 24 3 427 536
76 33 29 1 441 694
65 88 5 3 377 450
41 52 6 3 569 631
1 36 26 6 589 794
61 18 12 4 316 491
26 40 15 2 295 583
50 67 9 1 481 628
92 35 5 3 471 617
21 56 8 3 640 718
29 11 27 6 262 383
44 41 14 3 678 756
54 39 22 6 604 782
81 66 19 6 453 631
17 52 14 3 541 674
61 28 18 6 336 555
62 46 25 1 450 658
84 31 5 2 433 624
95 44 21 7 558 757
5 47 18 4 239 371
1 59 15 5 510 659
11 31 16 6 569 690
34 59 18 5 254 523
43 1 15 5 497 571
26 90 12 6 275 378
11 96 6 3 243 364
20 10 6 3 308 466
97 15 25 7 461 639
28 95 26 6 521 628
58 93 28 4 344 453
90 3 30 1 273 537
90 71 22 7 312 603
72 79 19 6 611 760
56 43 27 5 484 597
44 11 27 1 347 589
43 71 11 1 546 621
13 53 25 3 415 595
61 15 18 5 417 622
0 72 21 7 463 626
58 89 26 4 333 438
52 11 10 2 566 771
30 25 16 2 421 558
6 37 10 7 330 401
53 11 16 6 356 559
55 42 6 1 408 528
93 16 28 1 254 512
72 6 19 3 474 709
66 62 27 7 662 765
14 15 11 6 493 669
43 75 17 7 313 570
14 67 16 6 429 585
74 83 10 7 373 482
75 56 27 7 278 390
92 6 29 7 434 729
24 30 15 7 245 452
42 38 13 5 690 777
25 43 13 2 235 414
56 24 26 1 318 566
40 52 8 1 301 503
3 41 28 2 485 728
14 28 7 3 240 401
23 33 23 4 587 680
14 83 15 5 553 786
61 6 30 7 438 570
34 13 10 1 452 647
24 6 8 1 572 689
55 22 28 7 411 600
57 97 18 2 399 698
8 7 23 1 394 672
6 12 21 7 312 609
70 16 9 5 216 446
33 82 25 4 476 572
69 50 24 7 575 784
60 17 30 5 221 423
86 23 25 7 288 586
9 74 14 1 245 376
68 85 9 7 361 421
57 87 26 7 296 372
91 2 8 6 415 540
0 77 26 3 391 661
71 32 6 1 435 574
43 24 27 4 403 657
89 32 20 3 470 596
29 15 26 2 214 462
72 9 10 4 338 461
44 82 10 4 438 646
24 15 9 6 419 638
15 47 27 1 441 604
9 45 15 1 245 359
70 45 14 3 356 593
97 1 5 3 380 494
15 68 10 4 686 795
71 37 24 6 408 683
5 38 24 6 472 691
32 53 30 2 276 340
29 87 5 1 474 700
89 35 22 1 234 351
70 21 13 1 647 712
10 98 29 1 268 359
11 52 20 1 608 717
8 74 17 6 293 437
28 61 12 4 228 369
60 8 17 3 517 601
25 14 30 7 404 485
43 4 18 6 389 636
58 4 29 4 658 751
16 34 12 1 377 586
60 66 26 3 279 466
25 50 30 3 435 565
82 50 18 5 283 538
19 78 15 6 502 731
91 87 12 3 492 590
26 9 6 5 390 619
15 73 18 2 378 572
10 88 22 7 207 427
75 36 5 1 576 658
95 19 17 6 497 689
8 22 26 1 366 454
36 31 14 5 320 389
63 100 19 6 708 793
52 22 18 1 362 508
72 28 21 2 232 296
91 61 20 1 452 563
25 33 28 2 299 437
96 65 28 4 562 748
84 91 28 1 278 391
94 95 17 2 488 624
27 26 6 6 475 615
31 5 22 4 675 786
82 54 8 6 325 430
51 4 27 6 291 521
24 96 27 2 405 685
62 6 8 7 419 551
89 21 18 5 253 486
8 38 19 2 586 713
85 86 7 6 350 500
81 42 13 7 476 712
78 49 20 3 215 389
63 49 28 3 509 590
38 64 5 3 347 557
20 73 20 5 295 475
20 83 30 5 324 520
74 16 9 7 583 763
41 41 11 5 263 371
16 90 17 1 208 295
89 22 28 4 220 412
47 9 6 2 449 736
60 34 16 4 354 567
48 42 14 4 347 487
99 59 27 5 561 641
56 1 13 6 673 751
59 9 9 4 527 745
44 33 21 2 634 767
52 40 22 1 322 621
60 98 6 2 450 736
84 5 21 4 365 549
26 91 6 5 259 469
71 10 11 1 640 747
18 49 13 3 345 490
69 11 5 3 318 566
73 72 5 7 678 793
7 52 19 6 496 583
18 14 9 5 420 608
74 3 12 4 307 561
59 49 5 2 248 540
60 65 14 5 538 723
3 57 11 5 452 533
100 3 5 2 483 607
82 49 24 3 720 783
26 30 29 5 380 565
29 36 23 6 238 422
51 66 26 3 273 518
62 49 19 3 373 562
34 2 24 4 361 581
9 16 13 3 529 705
81 19 5 2 462 663
20 66 23 3 596 757
57 92 5 2 356 423
96 48 30 4 416 493
90 11 30 3 476 639
64 88 5 5 593 662
72 37 26 5 421 685
84 30 6 4 458 557
52 66 18 5 497 637
46 92 17 5 393 594
44 48 14 7 687 748
2 83 15 1 541 758
76 42 9 3 491 630
28 12 22 3 294 441
32 14 21 3 319 479
65 85 20 2 209 327
85 97 12 3 523 696
75 35 11 3 390 483
80 51 17 4 645 732
7 98 30 1 253 332
8 37 19 5 360 495
88 71 15 7 288 440
69 25 29 2 330 552
16 82 12 7 294 478
53 83 12 5 537 776
56 8 28 5 375 626
30 21 30 1 589 770
54 86 8 5 348 612
14 65 28 3 416 669
52 27 5 1 451 511
54 50 11 7 392 660
12 67 23 2 306 511
67 66 15 4 443 598
40 29 11 6 286 445
88 64 13 1 256 428
70 47 16 1 537 783
62 44 22 6 261 475
18 21 10 5 688 773
64 37 15 2 460 723
91 0 19 2 432 627
24 39 22 6 243 417
76 41 8 2 640 729
96 89 11 5 550 696
22 67 17 5 269 468
62 85 20 2 336 615
12 51 14 3 621 729
82 28 5 1 272 565
23 72 6 2 535 788
27 24 8 1 400 571
66 27 9 4 445 643
33 93 6 7 412 502
92 97 22 3 540 766
42 76 11 2 646 735
25 75 8 5 273 476
74 5 18 2 388 500
72 98 29 7 207 489
34 62 16 1 524 773
27 52 19 1 697 797
1 42 25 4 579 643
66 8 21 7 256 413
21 57 17 3 532 643
83 48 20 6 500 651
13 66 29 4 307 487
5 17 19 7 416 695
9 38 17 3 254 339
54 34 26 1 501 704
21 98 7 4 479 601
16 89 21 2 406 531
55 20 5 4 268 542
98 61 29 2 212 449
67 69 17 5 237 516
79 83 22 7 574 635
23 27 18 2 461 626
50 66 28 3 492 680
46 4 18 1 520 699
12 62 10 4 269 566
79 4 20 7 402 681
5 10 20 1 205 482
27 9 20 3 538 638
4 14 28 5 335 507
45 62 7 7 701 768
28 90 18 1 205 465
15 42 26 4 554 710
73 14 11 4 548 636
18 36 13 4 604 729
66 65 8 5 468 663
86 80 22 5 576 690
24 84 22 6 666 778
2 19 11 2 574 703
86 42 26 6 202 305
5 68 23 4 277 558
60 72 10 3 299 597
18 79 13 4 465 553
48 53 22 5 583 742
43 3 25 3 594 721
35 94 30 2 443 623
23 73 28 4 659 778
41 0 30 4 484 552
54 32 10 1 505 773
90 1 29 6 269 551
28 33 8 7 335 547
2 31 8 1 427 617
95 55 23 2 225 358
94 22 17 3 449 582
14 30 28 4 398 546
57 86 13 3 285 507
77 84 9 6 570 743
79 54 21 1 633 752
23 14 5 3 306 587
68 83 23 7 381 659
43 97 8 2 212 381
59 6 24 6 616 766
7 29 16 7 501 570
83 37 24 6 245 490
81 81 6 3 219 285
57 53 12 2 255 522
100 43 16 3 584 706
23 97 12 3 533 668
32 21 27 2 604 753
13 33 18 5 573 661
26 34 26 1 232 415
8 8 17 4 424 516
75 95 14 2 431 563
21 45 18 1 670 751
11 32 27 6 328 435
93 36 14 7 211 278
62 83 22 4 306 381
99 19 9 7 659 789
65 90 16 7 276 343
4 87 19 1 546 729
98 97 25 2 296 562
92 5 8 4 241 433
14 88 8 6 430 630
43 42 29 4 566 759
17 84 14 7 680 760
31 71 28 4 404 487
35 47 29 3 555 761
15 35 30 3 414 588
22 83 16 4 272 513
79 84 27 2 228 423
71 73 7 4 433 582
7 8 9 7 691 788
72 26 19 5 328 600
26 89 10 5 282 506
77 97 10 2 231 330
99 53 22 1 462 740
20 1 7 1 213 456
62 32 26 6 451 557
16 25 29 3 313 540
11 74 11 5 250 316
17 38 26 5 220 457
80 0 27 5 522 718
37 68 15 5 551 639
83 31 30 4 503 776
17 13 8 3 329 494
46 10 20 4 206 277
32 83 15 2 533 619
81 91 10 5 447 705
72 71 8 6 546 747
85 89 26 5 419 653
98 59 16 5 390 575
31 9 9 5 545 748
49 29 12 3 417 635
96 21 11 1 489 597
96 22 11 7 472 740
73 92 12 4 479 539
69 45 21 6 339 499
40 14 10 4 399 602
76 5 9 5 357 475
66 35 14 1 390 632
84 94 10 3 249 346
25 11 21 3 246 433
37 87 28 1 211 313
2 76 17 5 588 685
20 76 16 2 246 461
96 91 29 5 537 750
5 52 5 3 211 461
9 89 30 7 395 666
0 1 27 4 256 481
33 15 9 7 222 442
78 46 20 4 489 578
61 53 6 3 311 401
71 89 23 6 487 764
10 64 28 4 387 448
19 84 25 6 501 786
62 81 18 5 271 335
99 65 19 2 225 380
74 80 7 2 380 476
75 37 27 1 450 533
23 85 9 1 274 538
67 51 24 6 221 454
14 5 13 7 458 751
73 93 21 1 582 661
72 35 25 6 418 540
60 12 25 5 445 567
54 19 21 3 456 689
8 87 29 3 222 396
11 3 28 3 326 571
53 92 17 3 502 562
25 26 20 4 705 786
47 96 17 5 342 637
79 36 17 3 244 439
27 20 30 7 458 727
1 32 21 3 598 763
29 64 14 4 444 589
77 62 24 6 244 492
2 3 8 4 200 406
50 38 9 2 554 665
93 71 9 5 475 700
81 64 23 5 258 515
12 65 11 4 541 759
8 29 30 6 411 479
14 4 7 6 548 706
22 100 18 7 379 590
66 28 13 2 272 495
73 31 6 7 221 336
54 55 29 5 261 496
13 62 30 6 263 484
17 99 28 1 294 358
98 27 26 3 201 416
41 66 26 6 581 687
75 64 18 4 361 453
57 25 23 5 309 519
3 12 15 6 471 757
7 65 17 1 522 594
68 98 9 6 614 712
37 63 9 1 213 321
15 3 21 3 228 477
49 89 8 3 481 756
44 61 13 5 442 551
66 97 24 5 539 786
69 93 18 1 277 519
85 35 12 5 207 344
57 48 24 2 549 704
33 33 24 2 338 421
29 66 30 1 584 681
18 71 19 2 422 510
37 27 14 2 405 586
98 79 5 1 526 681
27 55 17 6 404 530
84 21 9 7 456 584
77 98 25 2 381 485
2 82 16 4 394 502
84 92 24 2 455 726
80 65 17 6 465 594
24 85 23 2 252 427
20 58 26 3 322 436
36 55 18 1 329 436
40 15 23 6 446 665
84 2 24 5 411 586
93 94 17 5 446 541
34 89 8 1 454 514
100 81 18 5 539 632
10 30 7 5 547 788
10 14 22 6 265 362
100 90 19 5 616 719
94 97 8 7 467 709
74 14 15 6 275 460
15 8 22 3 356 437
87 15 28 1 437 716
25 59 13 4 440 610
14 25 19 4 621 759
100 68 26 6 395 544
5 83 17 2 263 515
27 35 14 6 412 566
95 34 6 4 264 392
51 13 30 1 605 735
63 88 29 2 556 685
82 100 24 4 209 279
61 80 24 2 447 526
13 24 17 6 508 580
48 95 6 7 619 685
40 60 16 7 589 696
36 90 22 7 334 398
96 51 21 3 714 791
94 21 30 7 304 565
72 67 8 1 690 772
100 86 21 1 257 464
83 17 7 5 492 731
1 7 10 2 257 381
26 43 23 2 234 309
22 49 15 5 317 544
51 22 26 2 431 671
17 74 28 2 548 704
2 81 15 6 414 577
96 52 27 4 598 798
8 91 17 7 390 490
94 46 28 4 509 763
67 85 11 6 265 548
54 37 5 4 456 592
79 57 30 7 358 503
18 81 5 5 280 387
53 10 28 2 459 597
17 31 7 2 242 411
42 17 10 6 362 541
88 5 5 1 473 668
94 13 21 4 379 576
52 31 12 4 338 428
19 29 27 2 550 776
100 98 25 3 554 622
20 96 25 7 675 784
58 49 21 7 452 663
30 59 20 1 540 759
99 61 11 1 513 626
63 8 9 6 603 751
28 87 18 1 444 736
55 68 30 6 509 591
98 8 17 7 393 682
48 69 20 6 525 692
10 18 17 7 321 614
9 78 19 2 241 381
50 13 18 5 322 422
7 31 26 1 291 443
47 100 24 3 541 743
91 21 19 3 539 643
60 26 24 5 517 711
13 5 28 3 509 800
92 92 14 5 367 625
5 76 20 5 413 557
46 50 26 5 486 659
18 19 19 2 613 737
96 29 18 5 211 289
9 67 19 3 382 586
91 40 16 4 694 790
81 93 19 5 225 453
0 57 5 2 332 517
87 51 28 3 671 746
68 44 30 2 293 519
68 30 17 2 372 478
74 50 19 2 383 522
88 31 20 7 548 705
75 91 24 5 271 406
16 12 26 1 599 794
47 75 24 2 660 739
55 35 18 7 551 631
84 56 13 1 293 485
67 26 7 1 433 697
80 79 22 3 694 761
39 76 23 6 552 672
87 62 16 7 236 391
19 14 19 5 227 475
95 25 20 3 539 654
41 43 20 7 379 526
62 1 5 7 295 459
44 15 18 4 491 750
12 52 5 3 271 354
32 40 12 2 472 587
34 87 5 6 327 476
85 93 6 6 319 408
87 32 24 6 323 485
100 57 18 7 264 340
37 21 23 2 402 500
88 53 5 2 526 592
24 78 24 6 291 546
89 13 27 1 411 608
29 20 29 2 500 562
72 93 26 7 211 462
7 81 21 5 213 344
1 77 6 3 328 514
78 70 23 4 207 334
0 41 22 2 478 607
8 14 10 5 349 501
93 35 16 4 455 597
76 28 8 4 319 555
74 19 16 2 587 745
96 66 5 4 326 489
13 97 28 5 383 604
49 78 9 2 619 783
74 92 24 7 200 438
72 8 20 7 400 663
45 50 28 1 671 795
48 37 8 4 346 629
46 47 14 3 361 515
63 1 7 7 330 448
79 27 28 7 432 620
78 60 17 5 411 536
46 15 25 4 610 781
42 64 28 2 300 394
42 88 15 2 438 687
50 89 5 4 249 309
11 11 16 2 272 476
71 1 22 3 518 708
55 11 18 6 391 507
12 54 30 5 627 689
75 74 24 2 551 624
41 16 16 4 316 488
29 17 11 5 307 590
40 73 15 7 515 690
6 1 27 1 209 442
13 73 5 7 202 460
23 49 6 2 441 551
60 83 9 6 562 689
12 90 14 3 418 592
9 11 26 7 210 339
39 9 27 7 215 303
23 36 24 1 575 690
100 58 6 1 298 410
66 4 12 4 696 798
52 5 18 5 470 603
37 0 19 1 652 762
7 56 30 3 622 708
68 82 6 1 401 610
72 94 30 7 405 686
24 44 23 7 669 769
98 88 27 2 483 681
1 100 22 6 343 488
81 79 13 7 334 618
2 61 24 6 451 567
22 60 8 6 243 412
61 70 24 1 310 604
44 62 20 1 655 791
22 92 21 3 382 666
23 53 30 6 457 646
70 97 30 2 264 343
34 4 22 5 381 535
5 15 22 7 590 764
5 80 8 7 392 585
49 74 17 4 538 621
67 87 26 1 373 579
36 49 26 7 226 357
19 92 5 7 560 770
49 85 20 7 418 580
46 16 9 4 463 662
90 95 30 5 586 774
5 81 28 2 249 324
85 52 13 3 624 752
92 54 17 1 258 477
