1445
94 14 0 0 0 0
18 88 12 4 320 570
60 58 7 5 341 552
84 27 24 3 384 537
84 92 16 6 535 773
71 79 23 5 202 434
19 7 9 5 599 764
43 37 20 7 291 579
89 37 12 5 268 380
54 59 28 4 490 786
44 11 20 4 410 702
86 81 27 1 441 648
40 86 30 7 655 770
82 77 10 5 472 669
58 85 25 4 448 604
22 94 8 6 688 766
68 30 8 3 269 505
22 79 23 5 442 730
68 36 13 1 455 560
33 29 30 4 277 437
97 67 7 1 374 651
59 44 28 6 531 647
26 13 27 1 456 634
49 42 23 1 232 488
68 29 14 7 483 579
91 69 25 1 611 682
52 54 21 3 325 584
75 75 11 4 326 446
74 22 24 4 571 666
5 68 10 2 408 558
15 82 19 3 277 540
68 65 26 3 420 701
33 23 9 1 447 673
49 63 7 5 576 799
88 1 6 5 510 783
1 36 6 4 443 549
25 88 30 1 578 759
89 9 13 4 674 749
9 62 19 5 484 657
28 58 15 6 516 781
68 47 14 5 624 717
2 75 16 6 482 680
62 71 7 1 537 657
79 74 10 1 574 666
52 79 9 4 319 606
76 31 12 1 637 747
27 59 18 2 272 399
66 56 14 4 363 469
82 57 11 4 534 613
5 48 23 1 352 474
100 55 12 1 323 442
74 50 23 3 484 769
88 56 16 5 498 585
64 100 14 6 618 732
33 33 14 3 504 661
60 84 17 1 403 512
36 98 13 6 639 791
92 52 16 6 403 560
36 39 23 3 252 514
83 83 24 2 332 496
34 80 8 3 216 411
90 10 14 2 287 572
18 89 13 7 333 562
58 95 8 4 349 646
88 74 24 1 386 492
22 39 7 4 415 528
31 32 11 1 582 785
49 55 10 4 465 547
29 93 28 1 297 411
76 95 9 4 221 459
56 99 20 7 395 475
96 86 25 5 292 424
23 82 11 5 206 300
74 28 20 3 294 525
38 92 29 2 468 724
48 21 16 3 314 518
39 16 29 1 302 506
86 13 9 5 392 667
62 50 16 5 342 451
57 84 27 3 312 549
95 36 26 2 452 599
4 56 26 3 331 447
34 86 7 5 418 584
55 32 20 7 531 623
68 18 26 1 557 646
74 55 7 5 674 763
22 17 27 5 503 695
29 24 26 7 236 528
23 22 7 3 205 451
19 75 11 4 368 501
89 23 5 4 520 693
2 36 12 3 534 714
96 52 22 7 582 705
70 59 20 2 254 518
13 74 6 2 624 688
53 17 8 3 307 607
30 76 19 4 287 375
31 88 20 6 380 509
94 59 14 2 338 534
48 56 17 1 438 514
18 2 10 4 380 541
32 90 13 6 512 731
61 59 16 7 512 789
7 24 29 3 424 607
99 97 14 5 219 288
35 62 20 7 372 630
24 37 9 2 226 448
48 81 9 6 295 392
64 41 20 1 517 789
43 9 24 5 625 742
68 73 27 4 466 747
92 91 20 3 470 624
80 51 18 6 700 791
53 23 7 3 227 499
89 60 16 5 528 633
18 96 27 5 430 537
46 9 22 4 620 722
26 10 19 1 213 504
45 7 16 3 222 298
24 24 28 6 267 384
72 10 11 3 270 351
94 81 21 6 304 424
66 67 26 3 260 493
88 5 30 2 202 362
90 43 10 1 451 749
23 34 14 3 214 320
63 16 19 1 697 785
24 9 6 4 479 568
9 0 25 6 484 628
95 65 8 2 424 533
59 90 16 4 346 593
41 47 10 4 267 414
55 87 23 3 299 466
3 72 22 3 308 506
85 10 13 4 244 382
49 15 15 2 715 779
16 74 20 2 376 470
12 72 17 7 284 477
0 59 20 4 388 595
9 11 20 2 214 391
37 91 17 4 471 610
100 99 20 6 306 535
69 22 25 4 679 789
54 56 12 3 396 554
66 70 8 6 240 430
25 19 6 3 500 739
10 81 15 3 315 514
98 84 25 7 438 604
84 37 16 3 453 670
32 31 25 4 677 744
85 52 6 4 433 545
42 56 22 5 474 612
6 35 11 3 292 381
84 8 15 1 414 607
64 49 8 5 222 386
15 16 9 2 207 300
29 45 17 2 664 726
7 39 15 1 233 499
11 27 12 5 468 552
1 22 5 3 201 416
83 94 16 7 306 373
46 71 20 1 448 537
33 22 21 1 261 402
6 79 6 1 606 700
89 55 20 3 590 720
30 7 28 4 650 757
46 60 24 2 325 428
86 18 13 5 457 719
24 64 26 2 273 435
65 56 22 7 395 608
49 67 8 1 488 596
49 4 9 7 225 360
14 5 13 1 363 531
65 61 15 1 617 728
79 15 13 7 204 304
52 35 7 3 327 573
4 57 25 7 621 755
84 33 10 2 450 604
41 39 20 6 369 544
69 12 22 5 391 637
8 51 20 4 493 755
80 25 7 4 659 753
13 91 18 3 449 636
0 39 15 5 324 615
43 43 8 7 260 380
55 98 30 4 447 580
57 32 8 7 329 491
97 22 28 2 591 660
32 76 6 3 394 587
62 8 27 7 472 623
58 98 22 2 442 631
28 61 8 6 272 395
64 63 15 3 438 653
66 91 18 6 201 286
56 94 22 4 206 377
12 98 12 4 363 532
58 41 29 1 396 619
86 12 24 7 263 479
43 93 27 7 550 618
29 89 29 3 566 683
32 100 12 5 405 611
97 48 24 7 424 709
13 59 14 7 348 536
71 56 5 3 295 523
18 99 16 1 547 704
21 43 24 7 488 605
23 83 24 3 456 544
6 3 8 4 211 367
4 60 22 3 515 617
79 71 15 2 659 731
92 74 9 7 200 319
68 98 23 5 516 588
40 9 24 1 262 324
43 86 9 6 437 707
31 81 28 5 689 782
30 36 5 4 274 481
6 37 20 3 482 642
35 92 19 7 313 412
58 13 21 3 441 639
53 89 11 3 303 512
25 66 9 4 261 381
25 50 21 7 403 686
56 1 23 4 443 699
49 53 20 6 359 465
27 40 30 3 425 631
71 48 5 3 610 744
8 3 14 1 427 627
81 93 16 4 271 538
48 69 25 6 324 582
25 49 16 1 483 547
90 19 29 4 331 445
75 57 23 1 470 577
0 27 10 7 327 407
60 27 13 2 250 439
66 12 22 5 520 701
2 97 5 1 256 505
40 65 22 5 259 504
46 63 16 6 216 307
95 9 8 3 331 417
80 39 28 5 306 483
70 36 5 4 230 342
23 24 18 2 598 699
73 11 30 2 522 759
88 82 17 7 415 690
38 49 26 7 281 350
47 43 19 1 231 337
89 22 19 1 312 395
83 62 14 3 468 568
17 7 18 5 360 599
85 36 9 4 705 794
51 82 15 7 313 469
1 93 20 3 391 611
9 92 14 7 214 274
40 91 5 5 403 539
70 30 29 6 643 705
28 26 6 7 389 672
91 42 12 4 408 690
84 70 24 4 552 760
47 14 20 7 378 549
68 90 16 2 279 549
19 39 19 4 418 699
20 90 29 2 432 502
85 35 23 1 216 474
4 8 7 3 491 702
10 1 17 6 297 380
14 49 28 2 533 694
71 64 19 6 515 729
4 91 26 5 559 619
32 75 29 6 381 654
75 98 13 6 588 708
58 33 28 3 510 797
1 58 22 7 327 622
72 44 18 6 377 639
77 99 14 6 389 528
69 18 28 1 417 561
72 67 10 1 278 413
100 65 25 6 385 589
87 42 18 2 253 453
3 69 22 3 403 533
3 16 22 5 661 800
66 37 30 1 364 541
94 15 9 4 333 393
95 50 16 1 403 474
26 32 19 4 553 687
17 75 6 6 218 454
17 32 21 2 579 689
97 80 10 4 394 693
91 0 17 4 366 592
28 74 26 4 491 711
22 18 20 7 597 709
0 82 11 3 204 464
98 11 19 7 584 674
75 37 23 5 408 673
24 16 13 3 458 751
36 41 6 6 322 417
67 58 29 4 329 427
91 20 13 4 416 532
33 94 5 2 373 588
3 66 24 3 434 688
3 50 26 2 541 733
55 53 18 5 438 625
74 89 6 6 392 472
23 3 29 5 419 533
34 82 25 3 261 398
26 60 10 2 253 428
75 47 28 5 285 420
2 71 9 6 316 602
53 52 6 3 542 613
63 7 28 6 550 619
15 8 18 5 581 730
39 36 10 6 359 588
37 4 22 5 443 639
1 65 28 6 457 547
11 1 6 6 396 595
60 82 16 2 257 428
81 22 9 2 366 499
25 71 26 7 358 597
32 72 29 4 276 494
55 24 26 5 240 399
72 5 5 4 520 687
31 25 21 2 265 414
79 31 28 6 465 559
15 74 19 6 400 597
71 73 10 2 567 753
34 1 16 6 320 467
99 15 16 4 522 786
97 98 19 5 594 690
8 70 8 3 522 610
32 28 14 7 561 693
46 90 11 7 565 800
99 3 23 4 256 554
71 98 27 4 504 746
56 90 5 6 471 712
3 83 7 3 338 401
82 97 6 2 356 543
86 16 20 7 230 340
4 89 26 5 396 489
26 47 9 1 417 623
30 88 5 7 294 426
45 84 13 4 331 541
60 36 16 2 486 674
51 49 11 2 480 652
8 43 29 6 203 467
65 25 23 5 206 431
58 1 28 2 297 470
33 47 10 1 219 459
42 11 13 4 350 631
40 88 14 4 307 442
63 44 16 4 526 614
56 38 9 3 524 622
10 47 25 3 293 505
50 14 20 3 356 470
80 86 9 7 528 776
40 92 25 2 403 602
11 36 18 4 304 512
12 15 19 1 623 731
29 34 18 3 443 615
62 70 17 2 532 680
55 42 26 3 225 462
59 20 30 2 299 496
74 84 13 3 328 521
54 98 21 7 265 399
65 48 11 7 263 354
35 82 18 2 298 404
21 53 29 7 413 524
80 77 15 7 309 378
26 55 24 3 603 752
22 74 13 3 412 642
27 75 24 7 603 677
49 0 16 6 675 750
59 36 23 7 445 640
57 47 12 6 403 628
61 56 28 4 643 773
12 6 5 5 508 590
70 91 22 5 216 347
23 4 25 1 532 731
84 29 23 3 239 522
69 14 8 1 474 539
81 11 21 7 422 666
68 93 7 6 580 725
62 76 22 5 605 736
16 93 30 2 476 551
2 78 29 6 476 594
48 8 18 4 235 377
88 89 18 5 613 762
56 77 9 3 585 726
15 76 21 4 449 517
90 12 10 1 512 759
81 20 15 7 427 698
97 75 11 3 232 428
90 15 27 6 341 508
98 24 18 5 279 414
8 34 8 5 215 501
49 90 10 5 428 712
76 87 29 5 489 781
41 68 15 5 244 458
16 99 10 1 330 570
70 68 25 3 536 767
3 79 14 4 259 371
55 99 20 5 580 671
4 5 28 5 336 539
16 38 30 1 291 564
75 70 27 4 461 674
35 72 26 2 504 576
40 39 21 2 270 355
22 77 14 7 226 512
8 30 27 2 322 501
35 24 27 7 240 418
78 49 8 3 309 552
73 24 15 7 365 482
96 20 20 5 454 734
49 100 10 1 238 415
22 88 22 5 294 500
5 82 5 4 432 700
23 85 25 7 555 686
58 62 22 6 411 711
87 6 17 2 248 341
6 2 16 6 417 616
90 46 18 5 532 624
43 82 17 2 653 750
43 50 7 4 424 679
96 13 27 4 644 709
56 60 23 7 440 557
12 60 5 5 395 550
87 29 9 5 506 583
91 97 7 5 387 509
40 66 10 1 249 501
12 86 25 3 268 562
34 15 12 4 440 514
48 71 28 7 614 773
5 44 19 7 453 655
85 87 22 3 381 668
58 26 18 4 397 541
87 24 8 3 260 501
57 99 6 4 480 636
99 82 14 5 501 702
85 98 23 7 348 522
88 7 8 1 503 600
97 99 18 3 373 625
6 4 26 7 338 402
52 75 19 7 425 642
62 55 14 6 546 748
30 68 30 1 363 461
4 25 21 3 287 504
44 85 11 2 502 788
99 81 16 5 326 444
98 89 27 2 353 447
28 47 24 6 348 609
78 71 23 3 255 375
100 52 16 2 222 406
92 36 6 3 246 351
27 6 27 5 206 384
100 26 12 7 483 767
52 32 25 1 411 648
85 89 14 2 426 535
78 61 23 2 666 778
82 5 24 6 679 766
44 74 16 1 592 707
4 71 27 2 332 491
71 12 6 3 456 739
8 13 5 5 343 463
51 42 7 2 476 576
33 12 8 1 337 627
63 15 28 7 330 466
83 75 28 7 309 391
59 28 11 1 551 772
70 14 23 4 696 767
53 55 21 4 207 276
35 68 29 7 243 388
86 34 7 1 221 423
28 60 23 2 534 675
82 86 21 2 540 731
65 50 27 2 429 720
3 53 28 7 438 677
99 40 9 7 550 639
96 38 7 7 203 437
48 31 10 7 303 601
42 14 17 1 550 682
83 95 22 4 333 429
2 85 26 7 556 673
100 43 12 6 273 507
33 42 30 6 393 483
2 20 15 4 339 419
15 90 16 4 402 620
54 15 7 3 435 711
85 81 13 3 594 795
67 2 9 7 661 776
17 81 25 1 631 716
64 46 13 3 445 608
16 16 14 3 415 636
63 79 13 6 334 563
26 52 24 3 237 346
22 46 15 5 559 677
6 84 7 4 315 573
34 40 5 1 326 524
11 29 14 3 233 395
39 87 12 4 331 458
51 23 20 5 242 505
48 7 14 5 567 780
16 8 25 5 476 651
72 60 21 6 459 672
85 67 8 5 290 483
64 96 8 4 385 591
1 3 8 6 602 723
42 52 29 3 286 403
11 3 24 4 555 722
50 73 27 6 534 672
47 79 7 7 493 570
82 90 28 6 261 413
44 77 24 2 309 489
16 28 21 5 210 423
66 90 19 5 542 666
67 5 14 3 492 664
63 65 21 4 371 576
10 97 7 4 379 593
87 70 11 6 448 711
22 67 9 5 204 466
87 57 11 2 331 605
20 59 28 6 490 787
83 7 6 6 423 708
42 81 23 2 526 800
25 16 13 4 375 653
11 51 29 5 507 716
23 75 21 4 337 520
90 58 17 4 544 687
60 38 11 7 262 432
32 94 24 1 462 616
88 2 16 2 463 725
58 27 29 3 441 577
24 32 10 3 374 547
10 49 10 4 382 488
44 62 18 4 537 776
9 4 16 1 209 309
26 17 12 2 449 574
57 74 19 1 432 627
26 41 27 6 501 569
18 51 8 6 250 477
100 17 27 3 351 448
89 30 23 4 384 625
37 49 30 6 676 788
63 52 12 1 264 385
37 28 21 2 575 642
40 52 24 4 380 563
81 39 24 3 246 460
0 67 9 1 679 755
48 22 23 3 280 522
56 56 26 3 608 697
89 40 12 6 335 611
30 51 20 6 399 635
41 95 27 5 248 486
30 24 15 7 388 503
9 80 19 2 513 617
61 89 11 7 433 541
41 21 27 1 279 346
39 81 18 7 272 455
37 60 22 3 404 694
45 42 6 7 420 554
100 81 20 2 537 727
85 8 11 7 335 506
76 90 29 4 634 760
44 49 6 2 716 784
88 92 7 5 328 398
99 48 7 7 594 666
87 79 28 4 288 457
94 48 17 2 324 606
7 61 24 4 480 764
33 17 10 5 222 377
16 95 15 3 459 540
26 34 18 2 218 441
34 59 12 7 392 540
52 88 17 5 527 665
8 60 28 1 469 684
46 65 13 1 429 667
30 40 6 7 563 685
36 40 27 6 225 385
75 90 17 2 375 646
63 95 19 6 501 734
76 42 22 6 434 680
22 38 8 5 220 354
51 92 22 3 323 584
11 17 30 7 552 660
39 39 30 3 276 510
39 12 26 4 491 709
39 27 27 5 323 623
71 4 5 1 442 527
1 38 22 7 433 698
20 4 9 4 272 442
44 3 14 7 266 562
40 87 21 2 441 673
50 100 5 1 446 665
6 29 16 1 454 575
41 51 18 6 349 603
43 92 5 1 529 679
9 16 24 7 238 385
40 48 25 7 412 482
4 88 23 4 500 587
3 43 18 5 624 719
85 0 14 7 533 744
64 17 18 6 210 496
59 53 6 7 668 788
52 93 6 2 401 584
72 72 8 5 396 619
98 99 21 5 227 507
98 73 15 2 268 403
51 32 19 4 351 488
35 94 23 2 595 744
43 66 26 6 448 542
13 40 13 4 383 611
52 84 20 5 555 712
90 62 25 2 587 695
78 48 17 6 420 488
74 70 26 2 474 718
39 91 18 7 291 378
95 83 23 2 423 518
71 25 6 4 588 798
86 80 12 5 727 791
13 89 19 1 452 695
17 62 5 6 418 540
24 38 16 3 224 469
48 89 13 4 344 427
70 18 12 6 476 705
15 33 13 4 301 371
23 95 16 5 392 547
4 78 19 5 355 557
54 52 8 1 256 501
73 71 13 3 530 725
38 84 22 5 275 550
63 72 20 7 319 407
60 46 5 1 662 744
9 24 24 1 282 438
53 25 26 7 331 546
30 94 15 4 562 794
73 38 18 2 597 797
94 13 5 5 345 607
37 75 19 6 358 487
8 25 21 7 402 643
3 60 26 1 606 768
40 57 27 4 454 619
4 82 15 4 509 785
55 22 13 6 226 516
68 67 8 2 451 705
58 88 25 7 609 785
87 12 25 7 379 543
20 95 14 3 248 338
10 21 23 3 351 429
28 8 20 2 576 679
43 78 14 5 436 710
12 42 27 4 315 572
75 88 29 2 301 485
5 16 26 2 314 481
46 21 24 2 369 479
62 44 22 3 435 657
82 0 15 1 435 613
7 49 25 2 604 791
75 79 18 5 351 414
67 44 24 1 367 607
33 37 14 6 485 551
65 38 11 4 264 375
30 83 12 5 319 581
74 79 27 4 312 558
6 12 20 3 314 608
95 16 7 4 201 309
55 54 25 4 251 368
56 51 18 2 294 361
61 68 27 5 566 744
96 90 30 5 637 719
89 88 8 2 550 642
0 51 20 5 261 495
82 8 8 1 226 399
35 98 19 3 453 695
63 40 22 4 477 570
2 51 25 3 366 519
98 12 5 1 582 668
20 19 23 3 229 338
56 48 13 2 319 476
39 10 6 7 576 643
55 70 30 3 682 760
77 42 15 7 386 610
81 82 30 6 567 652
84 5 22 5 412 492
29 33 15 1 413 503
61 37 10 5 656 728
49 43 22 3 276 382
78 96 18 6 286 398
84 47 26 2 350 467
73 36 15 7 486 725
89 85 23 7 558 746
62 33 11 1 284 416
76 4 27 7 650 755
100 69 15 6 394 499
79 41 14 1 214 326
86 36 22 6 585 755
90 30 15 6 370 472
28 29 23 1 332 604
43 4 10 1 496 648
33 8 26 5 368 484
53 11 20 2 497 777
87 52 12 3 287 536
90 34 21 2 500 794
30 35 9 7 245 483
66 96 24 7 456 534
47 78 13 6 463 664
20 46 14 2 484 646
14 0 29 1 225 518
65 94 10 2 459 738
90 51 8 2 447 696
63 36 27 1 579 794
21 9 15 6 311 608
80 84 17 2 444 580
54 17 25 1 220 361
25 14 24 6 228 495
100 36 22 4 377 521
53 2 5 3 285 560
30 28 23 1 330 615
75 49 29 5 529 641
18 59 27 1 496 787
18 30 18 1 375 596
39 65 14 5 374 472
41 38 22 4 275 497
57 50 26 3 515 610
97 61 27 3 466 706
21 56 30 6 266 436
79 59 20 5 438 588
50 29 6 7 409 515
25 76 21 5 364 555
49 64 30 1 473 691
31 55 17 3 292 537
36 80 25 4 329 531
87 68 29 6 353 521
28 96 27 3 403 605
18 52 25 6 581 739
60 8 23 3 215 417
79 98 29 2 396 578
65 58 27 3 665 767
18 76 14 7 510 570
14 62 7 7 220 449
57 12 6 1 702 782
12 25 17 2 469 613
44 12 28 7 506 787
44 43 26 4 454 556
5 33 7 2 494 719
68 59 16 1 262 422
43 81 26 3 402 647
8 65 28 5 333 565
95 49 5 6 251 316
6 5 29 6 499 712
67 8 17 7 476 759
28 91 18 3 285 402
78 7 21 3 203 332
93 72 20 4 201 490
60 71 15 5 262 540
36 63 30 4 468 644
62 26 21 3 270 499
67 26 8 2 629 705
35 67 30 3 263 556
45 64 12 7 547 736
35 44 11 4 541 648
60 94 29 3 294 360
42 25 27 5 359 449
83 51 14 6 441 707
36 59 16 1 200 470
55 79 6 6 250 446
89 27 22 4 486 636
50 48 27 4 500 587
76 56 20 1 699 770
7 87 5 5 409 657
87 17 22 1 643 732
46 70 16 2 582 727
3 19 26 7 388 459
4 90 11 3 617 735
63 83 25 2 242 469
49 58 12 3 691 771
14 46 22 4 486 730
3 80 16 2 388 492
81 95 25 5 329 479
82 85 15 6 233 386
54 71 28 3 648 796
71 53 9 3 540 701
14 2 16 2 266 436
2 34 28 2 613 756
68 21 24 7 528 593
22 84 14 2 682 743
65 39 21 3 715 799
28 65 20 4 292 424
13 24 18 4 344 539
43 73 30 1 419 602
39 15 29 4 413 682
90 49 19 4 376 594
75 80 26 4 323 476
78 28 28 5 583 782
35 81 13 3 481 644
93 46 18 2 303 518
33 28 23 3 264 493
5 45 10 1 234 323
1 39 10 7 298 529
90 14 13 2 513 670
1 12 10 2 379 515
22 10 26 6 465 695
48 65 26 1 300 446
55 41 27 1 344 410
90 61 15 3 398 566
7 80 24 5 403 634
68 15 24 2 357 601
90 79 19 7 539 659
45 97 20 3 442 670
64 15 30 3 434 600
81 65 24 4 573 665
67 73 5 3 505 663
4 93 10 1 657 794
28 20 15 1 412 497
10 74 13 5 244 313
19 96 14 3 518 689
4 52 10 3 314 586
16 3 23 7 486 675
24 62 16 6 601 783
84 30 27 2 360 461
58 3 8 3 406 600
66 53 30 2 696 795
14 43 25 4 443 734
82 9 25 3 388 539
43 51 10 1 547 645
96 14 12 2 233 492
70 88 18 3 599 742
99 54 5 2 356 499
78 24 6 4 241 311
42 43 22 7 523 586
53 91 27 4 517 642
75 94 6 1 590 680
22 42 22 2 423 653
31 96 27 3 476 608
37 85 13 1 261 426
87 83 18 7 298 537
93 4 29 4 288 439
80 94 27 3 256 493
48 78 16 5 234 482
78 10 7 1 620 748
48 55 24 2 340 472
57 41 18 7 571 722
72 71 15 3 374 492
64 67 6 4 494 558
90 90 16 7 321 532
54 20 5 1 595 773
74 73 27 1 370 434
79 96 7 2 213 482
99 100 15 2 413 653
26 67 22 4 258 551
28 90 8 7 205 461
10 86 12 7 271 352
50 62 9 4 279 449
64 69 16 3 615 779
37 2 14 4 246 456
99 65 28 3 234 373
26 7 15 5 566 727
89 79 15 5 418 610
59 29 14 5 313 450
8 42 18 1 373 573
55 34 27 6 576 739
56 34 17 3 325 538
0 98 15 7 369 496
47 57 21 4 285 563
16 83 20 4 441 635
13 72 26 2 342 560
95 39 11 4 442 581
8 24 15 6 577 730
78 94 18 3 363 604
98 29 27 6 717 799
1 11 18 6 219 490
75 74 24 6 650 761
70 85 17 3 561 774
79 34 18 6 297 442
75 4 19 2 233 496
23 53 19 3 450 537
26 0 17 7 604 789
98 53 28 4 362 423
3 48 16 6 490 559
14 97 27 7 566 632
10 24 20 2 436 571
71 47 24 1 359 465
84 85 21 5 607 777
47 6 29 1 421 663
100 45 8 2 587 703
54 24 23 5 556 636
15 4 6 1 354 446
69 8 29 3 487 688
67 25 11 7 549 719
64 52 7 7 480 664
3 59 30 6 441 574
6 64 20 4 342 425
27 95 7 7 312 507
43 35 30 1 473 657
56 32 10 6 436 675
29 1 9 4 590 776
5 69 25 1 286 498
51 11 26 2 226 512
62 65 11 5 229 325
91 73 5 7 575 762
73 32 5 4 568 740
12 46 11 6 454 656
92 97 8 1 371 529
48 66 22 1 484 672
92 100 10 1 557 686
99 86 15 2 561 755
23 92 24 7 458 583
22 100 25 2 248 364
100 92 19 7 399 660
47 7 18 1 399 634
9 84 27 5 546 721
13 18 22 4 415 665
21 82 30 2 527 736
46 88 20 7 715 797
79 46 7 2 423 499
10 67 30 1 368 535
38 24 14 4 470 733
47 30 22 3 336 477
5 5 21 3 434 689
74 14 6 4 353 461
64 7 11 5 381 504
82 35 9 6 347 626
38 89 17 6 575 762
68 7 11 4 378 486
2 67 22 4 607 715
73 80 26 7 386 637
65 15 22 7 330 392
20 61 20 2 250 338
69 46 8 1 248 529
5 42 23 1 425 633
75 87 15 7 557 706
77 33 25 5 420 505
40 16 10 4 309 458
33 51 12 2 403 539
17 37 24 4 403 646
95 18 16 3 292 568
40 78 27 5 708 791
92 53 9 6 284 431
28 1 19 6 329 542
82 38 5 7 247 406
90 94 16 7 600 790
35 21 16 7 393 506
77 72 29 5 382 642
99 37 16 7 664 733
33 14 21 4 504 799
0 55 18 5 379 442
85 90 9 1 431 570
27 23 19 4 416 691
45 33 14 3 531 658
81 38 13 2 629 728
24 19 15 2 462 646
9 48 19 4 335 485
23 88 20 3 237 535
17 67 14 4 287 456
28 35 5 3 307 569
94 16 5 5 398 576
45 100 18 6 333 413
9 99 8 5 358 473
9 35 25 3 492 552
59 56 23 2 249 347
77 49 13 2 351 477
15 83 22 6 375 466
11 92 9 4 220 404
87 41 11 1 325 603
97 27 29 6 288 405
24 72 23 3 254 527
94 37 23 2 204 437
45 21 30 4 300 530
4 58 14 1 264 396
72 87 23 5 540 738
55 97 13 6 202 347
98 82 9 7 302 482
45 55 19 2 615 754
99 42 29 2 275 473
83 17 27 1 565 667
70 8 12 1 289 436
50 28 30 5 376 673
82 15 12 4 431 519
6 63 30 3 413 689
16 70 5 5 441 654
27 90 12 5 323 604
88 59 22 5 531 707
42 50 10 6 427 718
90 2 6 1 234 532
33 95 29 3 726 792
43 7 24 5 298 464
70 73 22 7 508 656
37 31 30 1 311 437
35 61 18 5 328 588
42 24 5 6 565 697
98 5 10 1 479 697
17 97 29 6 359 424
18 74 28 7 504 715
54 97 6 3 500 755
94 40 27 6 222 316
5 94 28 7 223 395
14 52 22 1 363 492
82 44 11 2 261 334
97 33 22 5 389 674
68 17 11 3 243 429
60 85 18 1 313 386
14 94 14 1 567 629
62 20 17 4 386 668
100 62 10 3 332 520
44 34 25 7 332 518
37 48 13 2 416 593
47 48 14 4 258 412
0 65 25 5 495 656
61 19 23 5 374 462
42 51 14 7 286 515
34 22 17 7 360 489
21 98 5 5 573 701
58 42 30 3 295 479
17 38 10 4 245 502
10 92 6 2 366 555
97 70 20 7 328 470
61 93 23 3 264 534
98 97 6 5 460 754
41 64 7 2 265 340
72 49 5 5 573 680
35 79 24 5 200 303
93 81 9 7 707 772
42 92 15 2 332 472
74 12 24 7 389 599
29 76 11 7 326 477
32 67 22 4 274 344
2 74 29 5 532 670
72 95 27 1 286 415
0 83 29 7 309 436
100 96 30 4 531 597
41 2 13 1 360 474
66 78 28 4 341 465
13 19 23 1 231 486
90 60 11 2 416 556
44 22 29 3 530 669
27 98 9 4 343 542
51 26 16 6 229 465
72 55 12 2 399 567
81 88 24 6 570 744
29 99 17 7 435 706
37 39 8 5 267 494
97 78 18 3 338 457
54 2 11 4 229 412
17 28 27 3 204 489
11 34 25 6 517 672
95 69 12 6 368 641
42 38 8 6 608 788
72 88 8 7 440 548
54 89 27 3 311 413
21 17 8 1 345 535
34 8 15 6 567 660
35 10 17 4 493 631
13 77 27 2 297 525
27 10 15 6 449 739
10 87 6 5 563 714
52 92 13 2 214 333
74 54 16 5 288 570
11 54 25 1 457 660
95 80 13 1 384 491
76 86 23 5 623 702
15 79 15 5 205 476
52 74 22 1 393 511
52 41 30 5 678 774
77 6 5 1 279 365
50 30 11 2 607 767
53 47 5 5 498 602
85 26 20 2 402 698
89 0 6 2 210 477
89 68 9 7 311 497
79 72 10 1 251 546
25 1 7 3 505 582
41 27 27 7 404 677
24 1 6 7 475 739
22 20 5 1 279 513
44 75 13 4 585 776
28 40 5 2 423 577
39 45 5 4 350 538
53 4 23 4 209 434
1 94 28 6 631 754
17 64 26 3 200 269
20 40 6 7 476 657
17 39 17 6 239 378
67 67 11 5 519 690
19 53 17 1 299 518
90 23 28 2 281 558
3 18 16 1 332 606
36 73 13 4 275 434
52 61 14 6 261 547
50 45 5 7 494 684
9 25 12 5 280 385
18 9 6 6 611 749
66 61 13 3 250 418
25 54 29 3 397 591
48 68 18 6 290 574
30 22 12 6 367 495
91 57 22 6 619 794
43 8 21 1 269 547
3 91 24 5 468 730
20 11 17 6 207 506
100 13 24 2 480 603
69 92 9 2 207 400
30 41 19 5 535 662
94 67 21 3 334 527
61 46 28 6 236 419
55 45 10 7 446 746
55 56 20 6 489 637
74 7 18 6 408 505
91 18 22 5 307 602
7 95 10 7 694 762
30 61 7 3 417 591
78 76 23 4 512 684
62 59 25 7 471 629
97 60 7 7 488 708
29 40 29 1 430 520
17 54 9 6 310 528
26 49 17 7 324 398
99 79 15 5 319 412
90 89 6 5 523 774
38 98 23 7 686 787
75 8 27 5 432 590
81 34 7 3 374 477
17 93 21 4 355 520
23 56 25 7 544 640
36 49 21 1 375 651
67 83 11 3 666 793
11 40 20 7 420 634
51 46 29 4 212 373
50 95 21 1 403 470
34 9 9 7 261 468
97 52 12 3 335 536
84 31 19 3 578 776
86 31 23 3 691 753
98 72 21 7 457 638
13 54 21 2 650 730
64 6 17 5 370 522
13 0 19 5 372 552
98 44 10 7 512 582
18 21 19 4 351 471
49 98 22 6 642 733
77 66 8 4 322 456
58 19 17 4 521 743
82 91 9 1 247 310
90 45 9 7 335 411
87 38 14 4 534 705
42 61 11 2 621 718
92 66 21 6 445 633
86 51 26 7 303 512
23 47 16 3 373 636
83 56 23 2 540 758
95 38 23 7 267 471
58 52 29 4 567 681
75 40 8 3 313 587
66 66 21 4 341 435
83 24 16 6 270 522
78 21 15 1 448 546
31 20 14 6 534 753
32 11 24 6 498 714
57 81 16 1 202 298
74 24 15 7 308 400
25 42 7 3 249 391
41 35 22 4 246 392
72 26 27 1 325 470
13 43 24 5 259 339
89 94 19 6 262 331
76 22 30 2 219 492
93 2 9 5 463 523
94 30 24 2 477 637
15 13 20 6 361 562
47 2 16 1 288 550
22 47 27 5 537 657
33 98 5 5 395 517
63 93 9 4 277 555
22 21 28 5 507 684
74 6 7 6 451 689
40 5 11 6 397 633
39 0 30 7 540 652
61 97 25 6 316 402
100 77 17 6 349 450
20 33 23 7 622 707
83 14 12 7 277 512
48 80 11 7 492 738
50 9 25 5 263 438
8 6 19 1 248 527
45 45 30 2 225 449
31 77 14 5 664 756
49 68 7 7 329 500
26 5 8 5 452 611
98 69 25 3 407 516
61 58 26 1 241 478
59 38 30 7 525 774
19 78 15 7 224 501
97 81 14 1 675 767
44 79 5 3 457 613
39 40 24 7 502 653
21 92 11 7 390 643
5 20 18 3 426 627
86 45 15 4 394 662
69 57 12 3 587 800
73 17 11 6 344 635
34 54 19 4 481 646
89 35 22 7 361 636
73 35 10 1 421 671
63 4 19 3 456 528
36 83 24 5 303 512
79 1 16 5 258 463
73 5 10 3 373 654
94 100 17 1 323 546
80 5 12 7 433 517
71 86 22 1 396 466
79 38 25 4 372 473
78 30 28 1 593 779
16 30 27 5 477 662
59 94 22 7 215 309
9 97 9 6 592 753
45 87 8 5 584 753
28 49 10 4 517 772
48 39 8 2 227 291
97 64 17 2 222 364
61 57 16 2 305 458
62 19 9 3 411 618
44 88 28 3 215 294
6 30 16 7 202 470
53 85 26 2 590 685
15 21 25 7 277 364
86 25 5 7 437 544
56 22 23 4 435 574
82 3 6 5 432 650
40 25 5 2 551 717
54 35 22 2 251 460
37 84 23 1 217 483
35 26 22 1 225 369
73 57 6 2 330 584
50 72 21 1 394 493
5 52 8 7 416 665
30 46 21 1 438 539
70 51 9 7 293 553
57 45 15 5 701 785
47 21 25 7 500 709
93 16 25 6 566 729
52 99 27 6 607 670
72 89 15 6 360 563
65 51 22 4 457 650
37 76 8 2 585 679
66 3 20 3 350 410
93 77 19 5 560 772
73 79 21 3 368 587
33 86 12 2 701 785
85 80 18 2 651 799
88 39 24 4 254 481
50 36 10 2 256 341
79 60 10 7 469 661
77 27 29 7 440 647
53 80 30 5 596 679
43 28 7 2 515 725
22 14 9 7 589 710
24 50 25 2 307 557
14 95 30 6 379 642
73 55 28 6 534 597
22 68 15 7 506 711
63 50 9 3 357 525
72 15 16 5 361 422
6 36 16 6 343 562
71 60 19 4 558 728
92 78 30 7 578 794
86 39 13 2 346 491
20 63 25 1 340 508
88 4 15 5 365 456
57 79 12 6 361 570
62 98 28 1 248 412
6 17 29 2 271 348
42 12 19 7 587 793
2 66 8 1 402 606
28 86 28 1 563 775
65 3 21 1 285 364
34 48 17 7 409 576
67 3 27 1 602 770
29 10 21 7 610 737
87 14 15 7 387 580
48 60 11 1 296 448
19 94 22 7 269 421
45 20 19 5 333 433
88 34 27 1 339 524
3 57 15 3 429 605
65 14 8 2 376 574
60 61 28 4 353 466
83 0 24 2 559 622
37 18 7 1 200 351
27 93 10 7 486 679
28 16 26 5 461 529
94 20 12 7 362 437
96 33 18 2 411 701
8 67 25 7 533 680
5 80 12 6 623 785
92 7 17 6 526 670
64 56 7 1 707 791
99 71 29 2 238 382
9 82 12 2 270 519
40 77 19 2 299 436
22 48 7 4 262 349
25 77 28 5 571 771
75 22 23 1 346 479
58 83 25 4 302 417
76 89 11 1 514 680
70 43 11 7 420 681
56 53 6 7 511 733
61 22 23 2 531 671
60 6 22 7 536 749
60 66 22 4 379 494
20 54 5 3 425 489
19 98 20 1 228 300
93 55 10 4 646 712
33 63 11 5 281 531
80 66 29 5 340 508
90 28 9 7 268 520
69 27 24 4 435 624
70 83 15 6 282 507
41 10 18 6 369 668
54 12 9 1 461 535
22 83 23 6 336 397
44 64 24 6 274 377
86 60 25 2 510 676
31 98 15 2 458 607
92 65 21 4 656 745
31 46 7 2 216 418
56 93 23 4 335 556
50 23 20 3 477 581
43 67 16 7 521 736
50 93 8 7 710 799
62 13 26 3 450 577
86 88 18 7 457 559
94 36 12 4 279 352
31 84 30 7 217 338
35 80 21 5 288 574
39 43 7 5 405 545
25 7 24 5 546 640
94 68 30 3 355 454
90 100 8 2 377 657
77 75 9 5 569 701
37 9 24 3 475 678
47 22 27 6 360 575
23 44 30 6 306 544
83 82 22 5 526 798
47 34 26 6 435 675
67 11 9 2 601 685
60 11 5 2 348 603
56 92 20 2 565 632
74 49 23 7 291 447
14 51 7 5 393 529
26 23 21 1 342 416
98 94 25 4 439 556
25 24 20 3 345 584
88 42 27 2 476 759
91 25 9 3 258 441
45 72 8 6 287 473
50 90 8 6 327 572
11 24 19 3 426 591
63 88 20 7 678 775
20 98 29 1 483 634
38 70 17 1 343 587
65 16 7 4 487 586
26 33 9 3 376 497
96 61 26 3 241 497
55 92 10 3 533 779
23 69 28 3 450 744
32 19 26 7 363 481
60 26 14 3 477 637
40 61 27 1 239 534
50 24 14 7 301 440
72 20 8 2 205 317
61 72 19 3 467 685
83 5 10 2 650 791
13 66 30 2 295 480
57 85 14 1 488 680
47 4 9 5 264 560
64 24 26 6 570 770
44 48 16 6 441 703
14 34 6 6 563 768
6 9 27 5 313 450
54 51 27 3 278 561
19 36 26 1 435 519
96 97 13 6 534 694
11 95 7 2 543 717
65 70 29 1 255 428
32 62 24 2 492 708
24 73 25 3 571 698
77 56 20 2 620 788
83 88 6 7 374 572
14 14 27 3 495 771
25 6 10 6 582 645
78 57 17 7 533 768
51 98 10 1 521 753
11 22 6 4 501 749
9 51 11 6 619 777
38 50 23 5 227 394
100 37 14 3 504 624
82 6 28 3 351 607
81 47 11 4 360 527
60 50 26 2 699 773
9 91 11 7 264 505
21 63 19 4 627 743
46 83 11 7 643 711
15 20 11 5 511 701
51 52 15 7 338 430
66 49 18 7 415 511
88 91 9 4 451 721
36 72 16 2 386 612
44 66 19 2 477 613
60 30 13 5 498 703
26 83 29 3 557 706
53 87 28 4 547 776
88 29 10 4 711 797
68 24 12 1 572 723
7 44 30 1 314 408
48 20 9 3 288 369
48 6 24 4 407 515
85 4 27 3 478 699
57 8 8 1 444 639
77 22 5 3 331 444
13 92 26 6 593 657
26 42 8 1 363 448
23 10 14 4 427 708
63 76 17 2 609 730
41 56 24 6 595 715
6 49 12 3 590 708
35 43 21 5 237 396
48 34 19 7 324 432
86 38 12 4 390 493
82 56 19 5 306 424
89 89 30 3 325 408
47 60 30 1 530 673
0 48 27 5 293 574
59 57 28 4 611 693
87 97 28 5 557 686
48 41 28 2 317 438
40 14 20 5 356 531
25 96 25 1 225 471
23 19 24 5 438 581
32 51 13 2 496 655
39 17 19 5 508 571
85 48 14 3 572 684
1 66 28 4 610 670
76 46 17 2 530 703
10 85 27 5 442 662
36 0 29 2 354 547
5 51 29 3 605 705
36 5 12 4 309 521
25 69 30 7 391 650
94 3 12 5 635 744
75 24 5 5 298 454
