1817
3 84 0 0 0 0
63 39 13 1 368 544
56 44 23 4 379 476
42 68 18 5 264 457
79 57 25 5 460 588
13 12 11 5 343 560
43 80 30 3 604 706
4 37 24 2 354 440
86 65 29 4 502 776
46 7 24 7 420 489
30 97 18 7 694 754
100 21 7 1 318 511
79 89 15 5 496 731
12 88 7 3 563 735
4 90 22 3 531 747
44 19 6 6 540 700
96 53 11 4 445 670
30 37 17 6 254 400
54 92 22 6 276 443
79 71 12 1 497 701
67 0 17 6 536 728
62 42 15 1 361 421
51 36 12 5 254 444
56 97 6 3 247 374
57 80 13 4 484 781
7 17 24 6 483 642
71 94 5 2 203 338
35 15 7 5 683 747
70 92 6 1 358 429
24 71 5 4 605 688
19 97 6 6 653 754
70 5 21 7 406 543
41 53 7 7 405 597
21 38 26 4 498 591
86 16 20 2 397 495
89 35 16 7 436 566
95 75 26 6 570 675
97 42 23 6 461 651
54 64 28 7 270 402
66 33 25 7 251 395
37 0 25 5 265 552
88 31 6 4 244 470
3 61 18 1 434 730
79 61 13 3 331 509
23 86 27 5 522 608
49 88 13 1 557 730
67 23 7 2 538 686
34 6 18 1 575 696
47 72 11 6 396 665
82 70 22 4 660 721
72 68 22 6 402 583
48 51 28 2 284 567
76 36 20 1 696 775
50 65 17 2 205 453
39 89 9 5 310 457
4 20 20 6 338 512
42 54 20 3 624 749
40 58 14 4 517 721
70 61 15 1 545 764
47 60 21 6 240 345
42 12 21 3 241 354
95 100 29 5 226 341
40 4 14 1 553 703
83 28 5 6 309 512
53 90 8 2 390 496
10 74 24 4 583 704
58 90 7 1 459 668
10 34 7 7 529 689
9 4 13 4 459 735
66 84 21 6 368 546
14 97 6 7 216 348
56 69 27 4 657 751
51 77 22 2 437 691
98 27 15 3 211 409
22 97 6 4 579 723
71 52 16 4 456 595
22 12 14 7 516 644
2 42 13 4 248 434
47 0 12 1 227 331
29 90 18 4 528 644
98 19 10 4 334 502
64 55 26 5 573 708
59 6 22 2 437 609
92 89 30 5 460 557
16 6 11 4 424 706
87 94 15 7 554 698
25 89 30 1 425 682
90 96 20 6 316 462
95 37 21 4 320 605
73 10 27 1 471 765
70 28 5 1 484 663
13 79 6 4 574 795
53 37 6 5 540 615
35 100 10 5 408 642
5 7 13 4 300 482
29 97 9 2 585 712
50 36 28 3 268 352
5 28 22 1 356 623
83 5 11 4 326 422
13 95 26 3 593 761
35 87 30 5 430 561
50 47 16 2 457 756
36 4 20 4 373 634
11 20 19 1 276 384
12 81 5 2 611 738
88 71 14 5 433 614
22 23 29 6 477 772
65 1 23 5 517 725
59 11 16 1 291 574
76 13 22 1 517 769
42 31 28 4 255 503
63 7 18 1 423 526
23 66 12 7 631 699
40 69 6 1 613 686
65 86 19 6 358 657
18 59 18 2 558 751
89 95 16 3 551 736
12 1 18 6 466 676
61 52 19 4 307 498
99 37 22 3 600 735
34 32 17 6 474 541
34 40 27 3 668 734
87 56 21 7 391 593
12 85 10 2 319 384
9 42 17 2 480 634
51 85 11 7 338 627
88 68 21 7 469 690
12 2 26 4 219 383
76 74 28 5 295 425
76 51 30 3 225 482
59 67 8 1 286 536
5 66 20 5 368 524
18 69 18 1 207 391
26 95 7 3 313 577
1 43 11 7 625 779
64 84 11 3 308 553
53 19 22 7 439 669
37 48 23 7 230 503
57 91 27 6 375 625
87 88 27 4 501 638
50 59 25 2 318 604
53 21 10 3 603 667
16 42 9 6 544 617
96 13 10 6 555 731
0 20 24 5 430 682
86 85 23 2 386 621
15 29 21 3 349 624
90 95 27 5 411 709
30 65 30 4 416 551
20 48 23 7 393 468
31 82 19 1 332 520
33 61 10 1 396 482
85 4 16 2 217 455
85 67 13 6 292 390
81 30 24 7 465 562
46 24 28 5 649 719
1 73 17 4 313 509
9 96 5 1 208 488
30 52 23 4 587 760
67 15 22 3 283 385
70 8 11 4 452 523
26 52 16 4 688 792
50 77 20 1 671 756
97 21 12 6 444 577
10 37 18 3 534 788
27 61 14 6 433 498
24 23 20 2 634 776
59 17 24 2 416 517
43 67 30 5 492 771
2 6 22 1 524 637
32 53 16 5 437 615
88 99 11 2 434 570
53 24 22 1 273 338
33 2 28 3 517 663
84 79 9 5 283 353
71 17 20 6 606 674
7 30 9 6 611 748
87 0 21 3 300 385
46 99 16 2 308 486
66 64 24 4 296 417
1 62 14 2 268 535
25 93 10 4 502 636
29 36 12 5 341 534
30 63 9 6 590 794
83 89 14 4 430 498
11 37 24 5 297 418
6 42 6 4 504 678
40 79 25 2 715 792
95 36 6 7 465 724
97 11 16 1 506 642
24 88 5 1 272 525
2 67 16 6 327 445
37 27 13 1 363 642
100 57 5 2 642 747
54 29 6 5 341 459
35 79 23 6 472 724
58 44 7 7 606 756
6 2 18 4 533 672
83 77 15 1 604 714
29 54 6 4 264 552
16 79 15 1 637 715
60 50 16 6 551 621
28 25 25 4 454 570
66 24 17 2 526 648
67 98 9 7 562 632
50 82 29 3 553 793
0 81 5 3 202 461
39 49 14 1 295 563
67 29 13 5 565 659
80 80 8 6 202 337
78 49 16 2 394 677
72 93 9 3 294 362
60 25 5 3 397 556
78 28 8 1 583 735
36 59 19 7 320 615
43 73 5 4 607 682
96 42 12 3 437 632
89 72 7 1 209 371
53 75 6 1 388 612
43 3 30 6 361 571
46 13 17 6 276 350
78 75 27 2 503 750
80 99 12 5 407 476
58 95 23 3 376 548
95 47 29 3 369 534
64 19 18 6 402 484
91 94 19 1 437 674
54 91 9 6 563 746
76 91 10 5 619 733
99 5 22 3 381 548
75 74 11 6 433 667
30 53 10 5 245 521
99 58 27 2 580 746
72 25 27 7 213 435
26 85 6 6 248 450
79 1 25 6 208 364
6 40 8 7 273 521
98 24 25 3 481 699
8 54 8 3 332 544
34 89 20 2 427 707
68 50 27 1 350 488
38 58 6 7 383 596
65 79 16 6 597 797
5 86 9 3 629 753
3 2 10 1 382 651
96 66 27 2 263 555
92 85 5 4 305 477
0 48 21 4 479 748
17 73 12 4 213 317
82 83 12 1 455 519
93 32 30 2 241 396
4 21 27 5 291 563
63 1 9 3 594 793
82 24 7 5 327 414
59 19 17 6 384 581
46 68 30 5 233 348
75 18 24 1 494 691
48 83 16 3 377 544
53 81 15 4 478 684
22 34 16 1 399 684
63 15 21 4 225 471
54 11 25 3 667 794
22 11 12 6 211 309
13 68 10 5 225 298
5 9 26 3 228 471
76 64 29 6 336 628
96 39 28 6 240 333
66 25 22 5 314 526
86 31 17 2 521 743
91 59 19 7 690 750
92 44 30 2 207 299
33 32 24 2 401 678
81 82 11 2 552 636
91 21 12 1 535 678
32 100 29 4 337 484
13 63 14 4 462 615
62 60 25 2 486 670
100 85 18 7 547 628
65 9 18 7 444 515
90 4 29 7 535 634
64 25 25 6 517 696
80 88 22 3 456 703
13 48 26 3 562 739
30 69 15 4 575 737
12 33 16 6 567 731
56 21 10 3 339 536
62 84 29 4 211 388
63 28 22 3 405 538
47 83 18 3 653 772
2 21 10 1 388 560
12 56 23 7 219 447
74 33 9 5 320 499
58 92 18 3 466 532
6 67 13 4 499 789
76 50 7 7 416 557
42 95 29 6 238 406
60 67 24 5 501 710
49 13 29 3 250 455
49 19 25 7 363 616
31 39 13 2 425 490
28 0 9 1 690 784
55 72 23 2 412 479
13 54 13 1 296 546
82 90 9 1 651 752
59 88 25 6 248 515
97 98 28 3 466 705
43 7 23 1 494 757
88 38 23 6 506 699
32 74 30 1 301 516
39 23 8 7 603 766
93 35 14 7 243 384
33 72 8 2 669 775
18 34 20 1 305 545
9 8 7 4 269 398
38 2 16 1 297 495
47 20 9 3 246 453
46 14 16 4 508 629
36 24 18 2 306 366
79 16 21 4 513 761
89 36 22 6 435 508
85 5 20 6 563 660
99 40 19 6 338 529
72 42 19 4 322 406
48 90 7 5 497 796
80 5 19 7 277 538
86 50 27 4 211 437
36 27 6 4 458 735
68 54 7 3 407 592
59 71 10 1 201 471
57 28 21 5 577 689
86 12 28 1 514 720
24 44 9 6 732 799
33 99 12 2 537 688
37 89 9 7 358 468
78 18 26 7 260 389
34 46 7 3 365 474
37 20 26 2 313 393
37 85 28 2 614 792
52 33 15 2 421 545
0 52 18 7 280 351
33 69 8 5 600 711
90 43 26 3 533 693
52 55 21 6 429 703
90 42 17 4 604 736
18 86 22 5 520 681
98 64 23 5 434 499
44 93 12 6 518 789
22 42 11 4 364 608
24 84 18 2 519 722
66 55 17 3 548 770
85 42 26 2 640 769
67 56 8 2 414 684
32 33 26 1 539 720
46 4 25 6 349 626
55 66 21 1 208 323
62 49 10 1 227 432
82 95 10 5 570 714
29 6 19 4 425 681
77 97 15 1 406 569
27 77 25 2 522 770
64 66 14 1 473 737
100 24 23 5 379 573
80 34 15 5 407 682
42 37 22 4 305 386
71 97 19 6 319 612
22 26 14 5 647 762
17 39 13 6 641 718
0 50 14 3 654 714
86 1 27 4 244 364
53 50 30 2 212 379
78 61 20 4 255 437
0 13 16 7 434 700
72 17 13 7 395 583
71 65 14 4 298 596
88 94 25 1 431 560
74 6 29 3 467 655
7 91 13 7 603 719
46 18 8 1 406 622
6 28 11 2 269 559
78 53 13 3 492 554
91 74 10 4 679 756
61 49 24 6 695 768
2 91 28 3 295 584
96 35 11 2 477 754
78 16 5 1 219 370
88 17 25 7 338 517
56 7 14 4 458 634
100 42 12 7 520 721
17 27 30 6 498 608
12 8 29 4 470 615
1 28 18 4 428 585
1 20 20 7 496 598
99 64 5 7 349 598
23 95 11 4 545 672
55 45 25 2 526 707
64 95 14 6 388 656
26 51 21 4 547 743
99 10 17 6 217 314
94 50 24 1 417 591
69 0 20 6 336 457
38 30 27 3 356 634
32 48 20 2 521 594
32 58 17 2 263 385
39 21 11 4 356 531
97 54 7 3 492 577
91 29 29 5 296 428
93 15 7 1 216 464
35 84 11 3 410 691
46 43 10 2 582 786
71 8 18 2 244 389
94 71 20 1 307 564
9 50 27 5 440 658
61 16 16 1 277 345
74 9 28 1 546 625
15 39 27 5 469 587
9 23 15 7 403 654
97 39 26 4 439 527
68 0 18 5 374 525
64 62 17 1 588 780
60 21 24 6 660 728
89 4 5 7 238 537
80 79 21 6 713 796
8 71 7 4 219 380
52 73 25 1 237 338
32 40 7 5 525 784
20 1 7 3 573 789
59 54 5 1 308 560
95 78 11 7 488 773
49 17 12 6 465 759
49 82 20 4 591 702
23 28 22 7 267 460
3 6 15 3 468 663
52 52 10 6 542 732
71 10 25 7 548 799
58 13 20 3 294 493
53 23 5 3 445 734
22 100 8 7 616 696
37 50 13 5 455 716
24 58 19 7 467 580
97 14 11 7 331 590
67 33 24 1 589 756
83 88 20 1 516 626
1 37 19 6 422 617
75 39 16 3 453 553
86 67 17 7 599 714
99 4 17 1 295 565
33 39 17 1 238 496
52 61 23 5 411 497
50 49 8 1 480 556
12 48 15 4 547 766
58 82 25 5 658 747
40 64 12 3 576 701
21 1 23 1 485 611
51 78 22 2 333 468
68 72 13 6 233 319
78 14 15 3 682 752
93 36 17 5 242 430
39 92 29 3 279 431
91 41 14 5 322 592
32 75 5 2 679 759
77 0 9 3 270 387
44 98 19 3 405 619
64 34 13 7 468 751
69 28 13 2 325 419
9 26 30 6 413 484
9 47 17 5 560 798
49 30 16 1 610 791
98 13 27 6 230 353
42 43 16 1 584 688
78 5 29 4 452 742
96 26 24 4 270 342
13 59 21 1 572 693
64 27 14 1 240 393
51 39 7 6 615 742
22 48 9 5 367 598
92 23 13 7 530 600
51 42 17 3 580 785
1 30 13 1 294 401
65 48 28 2 275 463
32 77 19 7 412 492
34 85 24 4 359 465
19 73 24 6 351 554
50 72 22 1 559 769
90 8 11 5 240 379
40 12 17 7 496 559
56 67 9 1 290 574
98 98 10 2 611 703
78 80 27 6 375 648
96 52 28 2 363 542
39 17 30 1 288 440
91 73 14 7 347 491
8 38 10 7 390 548
43 61 6 7 226 490
51 46 21 2 556 652
60 65 19 5 253 529
59 25 7 3 461 526
70 88 5 4 540 640
16 58 24 3 319 444
14 77 27 6 304 454
26 34 9 6 411 554
51 34 28 5 377 612
37 97 6 7 592 678
49 23 20 3 292 355
9 87 16 7 225 307
63 87 21 4 253 354
23 61 27 1 729 790
92 57 9 4 578 645
51 92 15 6 302 578
52 62 14 6 557 639
1 94 15 6 319 456
11 48 6 4 360 528
70 89 19 6 206 385
17 16 11 2 309 491
21 41 29 1 566 667
70 1 28 6 535 756
65 64 23 7 411 578
77 51 16 3 559 621
88 69 15 5 484 548
31 94 12 3 489 628
63 88 10 6 320 568
99 30 14 3 346 553
19 13 10 5 465 750
57 54 14 3 345 436
52 49 29 6 298 570
38 41 17 6 456 577
75 17 17 3 412 577
82 21 9 7 344 566
38 17 6 3 383 664
95 84 6 7 517 581
65 59 17 5 549 693
27 52 10 7 360 442
72 26 13 4 292 355
5 73 7 2 277 545
31 46 29 2 249 485
13 87 11 1 703 766
58 0 9 4 473 683
97 2 15 5 583 702
33 20 22 7 293 519
93 71 11 4 508 692
49 98 25 2 235 496
91 64 5 3 422 540
26 7 28 4 700 785
45 20 24 6 450 510
13 15 19 1 603 711
2 14 18 7 230 487
20 45 5 7 373 647
87 59 21 5 504 688
25 50 30 1 483 725
55 94 28 3 656 799
66 40 24 2 607 726
89 100 23 2 489 588
70 11 14 6 507 775
21 58 25 3 335 546
76 7 11 2 245 343
47 40 16 5 395 644
23 12 19 3 377 642
20 26 24 1 437 551
86 96 28 1 599 677
85 44 6 5 260 441
36 22 15 7 454 630
34 3 21 5 529 786
50 93 10 4 509 774
60 45 18 1 422 540
76 73 10 3 348 528
39 13 11 7 459 699
53 9 27 5 446 716
27 87 5 3 463 728
86 23 15 7 702 766
41 58 24 1 465 689
22 87 7 5 373 641
66 77 15 3 267 556
73 21 22 5 413 517
58 39 27 2 572 778
50 35 28 5 332 513
7 81 11 6 500 604
41 9 5 7 350 491
97 36 20 7 471 563
100 53 26 3 246 415
20 29 12 7 305 409
82 18 11 4 210 391
16 8 7 3 470 670
15 93 18 6 589 772
55 76 23 7 507 722
4 60 14 3 251 473
91 36 7 1 573 754
97 77 19 7 442 505
98 44 9 5 461 668
23 71 18 6 450 691
90 9 26 7 451 684
22 78 10 1 567 652
51 75 20 4 392 677
61 86 28 7 205 291
38 7 27 2 289 354
15 64 22 1 541 766
59 57 27 3 572 710
71 29 19 2 331 441
47 17 26 1 504 583
50 83 9 7 379 501
30 8 30 4 598 708
2 49 27 2 513 737
67 36 5 6 291 466
73 3 26 2 540 671
44 69 6 7 615 744
73 99 6 6 242 313
8 78 19 7 266 440
7 96 19 3 630 759
84 40 10 1 452 526
23 75 13 6 389 586
16 88 17 4 439 678
88 61 30 4 598 674
9 28 17 2 454 580
61 68 13 3 498 673
72 62 5 4 544 747
21 96 6 4 548 789
16 33 17 1 521 625
59 69 16 1 375 627
50 33 15 1 451 709
62 4 13 3 456 671
58 26 30 6 619 687
78 37 21 7 282 356
34 91 7 3 605 688
52 31 14 5 346 558
87 89 20 7 582 703
60 63 17 1 482 589
8 24 21 7 437 543
80 100 15 4 294 441
28 51 20 2 524 658
62 40 13 6 428 626
5 42 24 7 486 679
24 39 5 1 292 418
48 9 10 6 422 681
36 96 5 2 202 370
97 60 18 6 435 519
71 24 16 3 215 328
38 23 24 4 444 601
33 93 18 6 397 656
60 72 27 4 668 776
95 41 13 3 492 689
100 76 13 7 631 733
87 30 25 1 294 494
73 23 14 7 530 709
10 11 14 7 230 309
47 89 16 1 310 441
74 52 12 1 579 671
63 42 7 6 434 633
76 49 7 7 659 783
21 77 25 7 337 613
20 4 6 1 284 369
3 63 29 4 205 354
26 67 30 3 612 763
14 85 20 3 330 528
18 57 16 7 368 665
32 66 19 2 658 774
97 46 17 1 520 781
85 63 28 4 285 398
62 53 25 7 277 565
48 30 5 7 263 390
41 40 16 1 299 548
34 69 13 4 433 629
58 22 21 7 429 520
27 14 10 3 221 366
1 31 22 3 445 528
21 85 26 4 403 552
38 14 30 3 297 528
77 59 27 1 487 635
14 37 21 6 522 604
15 67 27 6 566 687
88 52 16 3 393 463
96 40 30 1 457 619
44 27 19 4 213 377
12 77 13 3 342 613
32 80 22 5 277 422
80 81 23 3 432 604
69 76 9 2 491 666
47 94 14 3 612 734
59 28 20 2 541 754
82 76 21 4 336 492
73 94 27 5 201 309
66 22 24 6 519 701
53 46 16 1 234 385
54 60 10 6 516 591
67 35 24 6 234 377
8 60 23 3 593 702
24 60 21 3 480 578
34 68 14 7 577 684
35 7 29 7 486 778
6 46 19 7 512 635
87 45 30 2 625 730
77 52 8 5 335 402
93 98 26 4 278 485
87 41 28 3 317 499
20 64 26 4 352 413
96 61 22 4 501 673
48 11 26 3 249 537
91 56 20 7 695 783
72 98 22 7 408 495
69 35 9 4 289 535
7 23 26 2 515 667
83 13 29 1 396 575
68 15 18 6 201 422
64 44 27 6 380 537
75 31 23 1 301 541
36 46 14 2 303 600
12 68 25 6 227 352
74 55 28 3 290 525
51 11 9 2 562 731
32 55 13 1 551 703
66 99 29 1 360 438
14 15 14 1 236 417
78 31 15 4 501 684
78 10 6 6 263 406
77 55 28 1 309 382
97 27 5 5 502 650
2 40 23 6 466 528
11 80 5 4 419 684
22 2 17 3 206 447
78 87 20 6 374 438
30 82 14 3 395 498
72 58 17 4 598 697
60 24 12 2 335 534
92 30 8 4 650 729
17 4 15 6 465 565
44 86 28 6 381 605
81 89 8 6 471 716
76 48 26 1 429 628
52 24 28 4 451 707
3 32 23 1 274 471
86 28 21 3 456 678
16 66 12 5 304 425
77 3 17 1 490 705
38 79 6 2 460 705
97 69 16 1 667 740
37 53 7 2 232 467
83 8 13 4 424 508
96 33 18 5 444 720
94 39 12 3 527 600
63 64 5 7 463 730
11 49 17 1 661 769
0 15 9 7 553 678
98 36 14 1 325 518
32 83 28 7 552 621
81 18 14 3 205 355
68 7 17 5 509 789
75 26 29 1 541 750
98 31 21 4 255 329
11 57 28 6 447 510
28 35 21 7 586 682
32 25 24 7 245 338
96 43 5 5 613 674
72 91 30 4 611 759
11 52 9 3 580 769
44 49 24 6 454 671
99 98 23 2 313 505
98 87 17 1 472 747
76 99 19 3 681 774
10 69 21 3 367 577
8 62 11 6 301 502
13 17 18 5 232 484
93 59 20 6 452 696
58 52 15 5 552 630
20 35 14 3 402 628
85 60 30 1 588 710
55 43 29 1 440 613
37 10 5 5 439 705
18 83 11 3 372 637
61 63 19 7 655 765
49 39 26 7 206 280
41 73 5 2 595 665
72 34 29 7 338 542
19 34 8 2 427 616
50 34 22 2 543 619
18 38 21 3 366 474
70 71 20 4 270 352
97 47 17 3 443 527
22 84 27 4 551 778
73 14 9 5 421 643
55 14 7 3 275 388
81 12 17 3 579 691
44 95 17 1 281 409
57 97 11 3 390 686
85 38 24 3 390 637
12 3 30 5 430 520
50 76 16 1 386 459
35 70 21 1 519 716
50 21 9 7 422 496
1 60 6 7 513 626
12 60 23 6 353 450
43 63 17 5 452 658
77 20 30 7 414 484
15 82 14 6 398 639
22 43 23 1 357 496
30 86 20 1 520 628
34 14 20 4 570 793
2 41 6 7 427 522
30 79 6 3 256 358
48 85 29 7 409 577
86 10 28 4 279 485
15 49 17 7 292 432
54 12 22 2 274 559
15 92 11 6 393 605
38 69 28 2 377 656
3 70 27 5 461 623
74 14 26 2 290 494
77 93 12 7 542 654
76 5 16 3 435 572
38 64 13 6 486 695
44 94 16 6 468 702
20 92 29 3 523 789
20 57 19 1 279 458
73 17 6 2 518 642
89 3 18 4 631 736
54 10 12 1 630 764
100 54 27 3 315 528
2 61 28 6 451 645
95 40 25 3 359 622
23 87 6 4 547 678
74 72 25 6 484 584
89 21 24 7 212 282
32 5 9 5 504 574
95 43 11 7 406 574
97 17 25 2 478 688
42 20 21 2 494 571
71 60 9 2 207 416
73 40 6 3 339 403
1 76 16 6 252 448
33 66 17 3 468 618
55 69 24 3 504 590
86 40 14 5 497 774
11 40 5 4 332 455
93 54 29 7 277 425
30 10 18 7 546 712
97 9 22 1 261 368
54 66 7 5 339 556
78 55 21 2 629 709
17 14 15 3 575 659
17 11 29 7 210 402
52 18 8 4 356 450
43 44 21 7 418 596
57 47 18 5 384 647
3 65 24 4 283 548
98 26 19 4 622 714
15 51 16 5 569 775
85 70 5 7 370 659
71 33 24 2 476 569
34 4 16 1 274 546
64 18 22 4 369 613
3 78 27 4 690 781
71 32 7 7 400 474
46 79 29 2 391 470
77 83 14 6 281 419
77 24 7 6 359 547
76 20 22 5 436 735
2 59 5 3 365 500
84 27 17 1 450 574
49 86 27 2 396 496
27 35 21 3 292 469
46 27 12 1 509 653
90 12 14 4 341 601
29 29 17 6 223 460
90 90 9 2 264 376
70 44 30 4 389 490
74 2 30 3 410 543
25 79 13 4 330 437
8 98 18 4 440 597
77 8 27 3 698 771
80 92 23 7 342 509
71 57 15 3 203 338
6 20 6 7 478 654
9 76 23 3 464 576
23 55 5 1 448 634
28 22 25 7 419 570
89 80 13 7 576 646
100 84 7 4 334 396
0 78 10 2 399 547
18 74 28 4 298 465
28 23 5 1 280 379
66 60 16 7 556 782
93 90 27 1 426 496
45 91 12 4 531 637
73 38 29 5 505 666
12 12 23 5 227 365
66 12 28 1 318 490
71 34 28 3 430 689
37 72 7 7 480 631
0 54 22 7 396 530
56 37 26 1 206 271
98 61 18 1 449 625
88 65 7 6 294 371
43 60 9 5 268 338
46 5 10 7 537 777
85 76 6 1 309 471
54 50 28 1 432 586
48 28 14 7 310 430
55 63 25 6 521 756
99 43 9 5 231 472
33 10 26 5 237 392
31 42 25 7 335 423
8 13 19 7 613 674
4 18 24 1 531 693
51 3 30 7 259 328
56 0 23 7 316 498
19 42 24 5 479 556
39 24 12 4 265 477
3 16 6 6 491 763
13 1 19 4 564 744
100 65 9 3 582 683
52 68 6 1 263 498
20 12 28 7 236 457
95 25 18 6 315 600
68 20 26 2 290 546
85 21 22 3 373 608
98 14 15 1 347 645
7 87 13 3 296 516
35 77 26 5 235 398
42 18 19 2 373 598
64 91 24 5 471 547
99 63 26 2 302 501
25 15 18 2 466 765
54 82 23 4 294 484
1 3 23 4 389 622
44 84 29 7 403 508
59 100 21 3 439 706
44 18 23 5 324 451
44 52 23 7 485 675
19 17 25 5 484 651
98 52 12 4 540 788
77 50 22 1 460 663
67 49 23 5 214 298
45 51 5 5 575 720
8 20 23 3 447 711
27 80 18 7 491 678
37 41 8 7 223 401
5 46 19 1 406 602
70 12 28 1 615 759
25 54 16 5 377 474
56 24 26 4 463 604
83 76 12 4 539 609
19 70 11 3 243 446
61 34 22 1 455 707
86 48 6 6 684 758
3 69 12 4 513 676
4 88 19 3 353 591
20 53 22 2 248 417
84 69 23 1 508 634
42 90 19 7 405 625
19 62 18 3 385 551
14 64 17 5 318 576
81 24 11 2 609 764
92 71 6 6 659 789
23 24 9 3 571 661
11 2 29 1 458 656
70 17 5 2 520 645
70 10 17 3 633 789
42 69 24 6 430 565
98 73 21 3 532 636
82 85 19 6 335 494
96 99 20 6 293 587
0 61 22 7 513 709
76 47 17 3 455 697
47 85 11 2 392 605
28 61 18 4 293 551
13 4 25 3 545 770
11 10 25 5 399 607
33 3 17 2 484 732
78 54 13 3 617 684
29 61 30 2 563 662
85 8 25 2 213 493
54 67 7 1 394 636
29 39 25 5 340 599
42 26 25 6 570 784
32 3 12 1 510 598
55 79 22 2 432 543
100 100 10 7 504 788
45 54 20 6 265 554
18 68 28 2 465 630
86 89 20 5 652 746
96 96 17 6 442 552
71 51 15 5 525 783
7 31 20 6 294 579
92 0 16 3 406 579
83 47 30 3 367 548
57 74 16 5 275 347
41 21 18 2 551 795
33 96 21 6 653 727
84 37 27 2 435 512
38 29 27 3 501 728
2 92 6 2 694 795
59 65 7 6 444 676
17 83 13 1 210 418
90 41 26 2 330 535
85 29 30 6 455 605
13 83 12 4 295 522
71 67 23 3 522 800
46 65 7 6 475 647
35 96 10 6 250 375
93 11 5 5 314 511
86 15 23 7 361 429
97 91 9 2 248 346
46 98 13 3 534 761
19 25 20 3 424 607
82 59 27 3 426 632
99 59 9 5 394 689
13 40 10 1 672 798
17 40 14 4 466 579
75 47 12 6 509 601
70 65 26 3 728 795
99 86 30 2 588 759
10 31 22 3 499 671
51 12 17 4 372 642
95 93 14 1 404 580
54 18 22 7 529 603
55 23 12 7 531 727
29 37 18 6 394 668
66 1 8 2 513 604
4 53 28 2 349 648
17 19 20 6 260 343
36 11 25 5 298 508
80 41 20 6 251 458
49 44 7 2 310 607
97 25 16 2 599 793
43 52 20 2 387 479
85 80 16 5 401 655
55 70 11 3 289 469
31 10 8 3 530 711
27 21 5 1 387 680
43 13 30 3 204 497
39 16 6 7 470 698
22 99 22 2 369 613
65 89 18 6 522 656
82 74 26 6 647 748
78 59 22 2 666 775
21 69 6 3 500 619
24 64 18 1 386 474
82 48 12 2 289 474
8 65 29 5 514 617
22 80 25 2 383 528
12 67 29 1 349 427
96 86 11 3 652 760
0 89 8 1 522 618
12 65 28 7 690 780
61 28 21 5 332 543
76 25 11 3 362 602
12 82 21 1 553 778
71 98 30 5 243 434
52 2 16 2 363 569
16 100 12 7 298 581
94 97 30 5 214 290
9 44 14 7 487 761
49 18 23 5 703 769
45 84 30 7 362 642
54 6 9 1 364 515
26 33 22 6 303 441
30 27 7 1 219 481
86 82 7 4 429 673
9 95 20 7 365 513
10 70 7 7 583 754
79 90 13 1 303 515
16 5 7 3 452 589
41 100 9 7 493 791
15 90 24 3 431 603
87 28 21 3 222 399
67 100 12 7 358 421
96 54 27 1 464 581
94 41 24 4 421 550
54 26 23 1 264 350
45 93 13 5 574 703
16 93 25 3 466 536
31 73 11 3 286 427
60 60 12 4 361 550
0 32 26 5 418 577
83 12 10 6 382 608
91 38 9 7 377 534
89 17 8 3 431 656
89 27 28 4 204 338
7 74 30 4 235 462
20 9 5 1 651 792
17 22 27 1 233 342
40 3 24 5 510 655
4 71 8 7 478 639
40 100 25 7 379 455
73 74 23 4 267 459
74 34 9 4 214 438
77 19 29 1 359 516
21 37 15 2 455 724
28 44 18 7 549 680
84 98 27 5 369 658
62 25 15 2 396 530
21 18 12 4 457 522
2 83 25 5 251 519
68 31 16 5 406 549
69 16 13 4 470 654
34 38 27 2 404 613
17 5 30 7 278 551
65 25 5 6 672 746
0 82 24 6 260 368
22 18 30 6 622 721
79 48 28 4 301 391
0 53 24 6 344 597
38 16 7 2 364 623
12 11 30 4 419 559
78 46 17 4 376 549
100 13 26 7 432 599
60 13 30 3 278 559
83 30 11 1 558 720
55 15 25 3 429 615
56 99 23 3 508 585
39 19 6 2 502 580
81 56 28 5 603 668
46 78 19 1 234 530
87 65 20 1 394 543
22 94 26 2 495 555
23 63 21 4 384 515
38 57 12 7 441 526
29 65 10 4 385 501
34 83 9 5 546 702
70 52 8 3 414 688
92 74 18 4 316 592
27 22 23 7 406 534
80 57 24 2 453 555
52 59 24 5 472 590
2 20 12 2 549 770
29 17 22 7 352 452
44 15 19 1 346 492
51 15 12 2 222 397
100 94 24 3 291 396
38 71 27 1 596 789
55 64 11 7 479 701
59 4 15 7 479 707
54 71 28 3 230 529
46 36 29 4 241 478
31 9 7 6 400 660
0 79 16 4 277 554
91 81 27 3 265 455
86 25 22 5 468 754
56 31 5 1 536 613
47 68 21 3 448 587
7 94 25 3 647 765
0 73 21 1 498 745
40 25 8 3 454 664
93 26 24 1 472 649
52 13 18 6 520 580
41 27 26 5 646 729
74 92 30 7 321 579
21 54 25 7 419 693
55 98 11 5 544 770
90 35 8 5 637 770
58 77 13 7 508 726
90 91 26 6 239 455
55 75 30 3 647 742
77 38 26 1 271 405
41 97 25 3 256 527
3 74 24 2 430 616
87 20 5 5 445 508
26 26 5 5 649 772
19 90 17 2 478 703
60 38 30 3 342 471
19 2 28 6 233 431
61 71 6 2 486 728
11 22 28 6 250 457
8 68 5 4 488 707
16 36 16 7 327 497
87 39 26 6 377 539
10 91 20 3 267 523
65 42 11 7 389 568
34 64 9 2 357 566
29 70 11 4 338 572
46 9 28 5 576 763
37 15 22 7 451 660
11 54 14 1 320 441
5 89 26 7 384 613
72 5 17 2 298 425
67 90 28 2 304 461
24 92 17 6 611 697
45 62 5 5 455 604
71 12 20 7 335 497
54 51 28 1 304 557
47 24 12 6 581 668
17 24 13 1 304 370
18 77 11 4 389 629
23 49 8 1 404 695
87 24 29 1 721 800
41 95 21 4 549 673
30 92 11 2 674 791
94 24 20 3 462 639
49 42 9 6 304 474
99 22 10 6 530 762
55 58 24 5 233 436
57 93 11 6 680 752
41 29 9 3 424 705
69 71 12 2 341 615
59 95 10 4 582 759
72 85 25 7 368 552
79 39 11 6 428 614
64 71 9 6 600 762
91 54 16 5 249 526
72 43 23 2 268 518
24 75 8 1 343 482
56 38 24 7 566 793
22 9 30 1 244 442
1 11 17 3 212 381
42 17 12 7 546 656
48 53 28 1 480 717
91 82 24 3 345 579
12 79 19 4 609 774
8 84 8 5 515 633
74 66 24 7 566 678
47 67 18 2 471 750
47 82 18 2 538 601
15 53 8 7 450 703
55 52 18 6 469 576
3 37 15 7 203 440
50 71 18 5 497 722
1 58 13 3 431 669
46 8 17 3 297 437
95 21 7 3 262 537
79 64 10 5 296 496
40 81 15 4 410 634
80 94 11 2 253 439
33 86 26 4 709 789
56 75 27 1 317 511
6 60 26 6 682 787
26 76 23 7 385 566
92 88 30 2 504 611
48 63 21 5 503 740
18 96 23 5 293 498
20 73 16 6 686 773
74 27 7 2 434 564
49 81 23 5 499 671
21 63 10 6 252 383
54 20 28 2 270 533
67 53 10 4 340 435
89 32 21 5 354 647
87 77 11 6 504 568
27 30 15 1 350 417
14 67 8 2 286 464
90 66 7 3 451 726
29 18 23 7 496 681
16 53 14 4 252 477
30 99 5 7 484 595
48 57 29 6 381 585
29 23 8 4 311 424
58 12 26 4 343 602
78 89 7 5 558 631
51 100 8 5 471 647
60 91 14 3 475 768
33 75 12 4 325 457
61 98 13 5 201 316
5 35 26 2 200 462
20 59 24 7 619 753
5 36 20 7 203 355
91 100 24 6 547 735
100 73 19 2 207 428
38 61 23 1 697 765
55 55 24 2 617 777
10 73 29 6 540 728
21 36 18 7 480 639
90 54 28 7 422 602
33 73 8 6 201 462
79 12 12 6 321 418
50 9 20 3 428 688
38 59 6 6 346 461
87 2 24 2 306 586
70 77 17 6 371 480
70 3 24 5 358 439
77 41 25 3 652 717
69 21 30 7 289 571
11 95 26 1 649 734
81 32 14 7 344 480
36 95 16 6 614 718
52 10 19 1 523 745
64 56 8 6 623 695
28 27 25 5 400 590
7 51 30 1 311 542
22 55 21 3 382 446
43 40 7 1 404 632
90 49 5 4 446 627
36 28 12 4 591 758
1 22 24 7 525 733
28 73 22 6 599 776
55 6 6 5 508 638
83 31 16 2 229 449
76 44 5 5 463 536
14 42 18 5 307 417
65 92 12 7 478 657
79 51 18 5 461 750
43 92 19 4 635 706
8 14 6 3 313 562
55 57 26 2 219 366
71 45 26 1 521 759
98 21 14 6 560 698
7 62 26 6 404 590
96 41 30 3 356 640
65 30 11 7 550 745
88 57 7 3 215 441
73 83 28 1 432 554
57 44 18 7 421 659
14 79 8 6 422 575
78 29 24 7 346 627
69 63 15 3 428 708
85 47 13 5 420 563
63 9 22 5 455 697
98 25 25 4 240 534
13 36 13 3 239 443
29 20 28 1 382 463
85 99 6 5 435 495
18 94 26 7 242 495
70 66 27 4 356 422
99 14 7 7 409 703
16 10 5 7 409 588
96 74 7 7 474 744
19 43 22 3 386 505
59 76 6 3 598 766
97 93 23 7 260 404
44 62 21 6 318 384
1 64 8 6 398 606
93 21 12 1 395 592
93 91 11 1 427 642
49 27 20 4 332 517
21 81 8 7 429 545
66 74 17 6 403 634
5 72 25 5 422 556
30 56 15 2 227 499
94 78 29 2 207 372
61 17 22 4 636 780
7 9 18 1 513 742
50 41 6 1 265 392
76 69 17 3 608 745
24 11 24 3 625 727
79 77 24 1 559 783
59 8 7 1 394 467
32 44 10 7 289 477
45 50 28 5 566 691
66 45 19 2 501 640
79 85 16 7 609 792
82 89 21 4 293 455
15 84 19 1 338 446
96 36 11 4 548 641
92 18 19 6 364 464
53 31 11 5 274 477
47 23 12 7 244 423
56 13 29 2 711 782
96 45 20 3 245 535
63 36 24 7 464 694
26 99 30 4 314 537
74 75 13 1 636 759
6 69 23 6 528 790
78 95 12 2 483 758
87 63 17 2 402 530
77 70 23 2 396 480
100 87 9 2 440 578
51 33 11 7 254 414
49 84 29 7 600 758
10 10 5 4 525 609
16 96 18 2 589 668
17 64 11 5 327 512
68 29 6 4 380 611
97 33 18 7 285 561
61 100 7 3 396 472
55 13 22 5 313 566
23 94 17 7 398 550
60 46 15 4 463 707
21 46 6 2 499 750
48 60 11 3 603 757
67 19 13 4 367 584
42 45 25 5 447 636
66 58 15 2 466 556
14 55 7 2 348 642
11 90 26 5 297 566
17 12 24 7 372 554
5 10 17 4 301 517
40 96 29 4 612 756
89 37 15 1 394 575
96 34 13 7 556 620
67 6 6 1 238 338
68 99 19 2 463 591
31 19 17 7 406 508
45 48 22 1 509 680
94 89 15 3 604 671
14 7 28 3 373 663
92 56 6 5 478 634
81 69 28 5 280 521
52 45 22 5 614 679
63 44 27 2 647 748
21 78 12 3 571 744
0 12 18 7 430 492
32 34 15 2 262 422
67 58 22 2 372 582
94 69 17 3 499 588
52 88 12 3 277 487
37 62 11 3 368 436
10 36 28 6 318 381
68 96 30 6 389 490
78 35 6 6 515 750
24 73 12 4 718 796
83 3 28 2 353 478
11 28 14 2 348 470
41 34 6 5 697 767
35 95 27 4 401 561
26 65 19 2 264 345
39 86 19 4 507 621
35 16 15 5 456 743
77 85 18 5 667 739
27 93 7 5 403 698
22 14 28 1 579 707
12 27 5 5 278 478
75 63 23 6 267 565
76 14 18 6 569 675
46 11 15 5 358 532
82 41 25 2 467 573
61 4 9 7 210 459
81 73 25 7 331 539
33 31 24 1 566 762
12 73 28 1 411 531
21 39 6 3 639 779
24 78 18 4 499 586
96 65 11 3 338 452
54 2 6 5 506 600
70 37 29 5 293 529
5 11 28 3 578 669
13 27 17 3 527 649
94 51 8 3 436 594
48 87 11 4 642 787
9 83 22 1 485 652
32 52 17 4 254 452
57 76 26 4 478 651
10 84 6 7 436 681
71 23 12 3 341 436
78 62 10 6 203 345
68 8 7 1 670 765
92 53 5 1 273 483
48 89 25 7 305 440
73 53 19 4 337 603
31 99 21 7 303 437
32 59 23 3 593 794
35 74 25 3 370 493
69 64 6 7 340 588
100 52 11 2 404 680
24 13 15 3 219 283
60 16 17 2 325 560
79 27 21 7 634 715
5 95 29 6 486 564
80 45 19 5 261 365
52 81 25 5 434 631
20 60 6 7 370 617
84 14 27 3 429 703
34 70 15 1 334 495
78 81 9 5 272 563
32 47 30 5 333 550
7 34 20 7 544 604
52 92 7 6 329 389
17 98 19 3 259 390
28 89 30 1 558 661
10 28 19 7 203 426
51 74 10 4 419 703
52 63 21 2 428 525
40 42 30 6 444 650
25 1 12 1 364 623
28 13 9 6 571 712
69 77 6 4 548 649
55 48 17 6 476 643
38 78 10 7 545 706
52 19 14 4 290 475
37 71 11 2 525 659
53 47 12 2 386 674
60 34 22 1 443 732
32 11 9 4 565 748
79 26 19 6 441 650
42 35 14 4 657 778
29 5 19 2 448 543
93 96 6 4 326 440
22 30 5 6 489 598
4 70 10 1 286 358
42 25 16 5 706 774
29 84 7 1 414 615
88 59 5 1 265 516
9 55 23 6 383 592
19 47 11 2 229 361
97 99 8 4 253 446
78 27 10 5 360 656
100 82 18 6 550 705
50 54 30 5 529 613
36 45 29 3 436 675
51 25 26 2 311 479
69 22 18 6 277 352
48 72 17 1 695 777
84 63 12 7 543 776
13 97 13 5 570 746
81 67 12 5 463 566
10 65 25 7 203 365
2 56 24 2 579 657
52 28 22 6 371 509
19 24 30 7 222 320
0 34 8 7 210 325
33 18 26 5 588 670
42 34 8 3 340 551
19 6 5 6 474 740
16 64 12 1 479 672
26 87 10 3 489 714
56 17 15 7 481 686
29 43 27 2 371 593
41 39 10 1 302 421
99 6 26 4 316 512
96 27 10 4 226 456
42 88 12 6 454 626
92 50 16 5 415 652
56 78 10 1 570 662
76 76 25 7 327 434
47 80 22 5 578 739
18 89 5 7 235 490
20 99 9 7 416 707
12 18 18 4 261 364
69 88 21 2 415 628
77 29 13 5 556 756
34 57 26 4 429 689
97 44 24 6 470 629
91 86 5 5 371 636
69 45 7 5 308 530
94 33 8 4 436 723
55 22 17 7 408 573
80 93 16 6 457 642
44 83 27 3 488 744
29 76 16 2 564 747
53 35 26 4 430 665
20 34 17 7 613 692
25 77 19 1 235 468
44 47 9 7 691 762
40 52 27 7 366 471
37 65 25 1 475 704
25 0 22 1 328 393
26 45 15 6 400 681
10 15 28 1 332 571
26 4 28 5 417 651
1 7 13 7 217 512
36 56 29 4 241 518
24 86 20 5 312 498
84 88 25 5 270 348
60 11 18 3 370 593
81 26 17 4 280 364
49 60 12 4 509 734
43 47 19 6 488 573
37 80 5 7 281 464
11 63 29 3 428 528
13 75 8 7 678 739
28 33 13 3 335 632
86 88 28 5 391 602
92 51 23 5 369 498
52 36 29 2 281 466
97 79 10 1 449 572
22 36 22 1 217 328
80 10 28 3 671 796
68 1 15 7 314 517
13 49 24 5 478 680
39 58 9 6 439 603
8 1 21 3 432 567
12 70 26 6 241 307
65 24 18 7 500 694
14 25 21 1 321 605
23 44 11 3 243 508
30 38 21 7 430 533
15 22 7 5 420 707
6 43 14 4 321 492
59 86 18 6 293 468
23 9 13 4 586 727
97 68 17 4 225 425
85 17 12 6 237 364
29 50 6 5 649 781
38 34 21 5 439 626
15 85 17 3 602 755
60 64 25 5 233 387
83 21 13 3 212 319
89 18 30 6 401 520
58 72 23 7 351 606
53 84 16 4 440 679
0 42 19 1 610 712
44 29 20 2 523 666
63 48 9 6 453 553
56 18 7 7 404 470
83 39 19 4 478 760
27 90 13 1 210 488
23 7 24 1 423 495
83 26 17 3 255 515
57 5 20 7 416 548
93 9 5 6 234 419
39 72 19 1 221 410
41 5 25 5 452 704
42 23 19 6 518 795
36 66 30 4 413 613
54 58 10 2 367 543
43 79 7 7 354 635
16 48 16 3 305 564
80 53 27 3 357 458
39 6 6 5 572 749
66 51 8 5 473 714
18 26 13 7 368 462
81 92 14 3 633 698
41 86 23 5 530 735
86 38 28 5 318 412
95 72 6 6 422 663
40 78 17 3 343 502
53 68 29 5 380 517
38 1 7 5 441 729
5 98 30 1 313 478
18 27 27 4 635 698
15 0 9 6 255 327
12 96 10 2 516 661
13 0 23 2 470 679
9 65 11 7 301 522
56 60 21 2 616 747
39 45 29 6 269 397
55 71 13 6 356 482
53 71 9 6 379 662
57 70 28 6 493 696
87 75 19 1 478 546
94 30 20 7 511 763
36 2 13 5 235 520
74 10 21 1 274 378
90 57 29 7 361 607
91 15 13 6 636 712
72 16 27 2 369 560
100 49 26 4 348 578
81 60 25 3 300 447
24 56 11 6 367 616
23 19 14 7 627 711
43 54 27 6 209 403
5 27 22 7 315 395
77 42 24 2 409 635
45 68 5 1 265 544
19 10 27 2 380 483
56 30 11 2 202 296
76 58 13 2 286 500
60 61 20 3 526 778
88 13 14 6 403 576
11 30 8 4 203 329
6 82 21 4 576 681
53 95 20 5 505 589
49 96 5 6 310 460
72 47 18 4 597 664
41 93 23 7 230 448
48 41 13 1 221 340
70 58 29 1 347 586
28 62 5 2 411 624
56 54 13 7 445 527
15 74 29 4 299 458
13 37 7 3 215 308
98 91 22 7 276 454
19 56 10 3 585 648
9 5 10 1 571 775
91 37 11 3 450 738
75 52 18 6 378 649
85 31 28 2 321 481
31 48 29 3 538 739
52 41 11 4 321 539
92 4 22 3 474 694
32 49 21 3 359 565
14 19 10 7 377 583
97 85 10 1 423 572
31 84 17 2 522 636
20 19 15 7 427 589
63 46 7 2 603 714
37 25 29 2 279 547
33 92 5 7 385 553
43 48 18 7 504 567
5 70 10 5 507 670
47 86 13 2 453 739
41 67 16 3 302 496
42 33 10 5 358 595
6 97 14 1 296 490
77 86 30 6 349 568
40 14 18 1 567 695
64 68 18 4 596 747
48 81 20 4 599 788
46 54 12 6 244 374
92 72 16 7 581 692
83 41 20 4 530 790
62 67 24 7 435 672
85 1 18 7 208 294
1 97 11 5 377 562
94 52 19 7 207 303
76 30 21 3 355 587
22 5 17 5 211 273
14 53 18 4 410 566
87 44 23 7 246 402
18 97 20 6 211 294
73 100 8 3 363 425
28 50 19 4 227 287
2 28 28 7 564 754
1 23 21 4 318 510
23 88 7 6 364 523
59 75 11 3 440 678
97 92 14 5 544 604
15 32 26 1 297 385
3 58 14 2 565 725
39 27 27 3 240 336
93 24 26 7 327 586
14 33 17 3 528 732
70 36 24 5 367 444
30 45 8 6 352 524
10 58 18 6 226 416
63 16 5 4 391 608
84 81 21 2 222 497
46 60 8 5 584 669
51 97 29 3 321 581
31 71 13 1 373 591
68 86 22 5 224 517
65 97 5 4 316 388
94 44 8 3 272 494
33 34 22 2 333 504
38 65 23 1 476 674
81 53 12 1 264 368
70 91 11 7 207 358
34 65 29 5 200 373
26 31 7 4 311 411
62 71 27 2 317 555
1 10 30 3 476 715
97 76 25 4 404 662
49 58 28 4 465 640
68 64 17 4 512 635
3 22 19 2 225 407
46 97 19 1 328 451
98 82 24 5 240 307
100 17 20 2 606 763
36 9 28 4 293 387
9 81 7 6 251 408
62 29 9 6 543 729
0 67 17 1 466 594
21 73 26 3 212 281
53 11 6 1 489 592
55 19 29 2 461 675
24 14 25 7 698 771
10 8 10 7 359 423
15 77 18 6 371 475
86 14 13 4 493 702
4 40 23 4 234 463
4 41 26 3 456 592
48 23 23 3 265 359
81 15 15 2 227 388
79 14 7 5 603 747
14 44 7 4 487 674
20 10 22 2 469 551
25 11 9 1 262 463
72 96 27 3 492 776
9 46 24 7 218 323
71 31 20 5 342 489
19 44 9 7 577 800
20 32 26 3 246 517
11 91 28 7 312 459
65 51 18 6 462 679
59 37 25 6 346 430
45 99 8 1 370 452
45 1 13 3 329 429
47 74 30 3 264 391
1 56 22 4 398 574
71 69 15 6 433 595
54 72 12 2 519 698
77 71 8 5 396 610
44 2 14 5 525 659
55 9 23 5 375 593
17 50 14 6 474 677
75 6 7 6 429 498
66 17 10 3 379 540
24 43 19 7 293 559
36 67 29 5 269 449
80 74 29 6 418 519
96 68 23 4 648 800
10 68 16 7 250 469
83 14 14 5 290 470
36 94 27 4 312 521
41 65 17 4 359 477
68 81 11 7 643 758
94 66 28 2 643 785
51 68 15 4 240 326
9 68 29 4 255 405
55 25 10 4 676 743
24 27 16 2 244 324
97 96 18 1 242 537
29 14 14 6 459 640
93 70 12 5 305 367
33 60 5 1 258 447
74 60 14 6 419 558
90 80 6 1 253 328
51 82 24 5 459 629
80 75 27 6 392 664
67 68 29 5 556 625
4 16 10 7 365 615
80 18 16 3 551 692
74 15 24 1 422 666
98 50 5 2 365 652
19 99 26 1 540 785
24 32 12 4 625 752
35 19 29 6 580 786
73 48 12 6 257 494
95 28 22 5 574 774
56 35 12 7 415 708
41 62 29 7 265 376
52 43 24 1 635 785
78 1 20 7 298 472
21 80 30 7 451 709
36 36 5 6 269 366
82 75 10 6 518 727
16 77 15 5 310 547
58 66 29 5 375 492
48 31 5 1 568 748
38 19 30 5 486 687
78 69 27 5 399 507
10 83 7 3 356 634
86 94 10 3 433 548
22 65 25 7 636 776
94 74 14 7 251 455
77 69 10 3 504 742
75 43 23 4 300 400
47 42 7 1 278 377
71 88 12 1 623 777
31 23 16 3 275 410
87 12 16 6 486 730
4 80 25 2 453 532
22 58 7 3 497 750
94 99 8 3 351 515
