727
71 31 0 0 0 0
4 77 24 5 367 429
57 11 24 3 412 621
54 42 27 4 304 566
36 87 26 6 643 777
40 43 15 4 434 579
61 52 20 1 271 490
59 45 19 3 211 302
13 49 13 7 620 741
66 97 24 7 684 784
80 61 14 6 314 462
82 67 14 3 514 783
56 84 28 6 484 732
10 61 12 4 346 553
72 61 12 5 403 594
32 0 24 1 453 535
70 76 25 4 314 595
59 50 19 1 519 640
36 96 10 7 323 559
92 70 25 6 392 482
32 88 11 7 395 476
78 54 19 3 259 544
68 75 13 4 358 561
5 74 30 4 562 696
42 88 17 6 456 668
79 79 23 3 420 570
12 16 18 1 362 494
9 35 13 1 295 492
77 3 14 7 400 483
80 44 16 7 650 766
43 41 10 1 632 709
64 50 19 4 387 554
40 77 29 6 301 476
72 88 20 7 277 340
64 100 25 6 436 603
80 63 24 5 579 724
80 30 6 4 508 731
70 68 6 6 632 707
11 60 18 4 597 706
78 14 13 3 320 467
97 39 28 6 460 639
22 40 12 3 304 454
94 28 11 7 681 784
82 27 18 7 284 478
2 19 23 3 302 568
75 41 8 7 499 794
49 24 29 6 460 566
90 43 28 4 266 411
58 87 14 2 340 520
50 87 9 3 202 355
40 97 13 5 525 783
16 50 14 5 300 471
35 92 13 7 509 589
39 37 15 4 502 630
69 66 11 6 373 636
51 10 20 5 234 318
83 84 17 3 512 655
47 19 21 1 232 515
22 64 5 5 436 726
42 70 29 4 434 531
94 69 18 1 276 408
89 9 21 5 356 620
64 53 16 2 486 649
10 99 22 4 251 493
62 71 8 3 488 661
61 49 11 1 522 710
58 52 25 4 546 629
26 97 6 2 688 758
97 73 26 5 429 523
93 12 23 3 316 500
53 60 10 6 612 794
100 83 15 6 412 497
70 70 16 5 523 668
97 56 12 1 414 482
62 38 20 2 411 475
90 86 23 2 341 485
59 84 9 7 354 546
51 72 27 6 544 770
7 10 15 3 634 768
40 11 26 3 488 652
62 26 26 5 519 599
6 7 6 6 473 547
35 72 18 2 587 767
17 96 7 3 429 701
97 37 17 2 378 630
11 77 23 7 476 536
65 82 5 7 329 493
33 36 17 2 685 792
68 13 7 7 250 434
32 3 7 2 212 509
82 82 5 2 267 466
23 13 25 2 453 527
69 23 29 7 650 739
34 100 8 6 646 742
86 97 30 7 511 679
11 82 21 5 271 437
48 5 7 4 472 547
41 9 11 3 276 419
81 18 21 5 466 528
45 14 26 2 598 754
32 60 15 2 205 390
18 17 29 3 447 681
70 59 22 4 496 751
64 98 5 6 389 499
17 35 10 4 491 708
47 78 28 2 339 591
97 50 16 6 453 725
4 23 29 4 303 551
25 0 27 7 216 435
48 16 16 5 585 751
65 42 23 7 510 660
74 5 13 3 424 522
8 58 8 4 240 383
61 82 16 5 552 631
96 63 24 5 522 643
38 66 30 3 426 710
30 81 10 5 492 720
76 74 19 1 347 563
62 98 17 7 478 601
62 90 21 7 453 705
76 85 16 7 561 739
83 93 23 1 278 503
55 35 15 4 451 628
26 95 24 5 367 443
63 71 23 3 678 792
73 75 26 7 429 535
9 64 9 4 459 579
63 32 27 5 239 304
14 70 21 2 206 468
29 48 24 6 324 396
54 23 10 3 440 674
95 63 17 6 479 771
44 40 7 5 386 545
3 20 20 5 343 509
28 73 29 1 346 496
36 92 10 2 278 434
53 79 9 3 384 606
92 47 13 5 515 705
71 69 27 2 557 733
30 0 27 6 440 511
26 31 22 3 632 800
2 42 20 3 403 689
23 99 16 4 308 596
68 96 15 7 331 552
25 17 28 6 367 663
46 64 28 1 414 474
5 43 30 6 626 718
45 84 8 1 337 498
33 52 25 4 467 530
25 84 27 4 355 490
88 63 13 4 447 624
68 14 29 3 638 797
9 80 15 5 440 663
3 74 15 3 428 654
100 51 11 1 504 574
55 63 21 4 506 720
58 14 30 7 247 440
53 25 9 2 306 372
16 87 12 7 295 362
61 88 20 6 576 798
50 76 20 6 201 319
67 88 29 7 646 725
47 12 6 6 295 579
70 95 11 7 375 471
69 34 9 2 481 615
70 8 29 4 248 492
88 57 5 6 323 411
65 46 28 7 205 450
57 94 9 5 396 484
45 18 25 6 350 606
4 96 24 6 423 648
7 7 13 1 496 647
41 42 24 2 589 725
26 47 24 1 547 724
69 88 26 3 206 430
3 70 22 4 435 504
95 14 14 7 277 410
89 40 26 5 226 496
30 45 11 4 499 563
98 78 17 3 579 730
86 9 21 7 321 421
56 59 25 3 302 396
67 82 8 1 230 524
63 61 8 5 583 766
93 22 28 4 509 590
88 24 9 7 306 405
16 29 27 7 249 421
50 66 26 7 604 675
68 40 27 5 424 569
9 60 12 5 585 728
8 73 25 4 497 732
84 97 20 2 396 456
55 50 19 1 400 593
86 84 20 6 392 506
5 0 22 4 301 492
6 58 5 7 391 465
12 76 10 3 499 614
84 29 11 3 261 534
99 93 12 5 503 598
41 53 29 7 311 552
81 13 28 7 622 780
35 63 10 6 244 457
60 22 21 4 471 727
48 55 6 5 701 789
72 55 24 4 631 773
84 74 25 2 508 593
1 22 21 1 368 572
37 53 17 5 380 590
53 12 20 5 593 704
8 69 15 6 510 671
3 85 7 5 396 487
80 97 13 4 253 461
43 97 5 3 440 656
84 57 18 7 600 710
92 3 26 7 643 770
93 84 22 6 261 324
10 94 25 6 326 428
62 36 9 5 222 468
47 89 21 3 270 440
16 59 7 6 238 405
36 20 6 4 508 687
86 19 5 2 205 373
6 45 12 6 560 782
44 41 26 4 670 757
61 60 19 4 451 709
22 45 14 7 547 639
93 7 25 5 461 665
18 37 27 5 424 557
92 34 18 4 431 520
95 71 5 7 297 388
38 22 15 2 548 623
84 77 30 3 389 452
58 55 6 6 399 575
9 84 26 2 365 654
48 32 9 5 270 499
26 93 22 1 466 548
86 89 10 1 447 640
90 58 11 6 536 686
67 69 14 5 317 396
53 94 12 5 202 395
43 31 5 4 380 528
92 10 14 7 628 730
12 24 27 2 575 690
100 17 23 6 472 534
43 27 30 3 460 720
29 39 24 5 543 765
32 31 13 1 432 641
4 50 23 4 562 782
15 46 9 1 446 722
15 100 24 2 460 611
65 30 30 4 330 475
15 82 18 2 507 598
35 10 25 2 659 794
17 61 22 4 202 370
26 4 5 1 398 645
65 44 17 2 549 637
94 8 19 6 207 270
30 75 16 3 325 389
5 69 7 6 387 495
77 98 23 4 276 412
60 93 29 7 260 554
29 85 12 5 369 627
66 5 23 6 406 528
32 49 14 4 464 556
16 16 24 6 392 547
23 20 13 5 231 343
85 9 20 3 614 696
14 73 28 4 490 562
75 80 22 4 265 435
61 99 30 3 534 649
62 4 17 2 373 673
8 51 13 4 336 617
71 100 19 6 204 320
79 53 14 2 450 727
55 14 8 4 533 675
11 12 13 4 467 639
49 94 30 7 434 634
42 18 18 4 566 640
54 82 6 1 283 474
61 33 6 5 275 428
73 16 20 7 336 592
56 46 11 1 209 284
10 69 17 6 410 629
99 13 23 2 216 400
15 9 28 2 261 397
94 58 7 4 339 552
10 23 14 6 507 621
96 33 12 4 369 613
25 10 24 6 313 420
47 65 30 6 597 758
76 2 23 3 540 782
44 99 28 5 691 781
39 54 17 2 337 562
42 84 25 7 248 399
26 1 27 4 296 398
73 60 28 5 417 706
7 88 12 2 664 777
66 100 24 3 342 589
38 11 22 1 480 603
66 70 23 2 474 683
62 22 6 1 368 648
30 92 20 3 573 692
56 55 21 2 250 462
31 14 21 2 376 473
6 41 15 7 505 654
58 10 19 4 205 402
24 100 12 5 466 613
12 98 16 6 515 631
7 64 8 4 235 375
42 78 17 5 399 606
9 94 12 3 563 681
5 47 29 3 500 784
33 82 10 1 286 515
63 91 10 4 502 670
90 5 15 7 309 542
97 21 30 1 408 606
3 42 10 6 468 720
97 44 17 6 562 713
47 84 5 1 614 792
15 55 12 3 213 361
74 69 5 6 219 368
21 66 10 1 539 692
88 100 9 5 245 513
81 12 19 4 296 520
1 44 25 5 524 660
83 57 20 7 578 665
25 31 13 6 268 423
90 9 13 2 552 730
23 69 7 5 445 613
13 48 22 5 416 477
50 20 17 4 248 391
5 37 30 4 448 508
46 85 29 4 352 523
20 100 29 7 333 448
26 34 10 6 445 621
6 6 29 4 280 486
17 25 9 4 382 564
66 16 8 5 378 605
48 28 16 6 459 537
31 13 8 5 303 596
53 19 16 3 645 736
24 3 17 4 577 722
73 48 11 7 391 484
29 70 17 2 295 416
87 4 10 6 446 536
56 62 26 3 393 593
64 58 16 4 500 652
62 67 26 7 225 389
31 38 18 5 584 714
91 32 29 6 558 702
22 23 25 3 206 299
45 10 25 5 525 778
92 7 15 6 574 643
75 12 18 2 371 602
72 60 13 2 248 490
81 79 7 3 485 669
70 26 27 7 250 541
82 17 13 6 487 696
50 2 8 6 419 609
4 55 15 7 579 793
60 70 7 3 423 640
53 41 14 1 516 612
97 15 15 4 390 494
0 17 17 5 508 761
57 28 13 2 600 671
12 32 8 5 206 268
100 91 23 5 353 560
77 95 27 4 239 340
94 67 25 1 478 673
31 49 16 2 374 555
75 40 24 6 400 689
46 43 19 1 250 536
67 16 16 3 221 290
40 47 10 6 490 575
43 16 10 1 268 337
22 22 11 4 504 629
1 0 10 2 236 373
4 21 23 5 417 673
71 29 6 6 215 401
99 79 21 4 237 411
45 83 7 7 212 345
71 24 14 5 260 407
75 35 8 4 686 784
70 16 24 7 284 441
97 3 27 3 501 714
66 57 30 5 522 765
24 71 6 7 563 647
16 7 26 4 535 732
54 43 9 3 462 749
25 74 7 3 292 417
84 55 23 7 305 601
20 55 17 5 680 796
89 30 21 4 214 373
85 58 25 7 391 454
51 19 11 4 459 584
88 35 17 2 493 591
6 52 14 3 493 732
69 42 22 1 488 624
42 29 23 1 495 742
86 56 24 2 295 546
62 84 11 3 383 644
89 61 22 7 246 526
8 84 7 4 437 595
57 47 5 6 385 606
4 41 20 2 398 597
89 83 18 4 545 687
80 87 13 4 682 794
97 68 18 5 379 500
47 95 19 3 235 506
20 31 25 7 214 500
2 72 22 4 500 581
77 73 10 6 523 603
77 16 22 3 359 482
9 5 17 7 351 557
10 82 7 2 255 521
36 65 24 2 495 676
71 89 25 5 239 366
30 53 11 4 460 553
82 77 24 1 229 517
54 46 24 7 340 632
31 30 16 3 290 547
97 86 28 5 222 494
28 74 26 1 233 308
17 70 7 7 462 583
95 77 27 1 373 579
35 43 8 2 334 397
82 97 12 4 610 674
66 20 26 6 678 741
25 50 21 6 424 638
5 93 18 1 329 524
76 18 12 4 591 657
90 94 20 3 586 657
76 9 23 3 385 642
14 45 11 1 452 580
49 26 24 2 568 734
0 84 19 1 472 633
87 29 21 3 267 373
7 96 29 6 310 562
50 91 16 2 451 735
70 40 8 4 215 337
86 87 23 1 478 639
65 65 7 7 272 332
66 49 26 6 251 333
79 37 30 4 617 725
75 59 20 4 210 487
74 80 29 3 393 550
85 33 30 3 482 669
33 46 25 6 346 444
88 72 30 3 409 517
42 66 8 2 648 759
86 93 17 5 462 598
42 3 24 4 391 616
47 97 18 3 233 380
78 74 5 1 322 564
92 53 13 5 367 642
84 9 29 1 450 651
26 64 16 4 439 673
56 61 15 3 496 736
32 27 27 5 335 524
67 73 5 7 445 661
91 86 5 6 426 591
1 87 29 7 376 484
0 93 15 1 400 617
43 69 29 2 370 510
63 83 7 7 287 431
30 56 21 2 557 767
82 22 26 4 525 718
74 8 26 2 273 518
13 41 9 7 404 649
30 69 24 7 408 564
58 61 8 4 322 609
32 39 20 6 588 772
97 14 30 3 439 506
54 1 28 7 275 407
100 9 11 6 484 557
73 58 20 3 459 740
49 66 8 3 357 644
81 88 28 3 401 464
56 23 25 4 519 647
93 52 20 6 660 756
17 7 28 5 471 547
27 82 16 2 448 747
55 42 29 3 226 477
3 51 25 3 208 279
79 15 27 6 516 680
80 24 5 6 511 770
23 1 13 7 569 684
38 25 11 7 615 753
22 1 7 2 357 606
32 47 11 7 203 302
56 31 14 5 469 610
25 30 20 4 525 786
7 16 9 3 462 641
9 7 10 5 463 571
68 51 18 1 405 498
55 83 8 2 476 545
63 29 22 2 320 485
26 17 15 7 573 692
65 40 17 3 408 595
43 5 24 4 466 644
97 34 24 1 534 696
39 98 25 6 455 713
38 34 5 1 223 318
68 36 18 3 248 492
49 67 9 7 242 354
33 1 8 5 218 350
65 77 30 4 347 423
52 79 19 5 255 390
98 76 12 1 333 467
53 39 10 3 275 515
29 54 15 6 466 603
84 72 15 6 249 487
12 82 17 3 377 577
21 86 18 3 424 540
54 97 30 6 318 596
58 15 26 2 444 721
35 74 17 4 406 575
44 15 16 7 217 293
80 5 7 1 202 319
68 8 19 1 528 650
82 15 13 5 506 579
47 9 21 1 376 529
73 50 15 3 428 619
32 4 16 5 326 560
34 20 22 3 619 777
15 75 12 6 511 732
24 1 17 2 202 320
43 33 22 4 497 653
46 35 30 4 547 655
9 9 29 4 371 575
22 17 5 6 520 635
14 96 15 4 432 705
35 85 28 5 221 486
65 32 19 5 516 765
43 91 16 7 339 501
39 30 11 3 414 684
27 89 20 1 510 686
22 6 13 5 475 686
89 24 9 1 355 416
9 89 22 1 645 740
44 73 5 3 476 715
30 49 29 4 353 643
52 16 11 5 466 679
13 11 22 1 335 474
34 16 18 4 507 718
27 13 19 3 299 473
88 52 18 6 291 513
46 30 28 7 262 337
62 23 11 3 508 762
41 76 28 7 264 493
25 81 30 4 318 463
70 50 8 6 324 603
55 67 11 3 210 382
49 70 8 5 636 702
6 82 26 1 321 403
73 88 16 1 478 626
47 79 21 4 493 554
40 95 10 2 360 632
31 25 10 5 264 354
46 58 12 6 460 741
62 10 10 7 408 654
60 39 18 4 533 708
49 2 12 2 439 667
12 14 19 4 235 317
50 100 14 4 450 553
0 34 21 2 203 438
51 1 26 7 424 566
42 67 15 2 237 390
24 33 17 3 282 549
13 89 28 1 511 619
92 75 29 1 419 579
82 83 12 1 503 741
53 7 26 7 627 717
43 54 9 3 483 557
0 69 26 7 300 532
39 91 27 4 495 707
2 67 20 7 366 609
84 19 11 7 350 534
49 33 5 2 229 406
25 29 23 1 525 754
61 95 24 6 368 554
16 72 18 5 279 562
61 89 21 4 223 305
18 2 6 6 407 705
62 70 15 1 478 607
89 23 17 2 440 530
82 61 7 4 365 522
24 56 12 6 413 613
17 27 21 3 306 592
85 2 5 7 225 389
77 82 28 6 460 574
60 86 18 7 257 442
19 38 16 4 227 449
65 28 7 2 524 601
75 37 26 6 481 729
97 46 10 4 372 562
69 6 7 5 344 621
10 65 5 1 481 732
78 71 17 7 293 418
49 11 16 7 385 452
42 57 18 7 292 447
72 79 5 3 235 534
89 31 24 7 392 678
62 35 18 7 205 472
49 39 22 7 354 570
67 11 29 6 204 421
36 69 21 2 349 589
74 55 14 6 645 739
39 76 20 1 332 404
84 35 21 2 224 314
48 71 28 1 350 576
28 7 8 1 511 682
38 2 11 3 230 473
60 74 11 2 498 684
33 6 30 4 565 722
58 27 29 6 336 526
6 63 11 4 527 787
44 55 13 2 270 517
21 39 11 3 390 652
64 64 29 2 399 546
41 10 27 2 485 776
85 79 13 6 643 796
100 99 16 2 578 732
48 50 16 6 506 638
94 88 15 6 621 736
90 85 25 6 208 362
60 12 18 7 393 656
5 58 16 2 500 739
62 96 24 5 237 323
53 52 13 4 419 717
46 70 27 6 327 400
50 23 11 4 299 448
23 17 11 5 558 658
57 99 15 6 481 568
92 21 15 2 667 777
4 64 21 5 375 458
16 22 28 7 212 313
13 57 30 1 511 601
7 49 23 6 683 776
51 69 30 6 522 779
57 18 26 2 478 605
38 27 22 7 551 787
25 1 17 2 289 464
85 77 30 2 358 452
93 27 6 5 243 470
89 78 30 3 301 559
10 59 25 6 403 594
83 22 12 3 449 708
44 4 28 1 333 410
29 56 25 1 404 677
94 6 17 6 329 541
87 42 9 2 480 625
94 89 15 1 238 467
32 12 26 1 387 507
83 33 18 2 564 799
3 79 22 2 472 611
5 82 9 6 272 570
14 33 19 1 557 736
0 98 12 2 403 624
60 92 13 5 637 744
68 37 29 4 319 498
68 68 20 2 566 734
19 68 17 7 258 327
36 75 27 2 263 364
8 62 17 3 425 719
96 55 9 4 392 625
55 54 17 7 341 611
58 77 11 2 441 511
85 32 25 5 461 620
47 96 28 7 621 712
84 95 23 4 439 702
75 79 5 4 607 752
89 21 27 6 475 745
33 30 19 6 426 617
12 15 19 3 479 750
80 33 27 7 542 670
12 95 20 7 652 727
20 30 7 6 209 502
91 27 27 1 239 470
77 15 22 4 333 464
58 71 30 3 369 584
97 30 27 2 578 663
26 98 19 7 475 718
95 27 25 4 425 690
3 96 21 4 322 450
43 82 21 7 568 632
11 67 10 5 417 667
99 69 26 7 318 380
69 39 14 5 219 436
14 27 27 6 364 565
66 13 17 1 365 579
14 12 5 1 378 447
55 77 5 5 281 508
34 83 27 7 275 433
54 49 17 7 272 378
99 28 27 6 680 749
32 15 16 5 397 681
8 52 17 5 266 544
42 40 24 1 616 728
8 36 13 3 347 434
72 69 8 4 501 633
2 22 19 4 394 646
62 42 17 5 333 609
77 52 7 6 437 637
11 28 22 3 432 681
38 41 13 7 247 451
3 3 14 3 541 647
28 89 12 6 431 645
44 76 8 1 498 604
87 67 19 5 617 726
43 84 22 4 572 690
27 73 24 1 504 682
12 85 25 3 376 560
92 48 5 4 346 487
58 39 19 1 521 692
65 22 30 6 470 572
44 79 29 7 315 611
66 81 7 5 554 690
32 28 10 2 538 714
66 79 6 5 276 497
6 22 5 7 644 713
26 44 16 4 211 367
62 76 21 5 246 430
37 23 15 7 487 695
15 33 30 1 259 366
28 16 17 5 454 519
6 73 9 3 358 466
