901
18 99 0 0 0 0
22 94 14 3 212 500
73 16 29 7 402 541
57 47 10 2 363 589
70 27 14 6 312 494
12 79 6 3 344 530
40 1 13 6 461 635
57 18 13 7 387 608
64 86 7 6 221 426
3 19 28 6 282 421
56 61 20 4 481 654
85 28 5 5 318 577
40 63 29 5 520 702
42 6 20 1 571 686
98 39 9 6 454 546
57 71 23 6 631 785
49 69 29 6 403 502
19 14 16 1 539 691
57 61 29 3 585 704
51 11 25 7 285 387
61 64 21 6 214 350
99 60 27 5 390 665
5 76 12 2 407 542
68 85 10 3 517 626
6 99 11 6 216 423
52 27 22 7 422 599
65 75 26 5 217 367
46 100 8 3 578 694
59 45 6 4 521 636
53 78 10 6 424 586
61 83 26 7 482 578
86 57 18 7 596 700
42 81 13 2 692 753
63 69 28 7 599 774
16 98 22 3 532 659
0 20 26 1 267 538
89 24 16 7 529 596
10 88 14 2 472 532
89 75 11 3 386 556
16 15 12 6 232 470
85 7 29 5 430 663
86 31 16 3 411 630
63 88 12 4 375 464
94 56 22 5 333 472
19 1 9 2 369 446
11 0 22 1 254 539
57 64 11 7 563 696
72 51 11 2 664 800
41 18 6 3 602 693
3 45 16 5 305 599
15 63 10 6 459 567
10 83 28 2 496 577
19 37 5 1 257 533
51 93 24 6 261 555
89 32 22 1 267 428
26 18 17 4 265 398
63 9 13 7 220 438
33 47 8 6 447 621
42 92 23 6 252 521
74 96 23 1 234 525
24 32 9 6 524 773
85 62 21 6 319 499
19 72 19 6 621 686
50 0 17 6 427 603
52 10 7 4 439 603
36 13 10 6 532 739
30 64 20 2 531 728
58 4 19 3 612 691
57 26 6 3 596 658
54 87 25 4 403 663
16 97 29 7 299 544
16 47 8 7 438 698
23 2 13 1 599 690
25 25 13 5 358 641
80 90 7 6 519 743
9 59 23 1 350 628
40 47 17 7 506 676
94 46 24 7 367 667
14 64 8 7 368 583
31 11 17 3 496 710
42 2 11 5 637 789
50 79 21 7 230 459
12 46 18 2 245 523
94 63 26 5 201 459
100 99 15 7 498 565
54 9 17 3 378 463
8 17 22 3 541 668
0 39 5 4 362 503
92 41 12 5 322 502
26 97 21 7 656 777
43 16 20 4 364 483
36 52 16 4 588 766
84 54 15 6 224 421
11 61 23 3 250 417
83 88 5 3 386 596
56 20 25 1 597 769
82 97 17 6 427 516
98 6 26 2 374 596
70 75 9 3 252 532
43 0 25 6 396 673
47 26 29 2 310 497
40 100 20 6 456 698
71 85 5 5 435 702
26 89 10 7 508 596
5 18 20 4 496 569
48 48 21 2 460 747
80 18 8 4 538 769
95 74 7 6 246 444
93 88 30 7 254 431
90 2 21 2 220 356
10 55 9 6 219 469
62 73 19 2 465 753
48 36 30 6 541 634
94 25 24 3 316 501
82 29 18 3 203 352
59 77 28 5 327 550
91 66 20 4 460 585
41 86 20 4 422 655
40 60 8 7 617 799
20 12 13 4 328 588
84 76 10 1 285 532
46 38 8 6 505 616
38 61 27 6 399 683
97 53 15 1 483 636
16 8 6 1 531 725
95 85 12 1 569 721
56 41 29 4 514 788
48 69 6 3 228 352
35 18 10 5 298 438
39 55 21 7 499 648
45 61 19 1 577 793
97 55 27 3 406 550
17 78 11 7 296 418
9 77 29 2 510 629
64 60 5 7 213 321
14 47 16 6 289 362
89 71 18 2 278 460
87 88 14 7 332 568
8 48 11 5 551 639
45 77 27 3 549 671
87 2 16 5 396 597
11 91 16 7 489 606
56 37 11 3 577 725
93 13 11 4 555 626
94 21 13 6 249 529
80 73 22 3 432 664
68 71 8 4 603 757
31 82 30 5 488 783
24 54 29 1 646 768
20 7 29 3 710 788
93 99 12 5 497 729
53 19 30 7 342 610
26 69 30 3 465 650
4 65 9 3 449 736
20 87 12 4 429 648
70 6 10 2 484 696
80 17 21 5 433 620
76 23 9 2 253 325
0 13 8 6 613 768
11 38 20 5 568 737
27 79 27 1 214 402
27 14 16 5 498 653
39 5 30 3 244 493
81 17 20 7 374 496
15 14 23 6 263 392
68 96 6 6 537 692
1 24 24 1 596 692
77 41 15 5 474 772
35 87 16 2 493 688
78 34 30 2 622 745
4 41 22 6 228 349
2 14 25 3 460 650
48 15 26 4 319 427
69 14 28 2 201 347
60 62 25 3 210 460
77 67 26 1 451 533
63 19 17 3 519 702
63 65 25 4 360 434
84 23 29 7 312 603
49 39 14 3 301 375
37 2 14 1 366 434
77 18 23 1 572 666
69 54 24 4 418 599
25 64 24 7 495 561
39 24 9 3 588 670
83 57 27 5 604 768
85 39 22 4 507 781
11 24 6 3 458 676
48 63 15 6 342 412
60 26 17 5 501 691
66 79 8 4 417 714
40 67 14 6 288 588
53 6 15 7 388 568
32 39 6 5 211 421
39 3 20 5 343 452
47 72 23 4 502 608
25 58 26 6 526 718
15 52 24 3 389 517
37 69 24 7 467 663
19 69 24 6 440 546
1 34 8 2 563 712
94 89 13 1 614 777
69 53 9 1 515 743
94 38 8 4 462 555
29 58 17 3 365 560
74 19 28 3 482 612
90 94 8 7 575 797
45 62 14 2 505 675
25 37 5 1 590 710
14 33 26 2 628 738
17 45 9 1 587 657
58 90 30 5 225 320
4 97 15 2 372 471
4 93 14 3 214 472
69 10 30 4 568 691
88 87 28 5 573 687
88 67 19 2 445 632
45 31 11 1 356 496
67 65 19 2 264 390
20 95 6 6 406 619
26 80 23 2 632 744
60 89 24 1 283 559
31 1 7 5 273 566
64 45 15 1 316 541
85 95 16 6 302 423
98 43 24 5 550 735
45 84 9 7 432 588
63 22 16 5 462 736
64 99 19 7 552 696
35 48 21 1 203 486
5 88 5 7 305 570
89 93 7 5 497 759
48 51 17 4 203 350
67 21 6 4 460 741
93 12 10 6 535 623
17 34 20 4 379 495
8 50 25 2 432 527
44 86 21 4 374 633
23 48 7 4 416 485
7 48 22 3 362 584
73 58 30 7 531 636
60 93 29 4 306 399
3 37 30 1 532 709
97 70 8 4 493 565
95 67 30 3 487 753
64 22 28 6 372 539
33 13 28 6 531 797
88 49 25 6 502 663
41 16 22 4 342 416
45 80 10 5 456 526
56 80 22 5 729 799
74 21 12 4 299 549
91 78 10 1 364 619
68 46 19 3 488 720
20 44 10 3 518 731
52 88 24 6 512 702
73 55 23 4 668 747
14 75 29 3 302 562
44 28 27 7 560 789
66 7 5 2 387 452
31 69 28 3 292 458
17 0 10 7 394 665
76 42 6 6 544 764
7 57 22 7 593 778
84 51 10 3 472 751
65 2 27 3 268 380
90 87 14 4 306 598
57 1 5 4 317 587
15 43 11 4 258 522
26 70 14 6 534 749
71 84 18 4 596 690
65 57 25 5 393 539
16 1 17 3 318 468
87 1 30 1 217 398
66 25 24 2 526 735
90 86 5 4 335 516
88 35 12 2 370 488
99 83 16 1 506 682
45 30 21 6 358 567
73 92 20 2 543 771
93 77 16 5 307 456
46 44 17 4 431 519
7 78 16 5 408 580
89 76 15 7 224 477
55 13 13 5 319 513
19 9 15 6 521 612
79 11 16 2 596 695
67 25 9 4 542 713
12 11 5 3 535 713
3 65 18 6 621 758
35 3 10 1 419 591
23 65 23 6 485 644
29 46 27 2 315 538
61 14 9 7 446 575
68 58 14 7 346 554
0 38 22 3 666 773
31 80 20 2 417 517
20 17 7 2 202 483
23 15 9 6 340 545
9 40 8 2 582 729
99 39 23 4 423 665
92 54 27 7 367 627
14 32 26 1 222 391
17 64 30 5 352 429
50 5 15 3 487 589
63 36 24 4 204 485
68 30 13 6 561 684
34 12 27 3 233 412
67 59 28 2 668 731
19 0 15 1 283 378
43 54 9 4 450 619
50 81 13 7 418 524
5 25 10 7 224 373
91 72 15 3 592 760
25 11 10 1 438 531
18 2 8 6 561 776
76 90 20 7 238 451
10 65 19 1 378 647
43 36 6 7 542 767
73 38 6 6 608 790
80 89 5 1 681 742
52 95 16 1 629 741
42 30 10 1 592 716
8 34 8 6 274 354
68 1 10 5 459 536
79 25 8 1 514 664
39 98 16 2 640 724
88 63 12 7 243 509
14 48 24 6 396 608
33 16 13 7 381 482
74 94 10 5 440 502
35 91 16 5 419 633
88 70 14 2 355 490
38 66 17 6 214 277
11 82 21 1 341 629
15 54 30 6 442 614
57 13 19 5 424 702
77 28 5 5 207 367
64 5 23 5 203 298
5 75 8 1 253 481
15 2 11 6 510 607
86 75 25 3 267 465
70 4 16 7 353 488
14 53 9 6 523 667
82 18 5 6 381 633
71 83 28 4 440 579
47 68 11 4 571 655
41 23 26 6 237 483
53 89 10 2 290 586
73 48 7 1 428 717
36 81 17 1 320 448
11 44 8 6 213 314
28 27 25 4 502 609
72 97 14 2 212 300
87 20 15 6 449 687
53 67 21 3 330 429
33 52 25 1 276 549
98 77 10 7 271 563
95 88 18 3 454 626
28 46 24 4 542 759
77 21 21 5 524 674
7 25 7 6 442 504
38 27 18 1 419 535
32 20 10 4 467 555
62 54 9 2 241 383
77 61 24 4 453 538
61 42 24 2 568 708
12 1 12 4 730 797
7 43 16 5 496 660
13 82 7 1 318 424
66 41 13 1 516 747
44 14 27 4 590 700
61 100 25 2 264 418
12 30 8 7 597 658
55 87 20 4 236 366
95 21 5 5 253 403
97 99 22 5 445 710
86 64 23 5 211 374
17 61 25 2 328 622
91 40 26 7 399 485
12 81 21 4 434 710
20 75 15 5 512 736
16 56 30 3 474 643
39 76 28 3 702 771
73 85 6 5 644 784
57 88 29 6 219 354
86 25 21 4 589 754
69 31 24 5 631 778
13 98 19 2 215 291
97 68 16 1 648 800
17 81 16 6 292 457
90 82 9 6 303 441
38 49 16 2 297 392
10 3 18 6 230 389
33 67 29 5 495 650
27 62 20 5 421 522
9 29 19 2 363 543
35 35 20 4 534 739
94 60 18 3 316 577
25 51 23 1 229 512
62 76 30 5 331 452
66 13 27 5 446 667
68 47 30 4 420 513
84 96 6 3 257 517
20 73 26 6 276 502
5 21 8 3 639 727
46 53 25 4 345 599
24 1 8 6 664 783
11 22 15 5 656 798
54 49 16 4 438 615
9 48 18 4 571 720
39 79 7 3 256 346
16 35 12 3 506 644
21 17 22 3 235 511
23 63 27 4 462 669
38 64 21 1 397 605
20 8 7 2 331 446
88 47 23 2 264 543
74 54 9 3 385 491
18 32 20 1 626 708
53 1 11 4 488 725
47 79 20 5 537 598
62 84 17 1 288 382
64 59 29 4 600 787
97 69 16 4 597 687
51 65 10 5 660 752
21 100 29 6 578 790
74 28 11 3 694 784
6 10 17 5 701 769
1 6 8 4 298 472
12 75 30 7 519 588
4 38 7 5 636 784
100 91 18 4 416 581
59 55 22 4 279 486
92 63 17 4 477 590
99 14 12 1 546 629
70 97 12 3 463 680
68 88 13 4 561 644
20 4 23 7 345 551
58 31 11 7 514 720
17 27 9 2 327 464
13 32 29 6 493 668
54 82 25 7 271 360
66 48 15 7 593 708
82 50 23 5 620 700
90 69 8 6 628 695
46 13 19 3 207 488
86 58 9 2 216 370
86 62 25 1 580 788
59 92 7 1 465 762
83 94 21 2 211 331
1 37 27 6 651 796
89 91 7 4 246 413
39 70 28 7 439 723
49 53 17 6 702 775
62 99 19 1 358 460
89 95 20 6 312 427
40 21 16 5 350 501
75 90 30 7 550 777
37 75 20 2 208 317
90 54 20 5 610 759
76 3 22 4 565 790
96 85 19 4 683 783
24 96 10 7 526 699
79 69 23 3 336 555
15 81 25 2 526 745
40 58 5 3 524 612
48 39 7 5 223 503
4 71 25 2 215 338
51 85 7 2 337 606
81 77 10 6 250 523
4 29 8 6 235 415
48 49 29 5 399 506
64 40 21 2 329 534
13 84 5 6 581 686
6 86 18 6 445 589
30 58 9 2 412 621
63 70 26 7 595 747
55 2 19 4 693 766
0 58 29 6 279 384
95 72 18 7 468 571
87 0 21 4 448 510
53 58 24 5 513 578
67 47 24 7 588 735
26 3 27 4 616 793
91 97 16 6 561 642
40 6 23 6 407 621
64 24 24 2 424 495
56 16 29 1 219 508
66 2 14 7 501 648
75 10 19 6 289 489
18 34 29 2 646 751
16 4 7 6 381 480
65 14 25 2 394 480
74 33 6 3 467 746
32 98 11 6 560 707
65 5 25 1 429 517
82 24 12 3 345 582
94 47 14 3 279 577
45 71 12 4 503 753
7 2 17 1 216 416
20 80 20 3 440 665
13 33 19 5 244 313
50 40 29 7 258 442
62 66 9 2 540 751
0 77 30 3 620 763
100 34 28 1 295 388
44 43 16 7 238 307
46 15 19 1 235 368
67 99 22 7 272 492
64 92 27 1 320 560
100 49 8 5 561 774
49 98 29 7 413 575
61 72 29 6 440 616
4 34 30 2 400 631
83 97 22 7 476 691
72 3 15 5 248 517
8 41 25 3 611 769
30 45 30 6 278 519
27 54 13 3 526 775
23 71 8 2 700 798
73 21 10 6 682 761
76 52 15 1 641 709
71 52 6 7 286 383
60 16 7 7 666 726
90 85 23 4 365 465
91 24 22 3 271 498
28 67 21 3 320 499
36 69 14 3 589 658
49 66 8 7 256 380
0 76 14 4 467 715
36 92 25 3 410 471
80 34 15 4 344 531
34 67 11 1 237 350
49 89 18 4 611 703
62 55 12 6 471 556
44 99 19 7 444 592
46 14 14 4 382 537
79 52 11 5 277 391
10 17 27 2 290 439
30 96 7 4 463 647
14 60 14 3 379 671
73 74 25 2 461 707
20 78 25 2 323 405
96 42 18 6 524 724
44 77 14 7 541 746
81 97 15 5 254 379
52 31 14 4 399 609
63 95 20 7 352 602
18 40 25 2 301 564
51 40 24 4 470 660
16 73 14 2 612 785
86 91 28 6 606 689
10 100 20 7 520 680
87 51 15 1 383 664
29 69 30 3 239 395
4 39 23 5 405 696
91 96 14 3 249 340
40 93 29 7 370 441
48 29 7 2 492 599
52 46 12 1 370 509
59 59 16 2 396 489
4 59 14 6 304 371
10 56 9 6 475 626
39 96 6 4 226 297
16 36 16 2 239 534
64 3 18 1 497 763
42 40 10 1 678 769
92 11 9 6 418 635
41 34 5 2 219 445
15 70 17 1 301 534
81 63 18 3 470 693
10 32 12 2 472 711
83 84 27 1 232 441
25 94 8 1 511 800
0 16 27 7 593 782
45 95 29 7 587 719
58 56 11 2 212 353
57 85 10 5 664 732
43 82 23 4 447 623
28 94 27 1 347 625
95 29 21 6 512 734
1 55 13 7 675 799
75 45 6 1 239 465
1 29 26 2 391 512
26 49 20 5 262 559
12 67 8 4 209 282
20 74 17 7 362 580
33 29 28 4 204 467
39 54 18 7 280 427
61 39 29 2 475 676
18 27 7 4 259 325
78 94 12 6 512 794
36 43 10 5 284 570
34 20 5 2 221 494
78 48 12 5 387 589
35 27 23 1 287 456
100 59 28 6 532 757
35 93 9 1 321 522
0 56 7 1 600 749
88 85 8 5 229 414
28 80 21 7 633 694
51 55 14 3 503 626
19 83 18 7 721 800
71 31 26 5 221 328
41 93 25 1 499 607
61 77 25 5 294 418
41 75 6 2 243 427
38 35 26 3 264 539
35 11 22 5 345 571
46 8 20 7 244 319
9 13 22 2 254 520
47 99 12 6 626 715
78 27 29 1 470 767
9 79 30 4 268 424
8 86 29 5 365 498
47 1 24 7 311 534
37 83 11 3 262 546
91 48 26 1 310 424
44 9 20 4 291 516
49 73 27 5 458 529
16 76 18 2 434 676
63 21 28 7 569 647
88 51 15 2 610 682
69 34 9 6 373 435
91 41 5 1 384 647
72 52 16 2 453 669
78 97 30 1 392 643
73 43 14 6 626 776
81 44 23 2 355 640
62 65 22 4 507 675
43 87 28 3 544 730
52 53 15 1 371 621
64 47 20 6 267 451
37 21 10 3 218 451
9 17 25 2 608 763
69 89 26 6 494 644
85 93 8 6 451 725
20 63 7 5 521 746
43 99 11 4 612 684
92 16 8 6 557 710
23 68 30 4 334 538
100 32 13 7 495 757
96 49 9 7 619 725
34 83 21 4 384 482
34 77 17 3 444 657
29 39 8 2 310 379
49 12 12 2 281 441
66 56 25 6 227 436
49 99 12 1 441 686
36 96 12 4 266 484
33 90 17 1 426 505
75 20 23 3 409 536
27 99 12 2 675 748
21 99 29 7 402 519
2 45 9 7 274 336
36 25 28 4 332 572
21 50 5 7 511 644
18 24 16 7 689 763
28 98 19 6 618 689
74 95 26 1 436 496
31 74 10 1 461 713
85 42 10 5 490 666
96 31 26 1 210 478
43 92 22 3 582 772
65 29 8 5 326 469
71 71 22 6 568 796
52 63 13 5 588 671
70 50 23 1 303 490
78 66 5 6 287 521
67 79 25 1 223 479
44 11 14 1 593 765
31 97 23 4 375 645
10 84 12 1 326 577
71 24 6 1 471 675
25 44 23 7 434 712
66 50 28 6 621 752
28 52 6 7 347 494
6 63 10 3 231 401
21 16 15 5 270 490
20 36 28 5 415 697
14 15 16 2 598 795
82 66 8 3 393 495
48 45 13 3 525 721
10 35 12 6 229 483
69 88 20 2 335 604
80 52 17 6 406 654
56 30 13 4 321 455
33 87 27 4 374 446
59 17 17 2 304 409
4 44 14 7 505 711
96 52 19 3 367 653
68 81 12 5 201 466
72 82 19 5 481 749
68 48 27 1 370 562
13 61 27 6 524 725
23 29 17 4 397 468
73 68 24 3 616 687
82 20 12 3 517 717
4 22 8 2 421 663
7 51 8 7 688 781
92 66 8 2 461 539
45 87 23 4 296 458
82 6 30 5 519 659
39 86 26 3 579 716
37 33 20 3 639 717
55 94 16 7 336 517
75 65 26 2 408 516
100 78 19 5 255 539
0 35 18 7 623 752
89 92 25 5 414 509
84 10 13 7 406 533
86 71 17 6 452 558
20 49 30 2 701 766
74 74 25 4 329 458
68 5 12 3 215 311
42 52 22 2 658 732
55 12 26 4 499 742
85 56 11 2 505 800
5 80 26 7 562 723
82 4 20 2 651 736
73 20 21 1 220 310
55 85 17 5 586 651
29 1 9 2 528 635
6 20 19 3 277 561
8 92 10 1 569 779
12 47 25 2 285 494
34 3 15 4 403 691
59 29 5 5 339 601
38 28 8 6 304 407
92 34 14 7 247 494
40 95 19 6 493 775
46 39 16 7 237 402
33 3 21 6 533 784
61 29 8 1 268 352
20 42 21 2 289 448
62 20 17 7 341 451
31 21 16 4 382 453
3 49 12 4 219 380
0 3 6 7 499 647
56 93 19 5 279 379
98 98 29 4 387 615
90 89 27 3 270 358
87 26 18 1 397 602
84 3 13 1 386 450
21 95 11 7 428 716
62 89 7 1 351 461
97 54 21 5 261 492
90 6 13 6 566 733
14 45 5 4 586 663
82 2 18 4 313 548
55 64 28 1 298 366
70 7 12 4 702 785
61 36 20 5 514 761
37 67 18 3 352 412
59 78 29 6 241 307
56 40 15 7 339 549
86 67 11 2 225 486
23 69 12 4 381 625
59 3 5 1 284 567
75 51 24 2 294 364
64 81 26 1 541 683
52 61 18 7 238 404
36 23 28 6 228 306
66 57 30 5 502 646
44 17 10 1 342 625
77 100 10 5 446 576
30 26 11 1 533 727
76 18 5 1 583 688
2 50 16 3 437 656
40 18 14 2 417 698
31 52 5 5 557 783
27 52 12 6 262 544
57 50 17 4 245 350
23 93 10 4 518 602
35 36 10 2 293 401
24 53 20 3 474 752
99 41 29 1 302 539
37 62 15 6 365 588
34 66 18 4 313 550
77 25 21 3 498 609
44 71 16 5 456 530
11 17 28 1 266 465
54 55 12 5 257 390
53 47 30 5 462 618
94 57 30 2 207 373
24 62 7 3 378 578
79 19 15 7 476 715
46 12 27 5 396 578
42 9 30 1 537 626
35 56 25 1 262 326
89 81 17 5 360 557
43 84 21 2 301 481
1 47 19 6 494 684
54 78 20 6 389 493
81 32 20 6 406 664
33 88 27 1 697 784
23 58 13 6 505 740
18 45 20 6 621 796
82 69 22 4 512 730
89 90 15 2 461 531
39 77 12 1 617 714
21 97 28 1 543 725
49 48 25 5 332 446
32 34 17 3 412 581
75 21 27 4 633 725
64 19 8 1 322 604
39 46 13 6 584 712
44 97 27 2 680 762
1 59 30 7 537 686
53 7 5 5 499 622
93 46 19 7 545 782
59 93 11 3 489 780
2 53 25 4 571 776
22 11 19 6 433 607
4 12 15 2 402 471
16 88 6 6 649 753
60 23 7 3 373 441
89 40 20 1 316 537
62 74 10 5 409 509
10 77 18 6 300 571
54 7 18 7 275 501
12 8 28 1 344 451
81 10 17 6 475 558
58 11 29 3 295 579
21 49 12 6 242 509
30 50 15 4 383 574
67 77 28 7 575 649
68 34 10 3 469 750
8 100 15 7 364 605
20 18 5 7 684 763
47 0 12 3 209 389
36 86 15 1 452 715
2 36 16 3 348 584
94 98 18 5 499 694
56 87 6 6 476 701
14 70 28 1 480 657
30 75 22 3 235 431
59 81 26 5 522 677
38 70 20 1 269 426
37 5 11 6 413 627
68 82 28 2 252 497
46 42 26 5 543 800
46 32 26 4 584 757
45 54 25 6 670 731
93 97 11 2 243 438
50 87 28 4 441 587
44 7 21 2 429 583
30 77 5 4 226 304
11 52 7 6 284 511
35 45 24 2 382 447
8 47 21 2 611 796
59 15 29 3 347 580
35 15 15 6 306 468
30 40 27 5 277 433
74 46 8 2 521 607
60 72 23 1 471 649
98 26 25 4 526 660
90 61 6 7 330 471
59 86 19 3 650 729
37 86 5 1 512 710
55 34 8 6 653 728
82 36 21 4 477 769
51 21 23 4 570 761
76 75 24 1 357 478
85 81 26 6 398 620
70 67 11 2 280 557
8 93 10 7 473 551
29 75 29 7 578 664
75 78 6 3 566 687
47 64 16 6 519 581
97 38 8 3 474 636
23 27 11 4 485 674
84 71 22 6 409 500
17 89 22 1 413 671
37 68 22 2 234 451
96 58 15 1 453 636
96 22 8 2 566 720
75 39 18 6 378 628
48 43 7 5 316 397
100 98 29 1 543 685
9 81 18 1 337 591
88 80 8 2 590 675
62 40 9 4 377 581
69 83 27 3 527 753
87 89 20 5 212 346
47 69 20 3 720 780
15 30 25 7 384 517
62 70 17 2 421 507
10 82 9 5 369 627
88 36 16 2 704 779
57 77 7 6 576 662
37 26 19 3 405 685
98 4 10 2 231 403
72 99 25 7 447 577
77 1 10 7 333 520
43 96 12 3 542 720
26 34 19 3 311 497
2 55 8 5 200 427
58 38 13 1 633 752
94 15 22 6 281 451
