867
7 31 0 0 0 0
96 45 30 3 221 483
82 43 15 2 369 446
0 54 17 2 426 605
76 14 13 3 637 733
13 98 24 1 232 488
87 79 10 3 567 687
89 34 16 4 223 313
9 62 16 7 318 582
64 75 27 3 500 693
15 19 14 2 220 520
99 64 13 2 554 795
21 94 25 2 600 708
27 15 15 7 620 736
78 47 8 3 301 513
82 47 7 2 561 777
37 39 6 5 650 734
59 68 22 4 244 377
68 22 8 3 418 711
100 20 7 3 344 427
52 49 11 7 315 508
78 75 23 1 269 374
81 21 22 3 425 721
94 86 24 6 398 643
43 4 17 1 482 683
40 44 24 1 214 504
49 0 25 3 475 744
83 97 7 4 543 659
64 88 7 5 259 505
31 93 9 5 513 665
20 45 8 7 522 649
96 42 15 4 246 331
12 61 12 2 343 531
87 91 28 4 381 474
2 55 18 6 624 791
36 7 11 7 529 716
58 13 30 7 451 609
98 31 15 5 255 320
91 97 19 6 436 703
5 28 21 7 509 762
29 19 18 4 390 502
21 38 7 1 517 641
18 66 20 2 374 483
98 32 20 3 322 491
17 100 11 5 333 467
8 89 25 1 275 376
77 44 21 6 633 751
7 70 7 3 284 482
27 75 20 2 208 349
91 5 16 2 635 773
67 17 27 3 456 697
16 99 5 6 602 742
73 65 17 3 309 537
95 2 9 2 256 442
32 14 13 5 201 415
92 25 20 1 454 716
33 1 11 3 341 453
42 72 17 7 484 629
29 34 5 5 291 436
45 48 16 4 210 309
60 86 22 4 283 470
99 5 13 3 416 592
26 57 7 6 499 701
2 20 20 5 236 519
44 72 24 5 286 402
38 80 5 4 397 583
100 11 6 4 616 689
13 73 6 6 465 547
3 54 12 3 238 390
58 9 16 3 227 424
39 85 20 6 294 592
61 66 15 2 346 460
95 49 8 7 383 676
5 84 14 3 347 577
92 90 15 7 535 614
28 99 23 3 673 737
13 51 8 5 361 633
45 88 21 5 236 331
27 82 24 3 503 632
26 2 28 1 354 539
13 32 29 3 327 498
60 6 15 5 472 707
47 52 20 7 329 392
29 73 14 6 642 703
24 22 21 2 592 667
81 56 13 5 259 451
48 97 8 5 526 629
12 69 19 3 201 321
60 57 22 4 686 747
92 53 30 7 201 488
70 47 15 7 219 382
26 15 12 5 218 349
65 40 7 3 428 571
78 95 15 3 213 280
25 32 13 4 510 682
30 25 26 1 378 548
67 50 28 5 520 751
55 99 10 1 507 656
8 58 22 4 477 721
79 87 10 7 450 688
13 6 24 1 268 332
20 38 18 2 309 409
50 72 11 3 326 410
4 57 9 7 487 726
6 68 5 4 265 503
25 61 11 2 465 621
70 33 21 2 233 433
76 57 26 4 275 470
1 71 29 1 370 541
58 40 11 5 239 478
13 22 16 6 630 795
76 31 29 7 243 498
38 17 10 7 225 472
87 26 9 3 503 697
25 94 9 4 223 475
23 56 15 4 424 643
21 83 8 6 622 684
2 10 27 6 478 759
12 45 7 5 313 545
28 100 20 2 466 529
16 42 13 2 341 557
79 60 10 7 398 506
83 39 7 1 692 783
11 23 9 4 229 458
95 89 23 3 433 630
13 48 28 4 463 665
17 16 23 2 680 760
78 66 17 7 411 577
30 100 20 7 305 574
52 79 29 2 326 572
57 0 18 6 476 622
73 99 7 7 604 667
77 42 28 7 211 477
32 71 14 6 387 472
36 30 15 7 394 584
15 96 30 5 302 515
91 65 22 1 232 434
54 68 7 2 484 657
35 68 6 6 403 617
97 30 10 5 444 615
41 47 24 7 583 720
33 56 14 6 318 445
77 82 9 1 479 689
33 91 7 2 353 478
20 19 14 3 209 280
0 88 7 3 260 471
26 53 27 4 519 744
10 51 13 7 340 512
70 63 27 3 703 793
69 60 9 2 408 641
22 30 30 2 268 474
14 65 20 3 250 442
64 16 11 6 688 769
21 27 17 1 531 604
19 30 16 4 494 579
98 51 28 1 494 688
88 9 14 7 652 724
91 17 26 2 398 463
34 91 21 6 569 675
52 85 6 1 652 719
56 3 16 2 342 446
82 55 19 6 342 500
79 4 9 1 240 389
19 65 14 3 322 520
14 42 26 7 246 375
84 55 14 6 504 778
70 17 22 3 250 430
7 95 14 7 212 423
89 61 8 1 499 756
41 68 6 5 309 453
81 63 25 5 331 547
44 58 29 7 487 640
64 49 17 5 423 526
48 89 9 6 304 494
84 14 15 4 352 576
7 46 9 5 236 356
0 19 28 2 356 417
17 11 15 2 333 466
26 5 25 2 236 445
99 44 5 7 359 650
94 40 12 1 470 736
61 14 24 5 291 512
13 60 15 3 621 728
15 41 15 7 532 716
55 80 21 7 217 494
58 100 20 3 484 704
28 38 7 5 231 339
100 37 7 3 306 454
17 92 22 6 232 360
93 4 9 3 339 523
77 45 12 3 513 688
61 94 28 7 205 285
4 100 9 7 356 547
37 72 10 7 503 665
100 67 15 5 380 672
20 36 25 4 415 611
6 90 23 1 555 635
43 61 5 4 292 484
32 56 17 1 568 686
33 84 22 7 564 672
79 42 7 7 365 481
43 6 24 7 460 578
56 40 11 6 547 612
11 95 19 6 383 454
89 63 14 3 384 604
53 32 11 5 373 472
54 70 27 5 274 444
78 87 25 5 316 466
5 35 22 7 665 792
36 64 13 7 488 549
63 82 17 7 435 654
50 18 16 4 411 636
83 2 22 3 326 550
72 4 8 1 428 712
54 55 7 6 222 337
41 90 8 5 500 603
19 47 28 1 207 447
60 3 29 4 363 479
2 83 10 2 328 428
87 67 10 1 461 623
86 20 23 7 484 729
100 26 13 2 254 377
14 75 5 5 262 402
20 73 15 6 270 533
26 60 7 3 393 646
34 80 8 3 309 455
43 93 25 4 222 348
54 84 25 7 582 773
59 24 15 6 329 616
17 41 30 2 326 490
9 80 15 3 703 794
26 98 22 2 615 795
50 57 29 3 566 701
61 4 22 6 494 700
46 62 27 3 344 496
43 43 5 6 580 676
85 82 14 4 356 565
80 91 21 7 466 634
79 86 10 1 563 641
13 20 11 4 628 690
15 94 25 2 473 623
61 96 8 4 374 546
13 19 19 1 577 785
98 2 29 5 499 695
75 47 6 5 233 423
33 32 17 5 355 471
63 7 15 7 221 307
52 63 27 1 412 535
49 29 29 6 662 743
9 43 24 6 394 547
94 3 24 6 270 503
30 87 11 6 460 533
70 74 20 5 349 418
40 7 26 4 435 583
57 91 5 7 323 580
37 52 21 1 523 788
12 18 13 5 611 774
39 79 10 7 359 482
73 23 26 2 320 384
51 14 5 2 239 320
89 12 28 3 458 610
53 76 22 7 266 544
10 60 25 3 606 686
60 87 24 3 354 641
51 12 6 7 561 671
57 75 27 7 207 411
37 62 9 4 463 746
3 21 21 3 211 351
67 8 20 6 470 712
37 99 11 2 342 428
61 100 14 6 219 316
64 2 13 4 207 493
50 17 8 3 356 605
2 62 9 7 496 677
9 44 24 7 311 372
78 54 7 5 624 709
30 37 5 1 526 689
50 42 15 4 330 570
46 35 7 2 516 587
48 3 11 6 410 681
18 90 17 4 382 607
22 57 12 3 320 403
98 74 28 3 458 685
4 16 21 3 306 397
30 17 8 1 209 423
63 68 13 1 371 503
38 22 12 1 639 751
40 68 10 5 544 798
94 72 5 5 607 676
23 75 28 2 334 586
21 60 19 6 594 691
75 87 30 5 335 515
31 21 6 4 593 799
95 14 23 6 244 542
39 52 28 7 490 670
97 42 17 2 387 460
77 87 21 7 312 509
12 49 25 6 212 435
2 76 10 1 595 722
83 46 7 3 269 375
98 48 8 7 225 409
42 78 26 7 433 705
13 38 9 2 496 658
60 36 30 1 423 498
95 61 10 2 448 724
38 11 14 1 315 398
63 20 12 3 532 778
24 97 10 5 664 793
62 55 22 1 584 796
76 82 16 5 358 522
18 5 21 7 406 492
43 23 6 2 474 569
85 25 10 3 506 753
35 51 14 4 372 561
17 89 12 2 427 633
92 28 10 5 262 341
19 40 17 7 206 444
71 89 19 7 594 731
10 45 20 4 289 430
11 31 16 6 433 662
57 66 29 3 593 741
29 71 7 6 548 717
0 17 13 4 396 548
10 79 17 6 296 420
46 84 30 5 619 732
68 64 21 2 351 595
98 64 17 3 269 383
25 62 28 2 468 675
78 97 25 4 588 726
39 68 22 2 487 659
14 62 28 1 448 544
34 56 14 6 389 531
24 50 25 7 389 472
79 2 15 4 414 610
77 79 23 5 597 722
43 28 27 3 524 626
49 3 19 2 299 591
62 32 12 4 481 580
23 51 15 1 294 503
22 19 23 4 214 305
6 59 27 4 383 464
27 0 13 3 205 504
78 19 11 7 235 295
45 44 23 7 316 512
72 81 11 5 487 660
55 52 16 4 287 503
76 37 30 1 404 528
55 5 10 3 386 523
45 60 20 7 555 713
63 58 9 6 547 673
83 8 13 7 371 459
71 30 14 4 344 436
42 10 13 6 542 674
41 46 14 5 395 631
77 100 17 3 536 774
12 29 5 7 557 625
12 77 21 6 632 784
10 100 23 5 397 472
62 19 28 6 551 709
99 56 10 3 437 705
84 8 17 3 431 638
48 29 19 3 234 461
25 80 29 2 549 633
97 70 21 5 621 782
14 21 25 7 242 354
8 97 22 3 278 574
34 38 26 3 352 547
11 82 26 3 263 554
88 21 10 7 309 585
7 16 30 7 356 448
8 32 12 2 534 765
40 78 8 7 305 590
27 65 7 5 240 329
63 22 10 7 373 467
51 57 15 7 270 456
9 47 12 2 607 780
68 16 24 7 271 550
50 33 17 3 370 454
71 11 7 1 528 794
21 47 11 5 311 609
44 79 14 7 455 722
93 31 12 1 211 417
9 9 22 5 238 322
81 18 6 5 569 787
47 13 16 4 291 591
28 40 27 6 473 764
97 34 26 6 416 535
5 11 21 2 264 345
94 47 8 2 533 758
80 33 20 7 601 770
2 75 23 7 331 516
59 69 16 3 633 757
81 7 22 3 407 532
20 13 7 5 321 507
10 30 20 7 204 316
73 83 22 5 429 721
36 93 8 1 389 489
23 31 24 2 386 642
94 69 10 2 511 702
49 51 25 3 229 412
19 64 5 7 483 551
2 42 28 4 448 701
79 23 27 7 410 687
9 26 9 3 654 774
35 45 7 7 463 656
75 30 6 1 308 479
3 71 23 6 475 559
54 72 19 2 204 340
58 15 23 4 531 745
98 38 20 1 456 745
36 57 8 1 510 761
0 52 25 5 317 447
28 7 19 5 244 523
53 68 9 3 445 745
15 14 12 4 480 629
58 62 22 1 424 687
7 78 17 6 329 438
92 58 20 6 416 486
17 40 13 2 296 541
1 12 18 2 528 634
59 53 12 6 328 583
62 95 29 5 421 522
55 44 7 5 468 655
73 58 27 6 230 445
7 58 22 4 310 401
74 61 25 6 506 646
98 14 17 6 483 723
98 62 21 3 363 609
50 71 17 7 666 727
19 69 28 3 534 765
87 29 17 2 518 757
89 2 24 1 235 419
67 80 7 3 581 671
70 41 8 4 287 364
77 63 25 1 565 639
60 71 27 2 467 639
79 11 14 6 645 711
17 59 18 2 444 641
33 54 15 3 417 500
23 15 12 4 659 798
59 43 27 2 574 745
67 39 19 7 448 524
60 72 6 7 544 610
38 33 6 5 491 642
71 28 13 3 343 440
91 49 25 5 296 569
47 20 30 5 598 666
29 59 14 1 205 404
74 10 16 5 559 775
53 40 10 5 241 452
6 1 11 1 413 559
96 35 28 5 507 605
97 24 9 6 520 682
16 83 11 5 249 329
79 97 21 4 401 661
35 4 18 5 365 629
14 90 20 1 294 501
34 2 5 5 407 502
64 19 29 2 501 769
29 92 20 7 219 295
73 5 24 6 692 778
91 67 23 7 247 361
99 72 25 4 516 787
71 78 6 5 506 725
77 99 21 2 310 575
36 13 23 3 207 458
85 50 25 3 510 646
52 14 9 6 514 587
10 70 11 1 415 665
87 10 13 2 561 700
85 29 5 7 569 653
3 88 28 3 328 558
29 40 15 5 335 633
89 43 11 3 399 550
84 94 30 5 344 408
59 21 26 3 554 777
7 93 6 7 435 549
71 36 6 7 559 726
21 31 18 2 359 497
25 35 7 3 275 393
20 66 21 6 225 342
10 0 30 7 237 360
22 52 7 4 352 525
80 51 30 5 423 539
39 67 13 6 508 773
13 8 12 5 290 437
68 52 22 7 413 562
5 86 8 2 278 360
52 90 14 2 410 688
93 38 26 3 350 571
74 0 19 3 658 777
68 70 9 5 302 507
51 71 20 6 676 762
60 52 10 5 259 490
25 53 22 4 517 605
16 55 29 1 428 489
7 6 16 3 394 598
27 18 29 1 210 409
8 25 18 3 369 452
87 30 11 3 281 530
5 80 7 2 275 499
8 61 13 4 544 688
46 67 16 2 406 519
27 28 15 1 270 333
98 53 25 1 581 653
84 61 18 4 533 665
96 53 30 6 219 350
12 67 21 4 478 622
22 90 23 7 319 561
63 32 9 7 438 557
3 68 28 2 239 378
71 7 5 3 420 561
46 47 15 6 338 482
73 7 21 5 389 598
98 25 28 7 457 646
38 75 7 1 609 691
58 20 25 4 285 434
81 81 26 7 420 497
72 77 9 6 436 543
85 85 15 7 489 647
21 48 21 6 564 782
25 50 12 6 341 530
68 89 11 5 514 689
18 46 22 1 607 709
83 99 10 7 579 700
51 5 16 6 273 336
37 12 6 7 456 647
72 32 10 5 387 498
90 18 29 5 517 779
18 68 17 7 351 441
83 69 20 5 239 373
34 72 14 2 355 476
23 39 20 5 610 722
6 87 25 4 222 301
87 16 8 3 437 522
53 5 5 3 351 620
59 58 29 4 234 396
39 73 23 1 564 628
90 26 23 2 261 482
15 64 27 6 225 516
52 17 8 1 349 604
13 93 25 4 237 375
9 21 8 5 438 508
13 84 28 4 390 610
34 96 15 7 375 675
81 54 24 3 307 566
88 27 26 7 301 465
98 82 27 5 290 448
95 15 20 7 394 648
57 54 18 1 478 625
15 85 9 3 494 627
31 50 27 3 206 469
54 95 26 7 228 467
49 21 17 1 396 687
76 98 16 1 236 428
56 47 13 3 485 664
3 85 12 7 394 636
9 98 5 5 491 712
12 12 23 2 279 379
92 41 27 1 314 412
92 95 11 3 303 399
4 64 19 3 240 484
27 96 14 3 381 445
68 20 29 6 249 423
22 32 12 4 621 699
22 53 8 5 413 640
48 65 8 7 476 661
24 17 12 5 692 771
36 52 6 3 577 639
93 92 27 5 486 701
62 22 21 3 325 465
79 54 19 6 684 768
42 2 13 6 230 343
46 50 15 7 205 348
42 71 28 7 329 391
68 63 15 6 475 614
70 79 14 4 471 569
92 48 27 6 340 407
41 23 25 5 208 285
28 31 27 6 488 769
48 4 25 3 286 497
41 21 9 3 456 704
73 45 17 3 545 651
52 34 13 7 645 709
92 78 16 6 457 650
51 18 5 4 443 638
93 0 22 2 208 489
57 71 19 7 558 736
32 48 20 6 415 582
25 19 19 4 375 537
23 45 22 3 273 380
19 42 6 3 587 753
53 59 25 6 395 461
91 70 5 2 281 397
75 77 29 2 233 397
66 83 7 1 386 511
0 66 11 7 274 559
34 70 18 1 326 394
55 53 26 6 337 439
43 1 29 6 566 735
87 55 10 2 535 751
93 43 30 1 499 618
14 10 9 6 493 710
52 57 12 6 293 358
33 47 24 4 445 590
59 46 5 2 302 369
71 72 5 5 200 274
91 7 15 1 395 661
19 80 27 5 379 472
92 23 29 5 499 776
95 4 20 4 390 512
68 76 21 3 324 439
20 70 13 2 257 364
17 98 8 1 266 362
77 96 20 2 210 350
64 31 12 3 379 593
88 93 15 4 408 620
42 35 29 2 417 587
12 99 27 1 292 439
38 18 29 5 408 469
48 36 21 5 470 713
36 8 6 1 509 646
84 96 18 3 550 655
18 78 12 7 556 640
31 51 28 7 502 738
8 53 17 4 344 557
33 26 8 6 439 625
62 56 10 2 502 762
21 18 23 6 395 585
93 35 24 6 255 435
76 56 24 1 489 753
50 39 16 4 540 699
81 50 8 1 292 544
5 31 16 6 383 462
60 10 25 4 218 496
96 62 29 7 598 741
27 55 16 5 352 465
47 75 20 5 540 611
69 12 23 2 424 508
10 38 12 3 603 740
87 54 29 5 615 775
42 31 28 7 315 504
36 16 14 3 539 614
5 1 27 3 369 637
21 98 20 5 204 457
23 32 27 1 214 374
45 57 15 1 208 467
50 20 26 3 309 497
69 15 26 2 632 776
26 25 22 4 381 540
1 68 14 6 503 749
75 59 30 6 224 465
1 7 21 4 262 542
82 57 24 6 468 734
16 23 23 3 481 644
31 22 18 1 269 560
70 53 22 1 365 551
84 6 15 3 345 556
89 6 27 5 462 715
25 45 24 2 250 406
83 34 25 5 374 467
10 36 24 2 476 646
28 49 17 4 299 503
100 1 9 3 482 706
41 57 11 2 233 438
15 89 26 3 242 372
35 48 23 7 319 591
34 66 7 3 452 675
18 75 25 4 481 585
44 66 8 3 270 423
64 22 18 4 300 543
72 30 17 4 429 589
5 50 11 5 472 645
79 77 11 1 222 498
56 79 26 1 604 759
93 69 12 2 589 691
29 33 16 7 417 625
32 86 12 4 520 653
38 88 11 7 224 405
29 99 22 3 264 520
41 22 8 7 527 699
5 40 6 7 234 353
74 87 13 1 238 409
86 61 30 3 441 559
52 82 22 1 394 570
84 100 7 5 434 724
64 84 14 5 333 518
17 10 30 4 355 564
2 94 9 6 578 712
96 66 6 6 538 786
62 80 5 3 304 366
81 29 10 6 228 356
17 62 14 6 451 721
84 85 25 6 433 648
63 97 30 7 261 482
35 97 16 7 309 526
100 0 29 6 290 377
18 23 21 6 224 355
95 1 16 5 638 737
43 57 8 1 397 630
23 40 20 6 372 436
34 32 8 3 545 758
13 91 20 6 417 565
41 41 12 2 225 493
42 28 27 2 302 503
40 31 26 3 353 548
39 24 21 7 628 782
74 27 23 2 623 702
83 68 7 4 264 557
45 41 28 7 484 769
19 33 26 2 254 528
96 80 22 3 544 608
80 28 26 3 327 582
31 94 10 2 605 725
62 24 5 2 530 759
28 15 5 2 479 585
32 13 10 7 647 714
45 30 27 1 442 574
24 27 20 5 531 606
80 73 19 7 437 623
49 20 29 4 694 788
87 78 17 5 381 510
79 14 6 1 321 519
41 37 19 7 583 662
2 15 9 4 599 761
85 54 23 1 486 685
75 80 26 5 375 478
72 9 17 5 208 412
56 41 23 3 369 542
1 39 18 1 464 535
3 38 26 6 450 512
61 12 15 4 207 339
98 58 6 6 316 505
85 34 10 4 479 578
60 51 21 3 552 789
97 4 28 3 609 754
67 74 14 5 332 504
46 86 30 2 614 783
86 86 13 1 506 730
100 29 23 7 385 617
28 88 6 3 499 796
87 96 13 1 234 296
74 26 24 7 254 501
96 77 19 4 305 398
63 95 20 3 226 468
51 45 10 3 635 702
18 52 27 6 436 718
5 47 29 6 207 274
31 28 19 4 528 614
21 30 6 7 235 386
83 4 29 5 221 435
7 64 18 1 490 599
41 44 10 6 426 509
10 98 27 7 598 790
89 1 21 5 292 550
68 26 8 1 212 448
5 32 24 1 586 743
37 68 18 7 512 608
49 39 15 5 481 601
79 51 7 5 535 761
47 95 21 5 707 795
97 33 6 6 200 482
7 73 29 4 292 525
50 48 18 6 494 682
87 86 21 3 510 700
51 33 21 6 524 634
7 40 24 2 591 793
57 39 28 2 497 628
43 41 26 3 558 781
29 61 30 6 226 457
17 80 14 5 432 556
1 29 9 3 490 645
76 80 20 4 357 490
46 13 27 3 256 445
38 60 17 5 464 717
44 27 12 5 372 511
43 25 8 6 690 797
82 11 5 7 507 594
39 37 18 3 231 294
75 50 7 3 324 455
51 59 6 1 488 558
29 16 8 1 455 667
36 99 15 6 603 772
95 50 9 6 200 407
44 84 22 3 419 573
25 40 19 6 448 558
22 55 16 1 489 604
74 45 14 3 482 695
9 81 20 6 589 780
68 13 12 4 415 481
8 82 18 7 438 647
7 12 18 4 235 397
16 44 23 6 273 517
83 21 8 7 467 594
76 70 17 7 429 489
14 98 17 6 545 628
77 12 22 4 369 622
88 28 23 1 637 775
69 55 9 5 325 447
3 45 14 4 397 553
67 86 24 4 638 796
72 26 26 2 404 574
43 14 29 1 200 297
38 34 13 3 321 620
33 33 18 5 554 624
51 91 14 6 417 554
22 84 29 3 225 493
100 5 28 3 345 424
100 24 24 5 451 532
30 34 18 1 485 570
18 24 25 2 401 683
100 7 29 6 543 654
77 56 8 5 208 508
8 26 23 3 297 438
100 43 21 5 518 792
47 64 29 4 280 429
84 73 10 2 422 612
9 75 21 4 255 348
84 36 22 6 417 571
80 66 28 5 242 476
85 32 22 3 364 427
14 73 28 2 558 732
67 83 15 4 492 754
34 35 29 7 489 772
35 22 6 6 562 785
79 74 16 4 525 674
76 29 28 2 422 722
40 0 21 2 347 647
80 44 7 6 235 477
98 76 22 1 449 598
81 36 25 6 557 656
51 53 28 2 288 567
86 55 12 2 265 441
83 30 13 5 298 389
58 66 29 5 208 354
53 6 13 7 229 508
6 72 19 6 520 618
95 8 22 7 348 409
70 14 14 3 220 399
94 70 21 2 396 685
82 36 6 5 611 777
38 69 19 2 458 543
43 88 28 7 326 616
80 48 8 7 705 782
8 20 11 7 484 757
40 39 30 4 248 318
98 4 19 5 370 489
23 53 15 5 494 630
7 8 22 2 463 626
10 50 19 5 226 343
51 25 19 4 472 615
11 11 8 1 322 479
86 37 29 1 369 605
27 87 30 1 458 743
37 61 20 3 573 662
31 12 9 7 389 595
63 13 16 6 418 593
79 21 23 1 722 792
80 67 29 3 398 554
28 10 19 7 347 462
99 40 23 2 300 375
59 3 14 7 424 616
50 38 12 5 248 433
15 51 5 2 554 668
5 95 15 3 510 704
7 96 18 2 434 635
10 85 6 3 363 434
