1524
37 40 0 0 0 0
8 64 19 7 211 293
3 35 13 7 543 623
7 71 26 7 440 732
36 5 27 1 381 504
85 37 21 4 271 370
42 24 23 7 253 367
66 57 6 1 532 676
25 31 30 6 555 763
56 56 10 3 392 692
91 16 24 4 390 541
47 73 16 5 387 461
73 52 5 3 575 652
2 64 25 5 499 739
22 99 20 2 515 677
23 12 7 1 394 515
18 63 12 2 474 687
73 69 20 1 414 559
46 75 24 3 518 764
73 46 24 5 610 713
15 98 13 4 560 699
25 7 18 2 334 584
39 23 7 5 345 543
16 12 20 2 237 352
19 15 23 1 481 571
3 45 14 1 429 512
24 36 18 7 381 548
34 73 20 6 322 478
4 92 9 4 260 518
83 34 23 1 645 739
96 23 19 5 520 773
51 55 19 4 242 454
65 92 26 4 241 507
84 72 30 3 452 746
96 35 20 7 250 477
61 46 26 6 322 551
58 96 29 5 490 632
56 39 30 5 227 332
65 69 28 5 307 379
88 2 8 5 528 761
7 100 15 2 351 636
75 75 10 6 448 738
67 63 28 3 586 779
25 79 8 2 437 538
72 32 25 5 297 590
90 2 23 6 620 745
27 10 5 7 602 778
4 17 19 2 212 381
100 6 6 5 353 525
34 30 16 6 250 362
70 92 8 6 491 764
93 61 27 6 333 408
80 19 6 3 370 524
15 54 18 5 511 725
35 7 10 7 468 619
66 68 14 7 493 553
37 83 13 7 546 697
38 27 16 2 497 588
94 87 24 5 645 783
70 68 16 7 315 466
54 63 18 5 255 445
28 68 23 4 208 394
36 93 25 5 431 528
42 70 7 6 285 487
18 87 30 4 234 417
16 73 8 1 417 549
94 25 11 7 463 733
61 80 22 1 291 574
74 49 29 2 587 791
10 4 12 4 469 605
26 1 12 5 461 552
11 69 24 7 220 464
28 8 21 3 583 701
4 27 28 3 257 429
97 25 24 6 260 330
77 27 7 7 685 748
24 0 5 7 320 498
45 45 19 7 207 414
38 31 23 1 462 659
88 7 9 5 239 396
83 83 20 3 405 694
55 71 13 5 239 430
87 26 24 5 365 661
94 84 7 2 234 522
34 61 13 5 545 796
38 69 11 3 355 630
76 75 16 3 702 776
69 83 28 3 279 455
26 22 7 5 308 602
32 89 8 4 247 368
43 7 10 7 372 459
17 43 26 4 428 578
57 98 18 6 445 634
13 8 17 6 349 537
79 40 15 7 546 786
26 38 14 2 361 429
8 96 19 4 274 401
22 88 23 5 369 648
2 12 13 7 307 554
70 86 10 3 578 778
100 52 17 5 668 781
61 84 18 7 345 456
41 42 28 2 288 418
52 59 23 4 594 666
30 96 19 4 386 573
53 24 18 5 269 502
19 47 12 2 286 574
48 97 10 7 221 443
32 61 5 5 414 590
38 62 21 7 243 341
78 27 16 4 334 476
12 90 28 1 285 542
1 55 19 1 405 636
35 43 5 2 395 560
93 37 25 1 555 725
59 10 14 4 214 480
42 22 21 4 428 589
22 6 9 3 298 360
70 89 5 6 326 560
2 88 14 7 420 627
4 16 24 4 523 589
65 41 21 5 655 789
63 66 21 6 531 786
62 25 27 7 420 595
38 49 17 1 252 448
20 41 6 5 253 544
9 48 13 2 526 701
34 43 20 2 683 798
33 87 5 2 451 577
11 67 22 4 381 529
62 29 27 6 246 391
78 42 26 4 371 447
56 71 17 1 339 473
29 9 10 2 400 636
1 48 6 1 455 529
70 67 29 6 569 662
64 26 14 1 385 525
28 46 16 2 531 603
54 17 18 3 407 683
87 72 22 7 471 597
14 87 19 1 492 772
38 1 28 6 556 742
21 25 18 2 547 642
77 11 15 7 222 318
48 50 11 4 391 529
57 85 9 5 316 453
23 4 12 4 535 710
56 13 15 7 563 634
41 41 11 1 201 273
55 9 8 6 367 485
98 3 15 7 354 602
41 73 21 3 508 576
27 41 13 3 484 760
95 2 21 5 270 472
14 47 26 5 304 365
43 48 29 4 595 781
41 30 12 5 353 529
50 24 22 5 372 472
17 34 23 3 447 727
64 81 20 1 359 545
65 46 13 5 576 696
2 38 26 6 282 474
87 7 9 5 339 494
19 52 26 7 294 540
25 44 6 2 333 545
30 64 8 5 291 423
71 69 21 2 631 711
8 76 17 1 585 680
21 53 8 4 508 596
98 2 8 3 352 415
82 25 13 5 360 435
14 5 29 6 409 578
55 46 20 7 308 502
85 6 12 2 496 745
70 17 25 2 559 648
42 47 29 3 570 763
56 9 29 3 200 437
67 16 23 1 233 359
18 44 23 6 605 729
30 25 5 6 378 560
3 95 5 1 213 459
81 80 19 7 264 425
73 92 22 1 579 676
52 3 22 1 351 544
52 57 19 3 214 470
38 5 7 1 374 618
9 34 10 1 225 460
15 51 13 3 351 528
36 20 29 3 205 283
99 5 20 3 424 638
88 30 8 6 427 501
83 20 19 6 213 333
92 55 13 7 567 633
75 85 7 1 393 554
32 6 8 1 624 770
64 62 22 4 373 442
3 86 12 2 307 430
33 95 10 6 486 769
87 82 15 2 440 725
7 60 14 2 665 747
96 56 17 3 303 508
93 19 22 7 403 529
72 96 26 3 371 662
69 79 8 5 480 687
88 26 14 5 572 736
92 69 28 1 298 514
11 100 16 3 495 603
61 96 30 2 345 429
55 76 24 2 610 768
48 62 10 2 438 688
44 70 26 4 459 555
34 82 22 5 330 469
77 94 13 4 464 713
76 84 10 7 500 753
34 36 17 3 420 530
8 25 19 7 343 461
17 73 16 1 461 575
36 78 7 4 415 639
80 92 12 3 588 757
37 76 8 7 490 592
99 67 6 5 591 693
87 87 27 5 221 442
96 33 12 6 483 735
82 49 5 6 292 452
27 72 9 3 232 328
7 25 30 3 577 794
65 35 29 5 443 566
59 99 20 4 472 699
93 31 8 7 699 798
64 16 16 1 475 688
98 83 21 5 231 296
96 98 22 6 525 646
61 81 14 2 600 745
95 34 6 3 562 724
39 91 23 3 239 504
21 1 12 5 384 473
54 94 7 7 314 588
60 22 29 7 337 521
26 63 19 3 286 438
94 92 9 7 419 612
15 39 20 3 555 783
12 27 28 2 456 659
96 86 16 7 408 652
77 26 20 3 248 455
7 53 16 7 691 781
94 26 7 5 263 492
45 25 5 2 472 706
26 43 17 3 518 766
76 80 19 3 221 492
60 10 12 7 246 451
44 13 12 1 480 675
99 46 6 3 460 576
88 42 18 6 324 487
12 70 17 6 599 671
42 3 26 4 342 424
20 44 25 6 280 358
32 13 29 3 708 795
8 8 23 6 615 717
94 5 26 4 519 636
24 72 20 2 375 608
39 90 12 3 416 557
75 77 17 2 565 796
37 43 11 6 200 367
27 83 11 7 317 423
29 67 10 2 289 577
100 76 13 5 227 333
85 52 5 1 244 365
3 27 29 3 401 505
93 54 25 2 537 672
10 66 23 3 285 427
60 54 22 3 499 572
52 40 18 1 268 382
58 11 13 5 296 499
51 84 26 7 327 611
66 59 7 7 571 713
49 44 21 3 581 693
95 49 30 6 560 749
23 34 11 6 232 300
10 38 22 1 623 684
80 65 15 5 239 312
84 47 22 3 474 659
3 93 17 4 585 798
93 35 10 4 222 502
87 53 26 5 543 789
83 8 29 5 455 549
25 37 27 2 343 417
7 74 21 6 486 730
22 5 17 2 349 494
91 74 18 6 200 487
52 33 26 4 707 800
34 17 25 1 481 667
63 19 28 7 674 744
7 54 18 5 368 616
49 74 8 6 337 611
27 58 5 1 377 573
97 9 20 4 594 708
88 47 20 2 251 492
61 53 29 3 340 628
21 43 25 7 273 430
42 74 10 5 480 729
72 27 20 7 292 574
84 54 28 2 601 676
35 82 28 5 451 711
58 41 30 2 519 759
13 61 14 5 201 477
29 60 28 4 455 683
63 18 10 7 230 399
40 20 25 5 412 651
59 13 5 1 702 788
1 59 10 7 338 502
88 33 20 6 521 600
47 8 24 5 491 761
31 39 21 2 356 430
4 49 23 4 385 455
19 98 13 4 551 713
33 61 8 1 356 593
8 79 24 5 280 429
93 57 30 5 603 778
30 83 5 2 241 403
39 44 9 3 522 660
4 78 10 7 500 564
40 35 7 2 456 691
31 79 5 5 210 371
25 96 5 1 321 443
62 87 19 7 228 346
92 76 27 5 321 387
10 57 12 3 417 495
96 49 29 6 397 665
70 19 19 5 512 764
75 70 9 4 621 750
16 36 21 2 223 301
49 6 16 2 408 577
13 67 17 7 228 410
68 44 8 3 346 591
27 90 30 2 390 684
80 34 8 5 580 677
94 65 20 1 663 749
80 70 6 3 348 409
26 78 29 4 289 455
44 38 5 1 463 638
27 53 30 6 290 463
49 30 23 1 580 674
88 99 15 6 279 563
76 35 22 3 731 792
91 67 5 4 278 434
18 50 29 5 247 440
76 9 23 6 270 559
7 83 15 1 586 679
92 51 22 5 433 716
53 58 28 5 478 544
29 51 13 5 264 402
55 57 13 6 595 776
48 20 15 3 665 780
44 51 10 7 511 700
72 64 18 5 603 710
14 85 23 6 424 493
76 95 7 6 337 474
67 72 18 3 200 433
33 22 27 2 251 456
6 32 18 4 216 473
23 96 25 2 365 579
37 93 29 1 446 674
35 53 19 4 319 455
68 27 9 3 544 627
52 94 20 1 469 731
86 64 15 1 604 700
63 56 14 1 250 364
45 95 25 3 615 732
40 65 27 5 259 419
72 73 28 5 306 485
43 23 15 3 234 321
94 44 20 6 432 580
20 54 18 4 428 552
49 81 9 6 665 770
60 59 25 3 308 531
60 42 25 6 518 703
64 42 9 7 515 699
70 44 7 1 575 719
23 97 20 6 508 789
44 3 8 2 246 450
95 72 25 6 611 765
9 33 11 1 387 660
49 75 26 7 506 679
61 51 30 2 303 487
7 22 16 7 206 432
61 43 12 7 652 736
92 14 11 1 531 732
17 95 17 2 363 468
1 21 28 3 340 636
46 24 8 7 363 475
18 100 21 2 218 517
84 36 9 1 337 533
34 42 24 3 388 606
17 41 14 4 345 419
50 48 20 7 385 523
7 7 18 6 689 792
78 8 11 1 242 507
27 66 22 2 464 764
17 57 15 4 696 772
100 32 11 6 306 545
33 48 9 2 509 581
85 64 14 3 564 793
4 99 26 2 296 480
11 92 28 3 564 651
12 25 25 4 313 594
71 36 24 3 345 501
74 99 23 6 385 494
41 20 9 5 257 336
53 19 24 3 454 631
48 27 26 4 301 405
12 67 11 6 207 479
43 80 5 7 564 658
1 30 25 3 690 752
17 14 20 1 506 671
19 39 25 3 244 362
65 97 20 5 427 697
33 82 15 3 345 546
16 56 29 3 265 549
42 66 19 1 409 538
75 47 24 1 340 471
41 86 18 6 588 730
90 62 23 4 468 751
52 47 19 7 428 726
44 52 10 4 596 761
44 96 28 2 461 621
42 45 9 7 624 722
19 22 20 6 598 742
13 40 5 6 290 543
56 88 29 1 477 739
71 95 18 3 553 736
46 30 15 6 268 424
17 67 14 2 605 782
86 91 23 1 492 633
40 16 5 7 566 654
29 52 11 4 546 631
56 34 7 5 524 768
18 45 15 3 553 786
100 78 29 2 294 530
75 19 12 5 482 565
81 62 26 4 485 592
1 35 24 2 528 640
76 44 27 7 272 358
93 83 20 1 295 423
31 68 19 1 552 666
69 94 13 7 300 376
87 90 21 7 319 619
45 61 22 5 383 642
87 64 29 3 564 705
55 88 9 5 460 696
63 36 7 4 399 593
10 23 19 5 532 709
41 36 6 4 249 409
54 33 11 1 621 760
38 70 12 2 680 786
83 4 9 3 475 642
98 34 13 6 296 536
77 91 25 1 546 775
85 8 14 7 454 565
24 70 12 6 493 645
40 56 17 4 596 715
49 34 21 5 329 449
97 16 7 4 409 508
9 90 15 5 444 582
98 94 27 1 336 423
43 13 22 2 296 547
6 35 21 3 306 378
60 28 15 4 514 784
85 30 30 6 578 752
55 44 5 1 497 644
61 89 29 2 523 731
84 0 18 5 228 452
42 87 17 4 376 581
81 72 14 1 229 365
69 20 20 4 206 288
13 7 18 7 265 434
6 6 5 2 507 600
68 82 12 7 509 723
74 47 29 6 572 753
24 62 17 6 252 336
75 78 21 7 562 706
17 46 21 3 415 550
27 47 24 2 206 266
55 91 6 7 457 696
94 85 29 7 439 593
38 80 30 2 485 646
79 54 13 2 298 402
12 5 5 3 425 551
70 72 22 7 461 644
30 54 22 3 237 353
19 14 16 7 312 445
98 69 27 7 494 578
62 31 20 5 220 406
93 27 10 2 257 544
78 22 19 3 225 494
93 39 7 6 341 476
53 91 22 4 477 647
29 31 6 5 563 785
32 38 23 7 411 471
33 38 28 3 614 732
41 71 13 3 637 717
49 27 6 4 442 691
83 11 19 2 386 486
80 85 26 7 221 471
33 8 16 2 388 682
38 14 8 3 295 526
62 67 23 1 546 774
40 53 18 5 334 566
42 29 20 1 265 540
19 69 14 4 395 677
62 78 10 1 367 554
72 86 7 6 217 283
71 81 27 7 540 626
60 14 16 5 450 590
61 71 28 4 601 697
57 49 13 1 257 433
95 19 17 6 208 454
26 64 5 4 397 611
38 15 23 4 478 699
58 10 18 3 280 447
28 55 9 5 447 658
92 17 7 3 447 641
96 97 19 1 359 431
26 59 15 1 400 652
32 24 8 4 328 574
95 43 23 5 519 783
97 15 25 6 608 739
91 54 28 2 474 710
64 85 16 5 526 724
80 100 17 6 437 684
55 10 27 2 342 618
75 60 8 2 397 482
14 59 20 3 312 487
67 55 28 1 525 663
91 76 21 5 200 306
12 82 21 7 332 560
21 77 23 3 233 515
35 44 30 7 318 379
66 97 21 6 260 470
66 47 28 5 407 600
16 86 14 6 460 754
80 96 24 5 380 623
56 19 12 5 540 739
60 52 26 5 333 620
70 76 15 6 363 484
15 29 15 5 581 667
1 97 8 1 625 734
84 24 12 5 292 382
73 45 27 1 216 429
97 63 18 7 375 452
62 55 26 5 304 514
24 98 9 5 356 517
27 84 21 7 567 647
95 10 10 2 701 784
5 28 26 7 612 728
50 60 14 3 308 423
52 6 29 1 329 604
24 12 22 7 586 734
30 21 8 3 318 611
24 96 18 1 566 799
95 90 10 6 613 677
69 61 6 4 573 710
38 7 26 6 353 619
10 62 21 6 581 744
34 88 25 7 238 468
94 38 21 7 332 464
17 75 13 3 572 652
7 9 16 1 668 770
75 58 10 6 524 642
79 29 9 6 561 733
84 82 5 3 543 681
73 85 18 6 410 590
55 64 17 5 615 731
44 9 12 4 573 696
100 22 20 1 224 358
90 30 9 2 626 742
74 59 20 4 298 465
11 29 14 5 469 563
57 94 22 5 520 726
93 53 15 6 589 769
69 10 18 4 559 765
97 87 7 1 300 521
24 56 6 5 470 676
32 76 6 7 362 575
89 10 29 1 282 507
83 36 20 7 322 572
23 6 10 1 593 679
49 89 28 7 537 752
52 41 19 3 230 374
32 31 23 1 647 762
77 36 27 5 521 670
8 42 13 5 701 784
15 7 17 2 351 500
4 56 10 1 530 776
6 13 21 5 587 779
16 60 17 1 275 344
23 5 25 4 334 550
76 97 8 4 326 529
24 64 29 7 450 661
48 30 20 6 563 703
23 83 18 5 282 566
89 40 8 4 372 611
76 83 6 3 220 421
47 99 19 6 425 715
3 36 28 1 479 719
22 8 25 1 578 761
10 79 14 1 319 541
19 94 24 7 529 662
53 49 7 4 277 467
62 54 11 5 364 457
40 41 22 5 354 568
14 4 18 6 335 460
16 67 19 5 259 511
38 54 29 7 503 603
15 49 25 5 361 439
87 98 7 2 252 329
61 16 10 3 317 595
85 95 9 3 288 422
37 97 29 7 439 508
5 39 29 7 516 583
61 33 7 2 449 622
86 11 22 3 251 323
85 25 6 2 441 510
3 79 20 7 336 534
83 87 22 6 561 652
36 64 17 5 240 465
45 89 16 3 596 799
6 3 23 1 514 739
50 92 26 5 334 586
17 100 14 2 301 435
67 42 24 1 216 474
53 21 16 3 368 595
27 74 23 1 272 465
10 60 17 2 255 491
55 13 7 4 491 587
11 40 26 5 497 776
3 47 5 5 435 696
48 0 15 7 240 422
33 34 6 3 398 599
18 16 21 7 409 623
12 51 26 1 369 453
52 96 20 1 373 511
73 65 21 5 540 648
1 26 30 2 610 686
91 92 8 6 401 660
16 28 24 5 276 541
47 11 10 2 565 665
36 82 12 3 287 534
84 16 12 3 294 500
34 74 23 7 501 739
15 99 5 1 507 715
93 11 30 2 602 699
44 60 15 5 271 449
63 24 19 2 411 553
25 34 30 6 621 700
35 54 25 5 276 574
71 8 14 3 629 798
54 86 25 5 440 716
35 65 29 7 498 793
89 9 6 3 317 542
91 34 30 2 511 724
100 83 9 7 652 774
68 40 20 7 261 330
16 23 22 4 329 432
31 34 14 6 393 595
41 14 29 6 358 440
78 72 5 2 477 537
74 57 12 4 387 458
85 66 17 7 531 788
69 86 28 4 354 527
72 3 27 7 266 338
22 72 21 6 217 324
15 16 8 3 436 530
35 100 8 2 363 614
65 87 8 1 287 385
87 38 11 6 268 360
6 54 18 5 487 683
63 73 29 7 458 582
88 65 25 4 241 383
79 71 22 6 207 410
62 34 13 7 350 453
12 73 10 3 420 705
71 33 6 6 246 491
63 79 11 2 604 717
40 8 27 3 539 768
41 91 8 4 583 725
93 32 26 7 353 443
59 45 25 5 487 589
64 4 25 6 523 660
42 30 15 1 613 673
30 22 16 3 238 492
89 43 20 4 480 739
18 34 10 4 328 481
5 94 15 2 344 639
20 70 11 1 534 632
42 69 16 4 359 445
88 82 15 7 528 746
41 100 17 7 288 560
43 74 18 3 540 664
19 59 27 4 236 427
69 19 28 2 614 771
0 65 6 4 580 665
80 38 11 1 466 572
0 25 9 3 601 744
54 56 13 6 313 430
65 6 21 3 621 783
52 20 6 1 519 640
33 20 16 7 488 751
43 46 9 5 374 620
68 3 26 4 609 683
30 32 12 6 479 667
91 40 21 1 329 605
31 42 12 1 336 494
33 93 8 5 376 639
31 49 25 2 489 662
27 86 26 5 435 582
85 58 11 7 289 418
68 66 14 3 554 660
88 14 6 3 216 464
42 35 15 4 619 789
60 48 24 6 409 515
39 16 16 6 294 481
67 49 23 2 361 547
19 26 19 3 256 443
18 61 22 4 428 643
69 69 6 2 274 529
94 69 18 5 311 565
54 26 23 2 200 441
40 86 15 5 235 309
38 82 30 7 515 707
63 15 19 7 534 647
69 1 7 1 221 337
12 20 10 2 534 638
44 55 13 7 463 758
78 65 30 6 279 492
37 38 6 5 380 474
8 33 28 5 459 625
81 97 25 1 424 677
90 99 24 7 560 627
1 67 19 6 581 736
33 12 12 3 414 684
88 74 27 4 559 683
82 76 8 2 421 695
0 10 11 1 378 558
66 17 14 5 574 750
64 5 17 5 207 289
31 50 7 5 447 517
3 75 25 3 493 787
86 0 30 2 489 700
2 58 29 5 584 713
43 65 16 2 489 649
43 76 13 7 487 764
54 90 27 1 537 706
80 80 7 4 654 764
32 94 23 2 389 473
99 60 30 2 504 740
82 4 21 7 319 481
36 73 26 4 391 633
28 57 27 1 725 799
74 36 13 2 453 625
88 1 10 5 524 744
52 13 19 1 584 720
51 64 14 1 576 781
59 9 11 4 379 624
23 69 18 6 482 611
19 6 30 1 331 496
84 92 23 2 375 514
61 0 26 2 558 694
39 72 21 5 352 473
55 47 19 6 376 460
57 45 12 3 601 766
47 57 19 2 621 694
63 26 29 1 250 394
42 65 20 4 276 524
99 49 16 3 238 358
58 18 25 7 547 763
52 35 6 5 534 697
0 28 25 1 330 476
81 50 25 3 480 614
11 99 8 7 273 445
92 98 19 4 211 440
39 32 13 6 411 527
70 26 11 6 487 786
34 35 5 4 482 697
22 95 27 4 289 353
29 93 19 3 481 774
21 27 28 4 408 633
59 65 7 6 343 425
26 81 26 1 244 516
23 70 7 2 331 523
77 90 10 4 514 596
5 18 10 7 240 336
96 67 19 4 374 474
2 96 20 1 282 525
100 79 25 1 473 636
78 16 15 5 322 398
1 43 26 5 328 459
13 24 28 3 248 317
83 90 20 5 621 747
95 0 16 6 417 606
18 28 18 6 212 360
49 35 23 7 469 558
22 43 7 5 438 599
81 63 26 4 243 528
56 29 26 1 287 520
91 50 16 3 529 641
16 37 14 7 545 662
32 59 17 6 667 768
66 38 23 6 414 491
47 9 14 2 532 602
34 53 17 5 689 792
52 22 11 1 593 690
77 51 12 3 449 645
91 97 6 7 603 775
37 98 7 3 532 734
50 49 10 7 501 605
6 58 23 3 395 614
78 5 5 1 260 396
80 35 30 4 230 414
91 86 29 2 407 598
22 12 8 2 543 723
76 17 17 5 224 460
48 57 25 5 603 703
78 85 5 5 578 798
94 88 17 2 538 723
51 59 26 2 212 452
53 59 25 4 687 769
56 89 25 1 639 754
26 12 22 2 371 644
26 88 22 2 681 797
13 98 12 6 392 602
21 15 24 3 618 747
73 15 8 4 478 628
88 31 12 2 313 461
31 59 28 7 310 483
12 17 21 2 493 768
25 90 15 5 308 557
94 76 9 2 451 669
3 11 23 5 432 655
85 67 24 6 459 621
90 56 21 7 215 305
32 42 18 6 376 619
35 84 19 1 357 644
6 96 5 6 479 618
21 23 20 3 403 516
53 9 29 7 610 765
20 9 9 3 207 488
92 87 21 6 353 478
67 97 11 1 299 555
84 37 14 4 403 528
70 53 26 6 331 562
67 98 15 7 481 557
7 29 6 2 383 595
79 6 14 2 477 701
78 6 19 6 721 785
11 18 7 7 565 690
76 33 11 3 460 758
43 47 24 4 406 574
65 57 29 5 445 734
53 64 7 5 231 338
1 52 6 2 659 785
16 6 11 3 506 778
18 40 7 4 300 586
40 87 11 7 452 609
55 45 25 2 419 696
85 13 15 5 570 700
9 54 24 3 286 567
84 97 9 3 597 669
72 0 17 2 228 478
35 37 18 6 593 757
45 70 6 4 312 543
90 43 20 6 520 799
52 99 25 3 235 519
88 59 20 7 447 741
92 79 20 2 517 619
4 58 24 3 292 525
82 28 15 6 284 459
52 85 27 1 423 635
5 70 14 7 442 525
32 40 11 4 587 718
83 76 13 5 605 764
82 17 28 6 547 660
29 25 25 5 446 666
47 20 14 3 272 362
24 23 22 6 464 696
5 2 10 2 416 517
5 31 12 7 603 714
81 45 26 1 308 428
89 84 9 6 370 561
61 88 8 1 373 589
14 78 22 5 210 292
85 89 29 7 242 517
2 85 7 7 323 406
15 43 28 3 317 418
98 96 9 3 352 441
58 72 9 1 257 439
73 77 8 6 364 508
52 64 13 6 369 609
57 79 20 4 474 733
57 70 27 6 501 595
8 99 7 7 455 577
40 51 9 3 617 725
25 71 6 5 526 701
76 39 12 5 435 559
44 62 21 5 590 741
6 52 29 1 228 402
51 31 28 5 277 378
12 56 27 2 555 791
0 34 16 3 630 766
31 10 11 7 298 413
32 21 7 4 246 308
15 79 6 5 554 624
79 84 12 4 493 681
39 17 6 3 226 442
8 74 5 4 489 606
89 18 12 2 369 638
29 79 29 4 251 462
44 36 9 6 421 482
12 39 10 3 428 706
0 71 23 1 531 745
36 29 10 6 311 582
5 1 21 4 390 514
43 10 6 3 605 744
14 9 7 2 554 669
43 58 12 7 378 478
75 54 20 5 288 364
82 29 11 2 312 541
40 90 13 7 449 737
38 36 21 5 370 598
52 46 19 3 240 476
72 49 29 6 204 389
51 8 9 7 277 529
54 55 27 6 601 695
7 3 13 4 259 392
66 22 17 5 429 556
41 85 21 7 609 777
6 89 8 2 553 677
1 78 11 2 664 779
57 42 25 6 402 497
47 61 13 2 238 523
88 43 17 7 290 555
6 33 21 7 486 649
14 71 13 6 386 459
57 86 11 7 292 592
42 59 13 6 492 605
96 83 15 4 333 627
55 69 15 7 389 478
30 41 22 7 229 443
11 56 18 6 542 616
9 18 16 6 573 737
51 34 21 7 210 467
15 28 30 3 607 728
14 3 5 5 205 303
57 11 20 7 430 543
43 25 13 4 460 698
34 40 28 7 340 517
45 60 28 7 423 589
47 22 24 5 333 617
44 89 9 4 427 688
98 97 17 2 254 341
83 28 21 5 523 614
59 40 15 2 370 644
73 18 7 1 486 568
69 30 7 6 559 688
50 13 26 2 701 788
22 98 21 5 445 507
84 96 7 3 269 434
86 49 29 7 252 468
7 44 17 1 428 692
78 79 30 1 418 696
78 24 24 7 571 727
24 34 20 4 543 686
87 6 25 2 233 478
82 36 17 5 322 583
50 29 17 7 458 543
30 51 17 1 613 795
11 44 25 5 206 430
33 59 25 3 484 550
51 51 14 4 422 603
61 19 18 2 433 568
52 15 30 2 677 753
83 6 5 1 273 514
77 8 22 1 494 664
77 45 25 5 608 710
49 77 19 2 542 629
91 18 24 7 528 762
66 99 23 5 476 614
59 94 9 2 284 493
26 36 17 6 616 791
38 89 27 5 680 795
31 78 10 4 670 731
7 36 21 6 456 694
79 94 12 1 346 568
76 87 10 1 575 746
94 12 6 4 216 495
20 8 16 6 508 798
42 97 29 4 423 497
3 4 14 6 543 653
93 23 12 2 371 488
68 30 17 7 526 728
90 80 20 7 527 709
75 86 13 3 508 793
85 62 13 4 462 576
20 13 11 2 565 794
54 11 21 1 207 345
84 64 22 4 287 485
67 83 28 3 303 374
72 92 11 2 279 347
57 34 6 5 386 454
7 30 23 2 709 798
81 76 5 2 466 578
30 63 18 3 376 452
92 78 12 1 397 551
37 87 7 2 497 735
42 1 28 1 363 659
81 1 30 7 284 374
56 2 25 6 251 337
79 73 17 1 217 277
80 61 11 3 616 776
100 35 16 4 381 551
92 94 26 5 590 762
94 64 12 4 472 581
7 28 30 2 362 430
82 89 25 6 528 778
32 50 28 3 450 618
24 22 27 2 525 768
3 1 11 6 204 270
43 96 10 1 268 551
45 13 22 6 533 623
16 98 26 2 673 787
73 90 23 7 270 557
63 13 23 7 666 800
94 17 8 6 258 395
25 75 5 3 468 729
32 27 13 5 417 504
18 80 13 6 233 379
16 79 27 7 507 673
6 39 8 2 210 445
47 43 13 2 654 718
49 20 8 7 422 555
87 55 29 4 259 481
89 68 13 4 608 714
2 71 9 1 600 716
72 70 11 7 293 583
13 58 8 7 321 599
84 78 16 6 477 737
15 13 8 5 669 780
97 56 12 6 463 549
10 52 18 1 253 341
94 13 24 4 336 464
4 13 12 7 627 767
39 94 6 7 406 661
93 49 17 2 340 484
63 30 26 4 645 746
63 9 5 7 209 312
48 99 28 3 474 574
99 27 16 4 573 716
57 44 29 1 435 591
53 48 15 3 311 397
36 39 17 4 352 505
94 9 21 7 510 600
38 10 19 6 291 581
39 96 19 2 547 656
59 39 28 6 381 535
100 58 24 6 406 509
26 6 11 2 480 773
76 98 25 3 375 495
10 24 20 4 331 496
42 36 22 3 402 483
82 69 8 1 690 770
52 49 14 4 471 595
73 2 8 7 341 429
16 16 22 5 386 548
3 26 9 3 427 601
27 7 7 1 318 401
7 57 13 6 262 491
79 9 5 2 520 581
49 42 8 1 434 625
47 30 13 4 467 613
63 74 22 7 366 503
41 64 19 4 451 620
16 7 6 2 419 599
81 24 10 3 236 303
20 71 12 3 246 430
50 69 14 4 217 350
6 34 26 4 209 295
23 72 29 6 480 592
39 24 9 5 461 521
74 27 27 6 395 602
13 14 5 3 416 629
82 53 17 4 239 390
84 74 10 2 522 670
77 85 11 4 499 620
35 79 21 5 223 452
46 46 20 3 443 722
37 56 23 1 530 645
7 27 20 2 441 599
11 7 9 5 202 371
24 74 18 4 211 434
59 97 20 3 476 770
46 40 21 1 565 651
97 75 14 7 421 557
35 74 7 1 448 741
68 46 15 1 337 567
87 44 8 4 491 672
16 74 28 7 495 657
54 99 26 6 200 299
71 30 9 6 335 482
24 14 25 5 395 645
15 15 25 7 360 486
97 89 8 4 628 741
6 53 29 5 541 607
96 20 9 3 216 329
2 99 8 4 689 766
28 95 23 6 642 738
32 10 30 4 545 622
59 61 22 6 317 427
9 11 19 3 448 607
42 81 11 4 593 700
18 91 6 2 581 660
27 62 14 4 396 535
21 78 13 1 450 618
32 80 25 7 377 586
57 22 10 3 202 326
7 72 17 6 347 624
90 18 20 2 391 608
99 78 27 5 254 473
91 46 21 2 491 734
80 22 10 1 572 676
32 62 13 2 406 634
19 43 14 1 281 353
86 39 10 5 294 365
98 27 20 6 296 574
13 47 29 3 483 564
17 45 15 5 633 786
21 21 18 1 355 615
3 60 23 5 251 399
85 28 15 5 614 738
100 4 19 6 203 457
49 83 17 1 662 734
44 95 7 3 545 721
50 40 15 7 408 509
17 23 20 3 219 329
43 22 18 1 549 688
95 89 16 2 467 688
48 79 16 7 570 656
31 35 14 7 427 690
15 37 18 2 284 431
90 22 30 3 500 728
66 28 20 4 358 486
82 12 28 7 551 734
75 37 6 1 496 673
29 56 13 4 266 516
95 79 21 2 297 427
58 52 13 5 411 665
57 37 9 6 571 795
31 33 15 7 546 714
50 62 26 6 263 402
97 62 8 7 347 626
94 22 13 3 684 751
62 65 23 7 259 454
81 71 26 2 438 622
39 100 27 5 406 496
7 75 7 5 254 332
33 76 11 5 537 602
14 34 10 1 304 405
27 30 15 4 647 747
2 23 19 2 461 652
43 61 17 7 280 367
0 24 14 4 215 513
0 78 18 1 314 380
45 92 17 6 557 629
86 26 26 2 662 775
1 91 30 3 352 620
12 99 10 3 435 602
16 96 8 5 419 693
89 81 16 1 533 772
39 99 13 7 429 687
81 7 28 7 373 503
15 3 11 4 507 654
7 23 13 6 641 796
9 43 12 7 246 361
75 95 12 3 435 559
51 83 15 5 358 421
66 80 7 3 418 571
100 47 26 7 243 436
91 82 29 1 699 785
47 45 11 2 615 732
46 6 16 5 380 512
65 4 12 2 262 507
98 13 15 6 428 500
23 99 30 6 663 742
65 13 15 7 534 612
54 95 8 5 536 611
95 3 17 5 222 379
55 68 29 7 381 648
85 82 27 6 435 583
48 56 29 6 623 766
55 89 14 2 455 555
97 67 23 5 357 579
2 94 20 7 526 596
30 20 22 2 426 687
67 50 26 4 562 647
2 37 14 4 349 466
62 82 8 7 259 512
17 64 8 7 346 580
67 58 26 1 673 781
39 51 12 6 364 462
59 63 5 3 320 524
56 11 17 4 374 485
38 24 15 1 564 690
34 51 28 5 641 790
48 21 29 3 398 562
16 63 30 5 337 409
88 46 24 3 483 546
68 51 29 6 329 476
50 39 8 7 392 659
100 21 21 5 282 527
1 28 6 5 438 505
40 68 11 7 535 601
19 38 14 7 514 779
67 5 20 3 223 522
98 45 30 2 324 417
97 27 21 5 324 498
3 73 21 1 203 451
69 25 25 5 421 530
18 55 11 6 488 770
77 23 6 6 443 689
30 74 16 6 305 404
71 47 11 6 606 797
29 80 28 5 618 736
3 70 7 5 504 642
69 12 6 2 310 604
69 3 18 5 681 756
46 89 7 7 479 667
74 23 17 5 651 792
57 69 26 7 284 576
13 60 14 4 229 478
56 6 26 4 278 480
9 27 8 5 309 511
27 42 27 4 445 666
59 81 16 7 572 671
1 64 10 1 611 780
73 35 27 1 280 574
92 75 16 2 212 367
31 71 7 3 653 778
3 100 17 2 229 374
15 71 13 2 464 657
58 91 14 3 363 627
80 36 6 2 204 325
73 8 20 1 269 515
88 12 12 1 482 698
52 1 24 1 421 704
12 30 10 2 594 660
92 84 26 3 499 643
99 74 26 1 276 461
27 88 22 6 204 347
39 18 18 5 211 481
3 21 20 1 231 362
52 14 10 3 417 507
36 87 12 6 201 391
78 10 27 1 329 486
80 32 16 2 209 359
55 79 29 3 500 567
63 11 15 2 253 456
78 21 22 5 453 621
42 23 27 2 648 781
69 26 24 1 213 485
1 77 26 4 455 749
89 59 5 4 525 667
63 12 24 5 347 425
2 36 29 5 426 600
15 77 19 3 427 495
61 30 22 6 312 512
70 70 23 7 338 451
33 0 22 6 402 505
67 73 20 3 261 537
68 23 17 3 329 506
23 38 22 3 431 493
92 40 20 3 444 551
57 78 23 1 606 681
10 51 16 4 260 364
14 41 6 6 201 306
99 98 21 4 428 538
57 16 7 3 560 636
65 84 25 7 331 478
76 72 19 4 272 567
11 31 8 5 520 729
60 27 27 3 396 649
35 2 24 3 327 404
14 72 28 5 520 609
88 38 20 1 238 313
29 97 6 7 669 764
5 72 20 3 416 626
61 47 7 4 229 301
35 56 25 1 277 375
54 30 11 6 535 799
26 17 28 1 322 567
63 32 8 3 606 698
9 83 14 1 401 653
53 63 26 1 211 381
67 80 10 4 228 337
100 9 19 5 581 648
67 25 27 5 444 543
14 30 10 5 504 731
1 84 11 1 439 730
11 26 24 6 392 680
99 6 14 3 200 299
82 21 14 3 568 734
51 6 22 3 474 591
52 2 23 2 619 788
94 71 20 4 348 537
10 55 15 3 356 642
89 65 18 5 353 632
38 29 24 6 325 463
31 4 8 3 621 744
64 84 21 5 321 585
47 97 21 7 554 730
90 4 17 3 232 521
52 97 11 1 552 693
93 7 27 4 261 478
93 91 30 7 257 336
94 41 12 5 326 591
9 50 25 7 618 763
84 56 11 1 272 375
55 98 16 2 480 754
83 85 24 4 555 648
2 13 5 7 288 483
80 43 17 1 452 590
90 45 19 2 266 522
29 71 11 6 454 614
50 30 20 6 466 681
86 24 28 5 516 759
25 55 16 5 206 357
46 35 18 6 354 595
45 27 30 1 316 387
15 42 9 5 474 604
98 66 27 7 502 735
33 11 22 1 568 788
97 98 8 3 411 620
90 34 8 3 365 662
89 89 17 7 293 475
8 44 13 7 595 701
22 51 16 7 229 352
56 59 13 7 208 497
29 36 30 6 612 799
69 68 12 4 519 592
15 84 29 3 262 346
17 17 20 7 327 416
25 14 9 2 405 513
7 51 15 2 312 434
15 63 10 1 397 547
70 38 28 1 254 404
67 13 29 3 575 758
29 57 24 1 238 335
82 100 11 5 610 742
85 72 22 5 476 623
69 49 26 6 554 758
96 72 26 2 499 749
87 81 21 6 294 458
3 56 23 4 619 753
7 73 10 7 438 662
58 63 21 1 422 678
91 44 29 7 427 693
42 93 19 7 511 782
84 32 8 4 521 651
8 39 28 7 711 773
35 99 29 7 460 748
65 58 29 4 475 564
33 88 8 6 351 532
20 93 25 1 223 503
87 13 28 2 488 706
49 39 9 2 424 658
82 39 8 7 577 753
87 52 13 6 227 389
91 91 28 7 588 726
65 75 24 1 280 373
70 37 29 3 550 708
31 41 10 1 299 495
7 58 15 2 404 597
99 37 23 5 481 604
73 49 20 2 364 582
4 88 15 2 286 562
60 49 16 7 536 669
89 29 15 4 543 727
63 77 12 2 321 381
5 74 9 1 481 724
75 56 9 5 401 556
69 82 23 3 268 418
71 58 10 7 460 571
30 80 26 3 372 515
77 17 13 1 428 526
71 4 26 4 310 560
22 38 30 2 702 777
8 14 21 5 340 597
72 79 5 7 223 358
54 54 30 2 522 722
60 55 25 2 493 738
16 87 27 1 385 564
11 53 30 1 452 712
86 38 20 1 466 540
23 61 6 2 349 558
82 97 20 1 426 581
64 48 7 6 411 553
10 50 23 5 346 595
50 28 8 6 422 601
27 91 25 1 431 658
74 0 28 5 310 431
6 29 30 2 432 631
88 64 13 3 452 713
66 39 13 1 215 502
13 36 30 5 352 443
55 11 12 3 491 662
5 83 19 3 605 776
64 11 26 3 321 527
82 81 13 7 580 751
46 54 7 3 590 768
60 45 22 4 360 449
34 65 25 5 476 735
93 84 8 2 328 550
8 87 10 3 357 501
44 100 14 4 235 513
30 98 12 3 242 385
63 3 29 6 474 560
17 85 19 7 237 416
97 4 16 1 390 618
96 18 14 6 226 358
17 56 11 3 300 600
12 12 9 3 214 408
7 19 19 5 422 632
95 76 7 3 419 561
18 56 16 1 370 431
60 75 27 6 407 689
33 71 5 5 365 487
96 46 16 7 475 724
0 60 14 2 413 631
83 44 26 1 473 663
51 43 23 7 647 715
94 100 15 4 329 431
10 43 9 3 229 402
100 36 21 3 259 553
77 75 18 5 347 581
84 42 30 1 599 670
73 9 7 5 225 460
63 37 14 4 425 713
39 39 24 2 524 768
57 48 17 7 223 430
14 64 6 7 397 641
22 67 19 3 290 426
64 94 22 6 547 695
10 90 16 7 349 627
72 99 19 4 290 543
75 97 29 7 438 727
71 39 26 2 418 495
10 13 12 7 418 623
16 26 19 7 274 372
97 83 10 3 464 615
41 49 7 7 654 798
70 5 27 6 331 545
0 82 30 6 449 535
74 5 6 6 323 399
79 28 23 3 255 389
15 60 19 5 518 649
24 84 10 4 407 686
94 86 5 1 594 771
45 74 19 4 609 787
99 48 23 3 237 536
36 85 11 5 581 735
3 9 8 6 351 563
49 88 20 3 588 799
35 92 11 2 229 490
69 58 10 6 625 797
92 47 14 1 205 490
80 53 11 3 528 787
47 7 18 3 275 403
64 12 13 6 297 477
69 97 17 2 390 586
23 40 25 4 331 550
59 51 18 7 619 790
92 97 20 6 237 355
50 63 8 3 216 380
7 43 21 3 579 737
74 98 7 5 574 764
68 91 23 6 255 530
25 66 5 5 691 785
87 34 6 3 277 453
23 77 24 3 205 273
88 54 5 5 465 755
81 100 7 2 450 660
36 83 19 5 464 742
50 90 14 6 523 691
25 4 13 3 406 692
86 82 13 3 671 731
94 55 21 1 307 404
28 49 21 5 581 749
2 56 8 1 599 787
60 82 11 4 308 564
33 84 15 6 291 366
29 34 8 4 578 688
83 48 21 3 375 582
23 75 27 7 546 640
37 48 7 1 330 509
60 62 13 5 493 727
63 31 17 2 497 771
51 75 14 3 579 782
71 52 16 2 504 689
59 32 9 7 463 533
15 41 21 1 481 552
11 41 29 5 445 609
94 16 30 1 568 663
51 32 14 3 509 586
45 87 22 7 259 347
9 4 29 6 590 674
46 59 25 6 387 666
96 80 6 4 314 532
98 79 21 1 264 516
53 20 13 3 640 734
35 46 18 1 451 703
50 70 7 2 304 402
78 73 11 4 639 796
99 15 10 5 513 620
95 56 15 4 661 776
21 57 16 6 250 506
53 1 19 3 610 680
56 47 9 5 336 460
