1560
61 3 0 0 0 0
72 19 17 1 427 541
84 73 22 1 359 422
77 52 5 5 215 477
24 43 7 6 205 321
66 12 6 2 390 481
78 19 5 1 342 438
52 17 12 6 360 539
71 41 14 1 494 678
100 88 14 4 473 591
56 88 20 4 338 470
41 47 17 3 530 788
34 33 15 3 279 534
92 14 23 1 349 577
67 73 9 1 317 552
54 49 14 3 448 626
86 11 17 7 308 503
34 32 22 5 256 352
3 0 30 1 563 756
98 95 9 6 478 714
25 77 13 5 541 704
99 24 29 4 478 724
84 9 25 6 514 646
14 68 19 2 574 656
10 20 30 7 561 768
59 73 20 2 525 618
91 58 17 2 307 491
27 7 22 4 386 584
95 3 21 7 626 743
80 78 18 2 294 533
73 92 7 4 235 478
76 67 9 4 374 638
55 67 12 6 223 517
71 49 19 2 235 508
88 79 10 6 225 288
11 7 7 5 613 718
23 25 13 2 633 767
10 54 17 2 214 293
50 77 23 1 479 708
47 99 16 3 533 630
21 65 22 5 343 569
47 43 15 2 297 540
43 49 19 6 441 646
46 13 18 7 584 650
40 84 21 3 415 633
97 3 9 3 338 597
59 45 26 1 216 385
59 0 11 1 362 524
19 52 13 6 291 452
46 23 17 1 208 429
37 71 14 7 608 709
99 12 15 6 504 795
39 79 24 2 513 774
100 67 27 3 341 409
12 62 16 3 519 787
40 2 8 7 348 644
46 97 30 7 283 376
99 89 21 3 229 331
58 29 19 2 391 652
47 52 6 3 641 712
28 94 23 6 304 386
97 62 26 7 383 536
87 28 26 3 306 413
40 37 25 2 599 763
15 30 30 2 506 586
28 15 8 3 313 450
37 9 20 3 444 672
80 39 27 7 369 592
42 13 29 3 443 619
81 0 22 1 444 560
1 82 27 2 242 362
9 16 8 4 523 796
45 20 5 7 709 780
22 93 13 5 342 552
26 66 25 7 474 707
25 27 17 2 371 524
38 43 27 5 399 618
72 44 8 2 353 634
49 78 14 4 352 470
8 4 13 1 205 438
29 85 19 7 385 571
86 34 23 1 370 439
99 85 15 4 375 595
65 6 17 3 567 761
48 50 9 4 578 695
100 21 7 2 249 331
45 60 14 3 444 523
42 53 7 5 335 444
19 1 30 1 516 713
61 61 15 6 440 674
59 82 21 6 551 633
21 9 12 3 666 763
27 75 21 5 519 782
75 75 22 7 429 646
27 60 29 1 249 383
5 20 26 5 337 547
84 76 13 2 279 558
26 74 7 6 286 527
86 90 15 3 270 475
36 28 19 2 642 730
78 46 14 2 409 656
7 64 28 5 473 676
79 88 24 5 513 620
50 32 6 6 440 667
85 95 27 2 423 660
21 28 23 5 473 654
93 54 8 7 442 679
42 99 5 4 337 449
18 35 24 2 256 501
11 39 30 7 310 492
11 51 8 6 374 531
100 61 10 3 292 373
19 14 20 2 519 580
11 85 5 3 539 672
96 25 21 4 261 470
100 97 9 5 380 627
58 51 25 4 591 751
90 1 25 5 260 542
80 18 29 4 611 712
79 2 6 1 205 366
15 19 12 5 326 515
28 66 8 7 692 773
73 71 12 6 362 653
66 53 8 2 225 289
16 61 22 7 297 464
45 37 7 1 359 511
53 74 25 5 611 680
83 19 10 2 594 661
34 36 14 6 449 539
36 35 28 2 435 729
57 43 29 5 263 438
57 48 18 5 215 301
69 97 22 4 273 530
55 92 13 3 530 786
25 46 18 5 348 422
56 7 22 6 216 384
5 38 29 3 567 660
24 34 10 1 439 689
14 67 13 7 510 685
7 46 8 1 391 583
29 74 7 5 217 383
42 42 24 4 510 658
47 62 24 7 392 536
49 42 8 2 287 453
31 27 10 7 459 734
29 70 6 1 200 460
3 44 15 2 333 619
28 73 13 3 375 647
16 31 30 4 514 624
92 94 20 3 478 611
51 13 9 3 468 749
32 32 16 5 466 601
73 67 15 5 647 717
22 79 12 1 282 427
53 29 16 5 578 722
59 23 5 4 527 593
75 29 19 2 336 541
5 90 26 2 271 471
87 52 7 4 548 765
70 3 19 6 203 288
76 18 19 5 532 699
58 96 24 7 449 705
15 28 21 7 483 723
29 28 26 5 538 761
52 48 25 2 452 565
63 49 11 6 235 517
25 37 24 2 286 547
0 96 7 1 434 726
98 94 14 6 693 795
63 74 6 4 647 796
100 10 10 5 578 712
5 82 22 6 505 596
53 5 26 4 246 466
8 37 18 6 397 505
2 48 6 6 605 730
66 68 27 5 662 750
86 97 21 1 387 503
49 99 21 2 238 518
75 14 6 2 681 792
39 14 11 7 525 589
19 91 10 6 472 676
69 72 10 2 333 457
99 25 6 4 303 602
66 60 16 1 334 608
82 34 16 4 356 500
85 2 22 1 552 652
43 14 6 4 440 620
89 20 27 4 384 569
19 66 16 7 221 304
85 41 7 2 646 799
24 51 17 4 302 477
28 16 19 1 235 458
11 91 13 5 475 647
9 49 17 5 553 674
22 46 8 1 391 667
10 47 29 1 504 670
98 23 17 1 558 671
75 50 9 2 251 335
99 34 8 7 649 787
59 13 26 6 700 767
62 85 27 7 333 536
20 38 21 4 263 413
100 34 20 5 585 677
0 45 9 1 477 614
4 53 23 2 429 643
88 31 21 1 443 519
53 59 30 4 566 668
32 84 24 6 404 627
56 36 18 7 328 559
94 8 9 6 403 660
27 74 29 5 601 798
54 75 22 5 652 752
98 20 16 7 490 692
27 8 23 6 408 646
77 72 20 7 602 674
33 67 18 4 411 689
30 64 8 4 589 750
80 71 29 6 567 764
93 24 10 3 339 556
81 55 22 5 340 471
7 39 25 4 500 776
65 67 8 1 416 625
20 27 7 3 469 658
74 66 24 7 307 516
1 86 27 2 287 421
43 61 6 3 271 449
19 36 24 1 486 580
11 65 15 2 467 603
32 67 14 2 373 567
10 23 27 2 336 453
19 77 25 2 514 587
31 17 22 5 353 443
21 2 7 5 429 581
1 50 10 5 325 595
45 3 9 1 296 410
33 36 15 2 521 720
59 78 12 6 581 756
29 95 8 4 238 363
11 76 22 7 459 735
46 95 20 3 230 448
37 1 11 2 290 366
77 89 15 6 417 567
65 86 5 5 506 692
17 16 18 1 246 369
51 25 18 5 356 655
94 91 20 7 330 516
7 50 14 6 350 646
44 14 12 5 420 622
19 83 23 6 342 477
67 22 15 2 201 479
88 76 6 6 538 775
82 37 14 7 460 628
99 37 18 5 639 738
86 62 28 4 235 338
0 14 21 2 646 780
43 100 8 6 603 721
29 3 22 3 435 637
13 62 17 4 364 639
23 30 18 2 297 540
66 74 9 1 384 665
93 51 28 7 510 758
73 6 9 2 363 572
13 0 10 6 258 506
79 75 16 1 508 763
10 92 14 3 390 599
57 75 5 5 559 691
53 81 29 3 335 488
78 61 23 6 446 702
83 47 29 7 276 366
66 3 22 5 514 650
16 57 12 7 266 534
57 0 13 7 679 754
74 28 15 4 217 433
5 29 12 4 277 399
55 86 13 6 359 484
41 86 15 3 558 762
53 63 5 2 479 650
69 27 17 3 552 708
26 76 30 4 242 388
48 61 5 6 278 511
12 11 23 3 204 264
15 6 9 7 218 510
67 91 25 1 265 414
95 76 8 4 446 559
86 68 6 4 458 614
74 7 21 4 320 601
38 70 21 1 321 597
94 78 24 1 521 757
47 80 12 3 563 689
69 14 26 5 468 586
35 52 11 4 300 410
46 77 7 4 417 702
8 8 6 2 382 507
84 59 17 3 287 348
61 9 12 1 453 718
79 55 8 2 565 658
61 33 18 6 351 414
81 52 19 3 496 593
96 11 8 6 436 723
40 56 24 4 391 637
61 65 10 4 569 719
83 67 30 4 472 557
1 78 8 6 411 604
97 63 30 2 678 785
72 8 26 3 471 622
93 64 23 7 262 322
93 45 11 3 626 714
70 99 24 2 502 582
29 79 25 6 723 783
46 11 17 6 424 672
0 81 10 1 592 797
48 95 12 6 471 551
98 40 27 7 572 669
65 90 10 6 443 592
35 23 25 4 201 488
59 24 23 7 438 606
81 80 9 4 261 336
73 18 22 3 255 400
8 47 30 3 631 787
47 0 21 4 498 687
30 23 9 2 425 686
11 74 9 1 512 732
8 70 21 4 212 366
72 45 28 4 666 752
8 76 17 1 338 590
60 22 25 3 436 509
65 50 6 5 327 578
31 20 12 1 474 731
40 10 29 1 316 496
71 98 23 6 357 625
49 63 18 7 212 383
48 68 16 4 422 705
98 4 15 7 521 750
32 73 12 5 460 634
19 45 17 4 313 577
74 35 11 7 253 379
0 55 30 7 603 736
73 3 28 4 678 757
31 60 12 7 435 659
44 46 18 6 536 630
49 97 9 6 370 598
78 91 27 7 427 672
68 46 11 1 312 545
96 92 20 5 472 761
53 34 5 7 481 601
29 45 24 6 325 611
92 67 26 7 431 723
29 78 11 1 411 640
16 58 29 3 646 726
13 38 27 4 448 699
0 72 18 3 353 514
44 92 17 7 438 649
3 27 26 4 376 586
33 77 7 2 527 799
9 29 7 3 661 739
19 7 7 3 342 428
54 22 5 4 296 390
2 20 11 6 200 330
4 95 7 5 261 420
23 51 16 3 363 500
93 44 18 5 397 639
71 30 18 4 285 373
45 19 13 2 644 738
43 29 26 4 301 455
34 13 6 5 235 386
0 31 9 6 527 589
30 58 29 3 511 792
84 43 16 3 236 358
60 76 21 3 258 420
64 40 12 4 703 778
40 46 26 3 378 476
38 14 25 2 485 634
87 93 7 6 326 423
31 37 9 4 348 506
27 70 29 6 397 535
6 53 10 5 217 348
14 29 26 4 556 769
10 16 10 7 567 682
8 31 13 3 678 777
13 47 25 1 628 713
74 77 25 7 374 473
86 53 18 5 202 502
55 83 29 5 436 560
85 54 16 1 597 748
43 31 15 2 345 508
32 54 25 2 333 547
0 44 10 7 513 621
63 32 17 7 480 569
2 18 13 6 241 501
28 82 11 1 435 516
1 95 23 7 536 640
76 82 13 3 403 534
11 66 9 1 204 323
3 60 6 3 297 482
57 69 26 3 281 494
30 2 15 3 367 427
64 1 10 1 239 385
79 23 24 6 473 767
49 12 7 5 471 702
84 50 22 6 287 484
20 67 5 1 579 718
57 19 21 7 535 665
33 89 17 2 409 619
77 79 17 5 256 465
51 72 25 7 308 515
5 74 30 7 467 735
80 96 18 5 495 635
63 6 5 5 225 313
72 21 22 1 372 533
1 83 28 3 299 400
7 95 27 3 519 657
95 95 23 7 392 522
2 78 9 6 607 674
44 3 25 2 611 707
24 52 9 1 657 778
1 96 11 4 298 521
19 100 16 5 584 759
14 78 19 2 460 549
59 38 7 6 507 613
78 64 10 7 580 730
60 59 9 5 546 703
20 9 14 5 487 699
84 6 17 4 293 510
60 6 18 3 398 549
29 54 13 6 516 587
71 59 6 3 305 532
60 92 6 6 555 655
57 88 7 3 277 367
40 48 14 4 352 515
94 73 26 6 635 706
50 56 9 3 485 671
88 96 16 4 219 347
71 8 12 3 480 564
61 52 7 4 462 564
42 92 10 4 323 442
69 88 26 2 536 701
88 85 19 7 403 466
33 12 28 7 520 650
82 31 24 5 398 478
68 61 5 3 332 575
1 16 10 3 418 521
92 60 9 1 478 723
15 67 26 2 379 513
94 85 10 1 302 483
73 88 12 7 509 605
49 40 28 3 575 699
55 12 16 5 307 528
72 78 15 6 509 662
28 91 24 5 277 509
97 56 20 3 428 497
53 89 26 7 409 620
8 1 9 6 250 362
15 48 17 1 415 516
9 78 17 3 346 483
34 72 9 1 412 536
5 25 13 6 361 509
16 28 6 3 371 468
83 55 23 4 590 687
86 84 11 2 420 691
46 17 5 2 289 481
81 96 29 4 491 727
95 0 21 5 338 494
69 34 6 4 438 636
80 4 19 3 663 789
31 73 23 3 526 798
15 15 23 3 455 521
51 4 6 4 618 753
38 11 9 5 515 626
29 30 21 6 625 688
77 10 18 3 454 739
48 75 19 5 361 450
37 90 6 3 336 485
69 40 25 3 407 676
23 38 10 3 532 616
94 22 23 6 211 414
38 87 30 5 685 747
89 77 10 3 424 673
88 95 30 1 419 495
13 39 13 5 472 768
95 48 11 2 385 615
92 9 11 2 284 437
90 47 15 2 417 543
26 4 23 2 242 308
34 1 24 2 421 603
78 79 28 3 268 538
71 85 7 5 413 655
57 30 22 2 516 668
71 99 21 3 386 585
64 9 8 2 218 286
49 69 19 4 392 660
14 10 11 4 412 631
100 83 17 6 593 716
83 18 24 2 466 613
99 5 30 6 531 748
35 86 26 2 612 769
90 36 25 1 250 356
82 39 16 1 278 396
51 61 14 1 486 645
76 30 7 2 260 524
61 28 18 7 402 600
99 97 24 6 629 720
94 76 8 1 391 458
44 97 20 7 281 416
99 22 29 5 421 579
97 0 22 4 478 666
36 72 19 7 442 507
96 64 16 1 381 482
15 9 14 2 291 503
91 77 20 7 659 768
96 76 20 5 250 437
96 16 25 4 486 630
100 30 26 1 499 567
95 70 5 2 260 406
70 93 20 4 212 462
22 90 24 3 426 508
7 9 18 2 411 696
95 53 20 1 534 649
56 21 27 4 418 578
55 52 13 1 213 455
62 96 23 7 378 649
49 3 13 4 363 607
52 19 27 1 535 778
1 72 20 2 497 606
8 7 5 6 404 637
16 0 29 4 247 469
90 49 24 4 345 628
65 95 21 6 427 688
81 69 25 6 226 347
67 11 5 6 219 374
13 44 29 7 444 700
32 17 27 1 462 668
89 16 11 6 484 709
50 18 23 1 245 501
75 34 7 6 514 689
37 79 25 6 537 623
13 34 28 2 640 712
72 93 10 7 384 670
34 11 7 4 216 421
37 92 28 3 316 449
42 68 19 6 416 592
67 4 5 6 473 715
63 48 14 6 205 377
75 45 22 2 355 419
21 52 23 2 505 729
92 40 20 5 303 582
43 59 5 4 386 499
18 64 17 1 536 596
25 36 6 6 494 621
6 57 13 1 257 414
73 74 28 3 494 690
4 94 27 7 228 336
14 73 20 6 607 707
52 77 22 2 400 543
83 99 25 5 638 797
7 79 22 2 359 425
63 46 20 4 472 644
36 85 20 6 425 561
55 38 15 5 458 643
77 4 14 4 439 574
87 5 30 5 292 450
86 19 26 5 257 533
52 0 14 6 616 677
90 48 28 5 379 670
71 91 19 7 604 711
98 50 9 5 342 604
39 30 10 3 254 345
81 25 17 6 500 584
5 23 30 4 234 323
94 24 23 6 518 662
86 96 14 2 304 500
76 85 21 7 200 287
32 43 13 5 371 526
66 67 22 4 236 319
52 51 24 4 499 701
70 47 12 2 532 628
81 95 12 1 622 725
41 46 12 2 362 571
74 33 21 7 282 528
18 27 20 1 491 707
43 23 22 1 400 576
51 29 7 1 592 787
31 36 10 3 497 666
17 25 6 1 560 777
50 33 6 4 207 272
14 5 21 1 406 683
42 77 7 5 290 393
4 65 12 3 422 672
47 37 18 7 365 505
12 51 24 7 200 302
82 28 7 6 460 543
34 9 30 7 540 757
74 61 10 1 631 740
69 70 12 5 236 442
6 54 24 6 321 444
46 81 28 6 347 610
53 52 28 2 360 613
42 14 12 5 373 491
80 55 9 1 588 776
56 34 22 1 246 365
78 7 28 3 640 728
61 43 12 5 330 591
32 79 15 4 357 424
54 72 7 6 438 582
59 42 24 4 280 515
21 17 20 6 479 692
82 52 7 4 440 525
83 14 13 2 608 678
29 0 24 1 243 354
67 66 24 3 427 629
79 17 25 5 610 782
97 9 28 3 283 545
57 84 13 2 471 757
92 23 23 7 412 554
40 58 16 4 474 644
28 64 29 7 296 452
63 30 7 6 629 752
95 51 29 6 296 400
89 85 17 3 349 454
3 21 17 3 224 518
13 15 13 2 662 729
80 28 13 6 214 449
37 89 21 5 491 686
43 86 11 6 598 728
35 53 19 7 319 474
88 45 27 7 369 640
77 30 30 7 480 600
71 2 6 1 575 642
34 30 21 3 485 683
83 98 22 6 304 401
57 94 7 2 271 476
18 57 30 3 651 769
44 38 5 3 227 385
11 98 20 1 331 614
81 88 19 6 344 478
45 17 22 7 263 394
86 3 13 7 211 480
62 12 8 2 559 658
33 91 9 6 454 683
92 96 15 3 444 598
37 31 22 2 578 730
86 26 6 2 400 612
47 54 22 1 485 635
64 57 9 3 599 713
45 85 25 1 324 610
29 8 11 6 381 515
42 83 30 3 477 554
74 52 24 3 252 475
81 9 10 2 474 726
61 40 6 6 360 501
9 30 24 6 384 595
22 76 20 5 253 399
58 17 9 2 319 605
79 74 15 3 212 379
65 81 21 4 467 734
89 91 8 1 355 560
1 26 19 1 301 411
22 29 19 4 311 451
49 66 19 2 254 443
46 75 25 1 278 500
18 79 9 6 329 468
4 96 10 1 505 572
43 4 28 5 465 682
22 52 14 4 277 357
67 47 15 1 288 561
12 87 9 5 264 507
70 49 25 4 308 405
35 41 16 4 556 679
38 86 24 2 204 455
71 64 27 3 462 725
33 63 30 1 371 650
58 59 18 3 601 771
53 47 30 3 392 473
9 48 6 7 557 624
55 49 26 6 259 464
4 21 10 1 338 536
54 43 11 6 383 485
23 67 29 3 405 627
20 89 7 4 294 431
88 48 25 4 292 520
97 58 23 1 511 773
93 69 11 6 347 440
22 42 20 5 396 524
80 5 23 7 414 476
31 11 12 1 358 530
72 96 28 7 491 571
76 89 25 4 481 542
0 37 14 5 527 606
70 74 6 4 226 488
95 92 10 6 234 351
89 26 22 6 219 434
50 41 16 1 243 474
84 39 15 2 709 782
63 78 8 1 240 336
99 33 20 1 391 636
25 70 8 1 346 488
92 10 21 4 457 736
91 91 19 2 527 655
38 10 23 1 610 691
50 28 22 2 223 319
41 8 5 1 529 643
17 74 13 6 327 521
25 54 28 2 612 736
44 71 9 3 387 588
43 55 7 5 503 714
6 83 5 1 340 502
24 95 9 1 457 687
56 35 11 7 373 552
51 37 19 7 359 478
54 26 29 5 294 561
74 21 23 5 655 782
53 58 16 6 257 342
63 71 23 3 631 793
82 96 22 7 636 735
18 42 27 3 228 460
61 53 12 2 308 528
93 9 18 6 635 716
77 5 28 5 246 534
35 80 14 2 424 488
42 52 19 1 606 671
94 42 22 5 527 590
2 47 10 4 708 771
63 16 6 3 618 699
38 52 15 1 408 629
43 20 21 1 424 635
51 14 14 5 443 653
42 1 9 3 539 626
88 47 13 5 229 483
83 89 16 2 312 471
52 85 25 3 252 353
51 57 30 5 442 502
61 78 29 5 585 705
18 17 11 2 282 564
31 93 26 3 441 629
33 99 26 2 617 735
72 56 23 6 554 759
15 37 7 3 286 369
51 87 24 4 535 622
65 49 8 5 323 454
20 95 26 5 253 377
38 32 8 1 503 771
19 16 9 6 611 741
20 83 21 4 466 714
94 43 25 2 407 545
39 87 9 4 448 576
44 13 14 5 448 581
24 7 30 4 266 385
94 44 26 4 556 688
26 16 20 4 211 322
26 5 25 4 298 427
5 8 25 7 308 453
81 61 25 2 477 610
87 68 9 3 476 738
45 6 6 1 464 557
54 17 29 6 390 633
71 70 17 2 610 699
27 20 26 7 375 649
37 48 14 1 316 501
25 64 25 2 504 623
16 69 29 3 448 709
61 58 21 1 404 648
62 98 27 6 450 693
2 100 25 2 221 465
37 35 17 1 355 581
37 70 13 6 508 629
42 55 6 3 411 524
67 69 24 2 217 358
73 73 6 1 603 775
61 50 20 5 395 478
7 25 28 6 496 582
26 64 26 2 417 662
44 82 8 6 387 617
39 15 24 7 680 796
13 53 12 4 573 764
77 49 16 2 314 586
35 34 25 4 574 697
88 55 8 3 228 322
27 19 11 3 699 789
15 39 27 4 254 459
54 35 23 1 504 588
54 71 14 6 624 717
59 46 9 7 239 304
82 95 11 6 349 487
45 64 27 1 572 651
39 83 22 1 422 482
81 97 15 5 451 517
47 71 25 5 355 626
63 87 5 2 343 447
67 82 16 3 232 329
14 8 27 7 250 442
2 60 13 2 432 496
43 90 24 5 261 514
55 74 16 2 596 740
98 25 21 3 620 732
82 38 17 5 241 338
20 42 25 4 497 693
47 79 13 4 438 619
75 55 29 7 330 414
1 47 11 2 266 551
96 6 14 5 385 527
8 3 20 1 495 641
50 14 15 2 528 673
25 22 10 1 294 497
48 100 6 4 263 363
9 15 10 2 579 755
33 40 24 4 386 456
54 78 29 5 700 790
40 18 19 1 465 755
66 39 22 6 479 712
17 45 23 5 312 453
29 80 30 2 220 444
58 20 22 7 581 699
68 96 11 3 624 775
24 30 30 2 220 425
30 15 26 7 569 726
2 96 20 2 422 536
63 97 14 4 250 515
41 28 29 2 617 775
95 42 27 4 345 412
14 11 15 7 674 773
53 3 23 3 343 621
75 88 16 3 644 787
56 9 29 5 572 711
68 1 16 3 236 321
58 86 23 2 313 377
19 89 12 3 328 600
60 50 17 6 567 691
8 18 24 4 475 757
18 33 8 3 715 787
28 57 18 3 630 705
31 21 11 6 257 382
76 68 30 5 292 394
23 43 18 6 308 393
4 71 24 6 431 687
45 8 19 5 445 557
34 100 28 3 512 754
67 61 29 5 544 636
40 0 10 3 505 750
48 59 11 6 321 507
84 24 17 1 562 736
50 43 11 3 213 374
8 68 26 7 322 398
87 25 24 7 597 769
53 11 15 7 620 681
40 21 20 7 212 442
59 71 13 4 299 406
25 98 14 4 583 726
58 24 18 4 464 694
36 50 23 4 518 604
7 1 25 2 283 422
70 91 21 2 220 517
94 57 15 2 458 749
9 98 29 3 442 549
71 29 21 3 494 726
67 68 28 2 370 618
49 13 12 7 460 628
44 39 20 3 485 781
68 11 18 3 664 785
93 84 22 3 625 780
54 18 19 1 273 398
37 5 20 2 355 494
24 58 6 6 278 532
37 11 6 3 338 448
86 20 7 7 357 476
74 15 12 5 529 596
83 71 16 6 378 590
10 22 25 7 676 736
4 84 9 5 207 392
81 5 17 7 468 579
25 4 26 3 511 601
100 26 20 1 225 296
26 6 13 3 470 596
80 30 30 1 476 724
54 32 29 6 391 573
71 92 30 6 395 474
47 15 25 1 427 668
63 41 20 2 484 703
22 50 7 7 542 610
24 32 11 1 329 599
15 63 29 3 397 667
11 19 18 3 381 553
61 31 23 6 641 701
38 51 19 5 376 624
1 93 17 6 443 619
99 76 8 7 422 485
81 79 14 2 387 521
31 8 25 2 422 548
60 2 16 3 389 515
8 67 17 2 537 634
2 5 6 6 546 629
84 23 12 6 288 455
31 52 8 1 429 710
7 0 5 7 555 724
22 12 20 6 569 697
10 93 15 2 586 777
44 57 13 2 341 587
33 26 20 1 366 427
8 30 25 2 529 702
100 2 10 7 470 738
19 5 10 7 536 617
33 55 23 3 270 342
2 71 23 1 257 511
66 82 27 3 331 520
68 33 22 5 380 650
73 55 13 7 388 556
34 83 18 5 285 459
20 98 5 6 505 665
77 100 5 6 271 506
58 28 25 5 305 547
11 22 21 7 519 609
9 27 22 2 573 641
94 40 13 4 595 662
55 19 8 1 470 661
54 10 12 2 248 505
58 92 16 1 235 350
27 42 6 4 352 507
47 40 10 3 398 529
56 37 17 7 523 742
22 72 9 5 431 576
64 42 22 5 547 789
69 79 12 6 726 786
62 88 18 5 289 586
55 37 21 4 585 712
49 32 21 2 408 592
98 27 13 1 364 453
23 68 12 7 389 576
60 7 28 5 264 474
12 59 29 2 536 680
34 68 10 3 326 524
44 93 17 1 275 559
42 98 26 6 703 776
83 2 26 6 477 572
32 26 16 2 386 674
8 46 7 5 571 757
21 98 8 7 584 672
26 82 22 4 322 508
46 1 10 5 458 627
94 50 26 6 281 529
61 25 13 6 409 551
34 47 21 4 594 768
43 56 25 1 200 349
34 93 5 2 552 747
9 65 19 4 307 526
75 9 19 6 263 448
54 6 7 7 460 631
14 96 7 4 387 668
86 66 28 5 629 701
87 84 23 4 663 729
14 38 7 7 674 779
2 42 28 4 348 527
19 86 7 3 277 388
12 97 30 4 397 577
75 46 27 6 355 598
70 0 21 7 231 361
28 9 8 6 452 739
33 31 16 2 454 573
96 61 20 4 324 443
83 63 11 2 582 672
95 38 26 1 265 559
44 58 21 7 510 618
42 10 28 3 636 754
84 53 24 1 401 683
91 25 28 3 650 760
39 77 17 7 461 532
97 42 8 1 324 471
27 94 7 1 205 358
65 48 6 4 417 564
65 80 29 3 607 794
64 98 9 4 240 488
41 56 25 7 330 594
21 77 29 2 485 600
40 81 11 3 592 777
43 97 10 5 383 524
91 65 26 3 658 749
17 13 8 1 362 650
48 58 29 3 274 556
56 62 17 7 586 715
43 52 14 1 256 377
7 75 27 3 458 592
13 21 8 5 612 763
90 70 18 7 396 617
95 6 25 3 366 444
11 82 23 6 709 782
44 42 20 6 320 429
84 19 6 6 634 722
46 34 13 5 395 599
33 56 13 7 498 685
0 78 10 5 259 391
49 51 30 4 441 692
36 36 21 5 224 486
83 10 23 1 247 408
91 59 25 3 438 679
92 53 7 2 253 462
18 23 19 1 418 640
35 49 30 2 420 607
51 78 25 2 347 416
91 41 28 3 351 472
27 49 17 3 399 542
22 63 24 1 352 430
10 60 29 5 332 439
46 49 25 2 305 544
49 76 23 6 501 722
64 13 17 6 364 564
75 21 25 3 533 653
32 99 19 5 566 743
90 23 29 3 235 444
95 60 26 4 525 767
41 51 13 2 510 631
7 16 12 7 541 634
35 55 17 5 346 533
1 56 15 5 394 527
12 55 19 4 390 650
43 80 20 2 402 696
67 57 20 7 219 289
82 70 13 6 405 529
26 35 17 2 372 485
78 96 11 7 291 381
66 10 28 6 236 390
33 53 18 4 559 755
11 57 13 1 529 629
60 71 11 4 590 750
72 89 24 3 493 602
28 1 19 1 466 602
91 47 18 2 240 373
55 62 28 7 454 653
24 94 27 5 303 374
19 56 30 1 309 406
5 99 11 1 444 742
25 73 18 6 495 660
29 22 21 4 390 687
89 6 10 7 557 619
47 30 8 5 364 525
21 63 19 1 431 655
46 19 13 1 602 763
0 64 27 2 592 667
0 29 26 2 367 549
2 70 30 2 493 791
47 3 18 3 551 718
39 3 29 7 315 613
85 88 18 7 355 598
28 26 20 5 588 648
26 12 23 2 507 660
7 82 29 3 562 678
66 93 22 3 668 794
69 51 30 1 325 406
23 83 25 4 208 372
82 99 22 4 216 427
5 28 28 7 497 752
13 94 14 1 458 542
58 34 12 5 412 615
66 73 25 2 437 538
57 90 26 4 532 646
49 4 27 3 457 617
10 57 19 4 568 656
72 3 26 1 434 578
87 42 30 5 331 399
4 89 26 5 545 765
11 14 30 6 563 796
59 57 25 3 552 696
36 34 8 4 305 508
94 46 5 1 586 657
36 56 18 4 567 659
98 82 24 4 619 780
87 1 26 7 426 494
19 97 26 7 636 720
53 26 6 3 417 704
45 84 6 5 296 485
8 17 12 3 487 783
77 44 13 1 686 776
98 56 13 7 341 469
29 93 27 4 670 776
77 35 27 5 284 493
43 50 15 2 461 741
95 91 22 2 385 465
55 77 24 1 613 730
68 15 29 3 325 463
10 99 14 6 313 451
22 38 5 2 428 624
94 79 17 7 329 551
12 74 27 3 305 594
40 78 21 4 443 729
20 69 11 2 555 784
21 15 12 6 390 528
7 19 26 3 271 518
92 11 29 2 513 647
78 47 11 1 507 763
8 87 23 5 569 715
63 47 16 6 674 740
16 2 19 1 644 779
30 57 30 3 626 744
62 95 12 3 657 752
58 12 28 2 507 626
36 77 17 2 408 614
51 38 11 2 499 779
92 33 27 4 391 646
89 14 6 2 234 397
62 87 21 7 353 420
77 91 28 4 219 502
41 44 21 6 264 522
31 99 18 7 304 532
35 83 16 4 294 465
59 60 16 1 410 565
4 1 28 4 277 532
77 58 15 5 282 398
42 96 24 1 431 493
2 52 21 1 314 608
79 65 15 6 367 604
67 94 10 3 430 667
26 87 7 4 282 493
5 95 14 4 576 797
30 71 7 1 320 586
49 39 6 2 403 620
74 75 8 5 404 543
71 71 25 4 468 760
99 14 7 4 236 427
66 83 15 3 538 628
84 58 23 5 536 795
62 33 21 2 429 627
67 7 10 2 585 731
74 90 14 2 330 405
84 91 25 7 541 761
90 94 5 7 334 433
73 87 29 2 308 456
46 57 13 5 519 637
60 34 13 3 407 670
62 21 16 1 587 691
38 99 22 1 539 788
5 15 28 1 262 530
74 72 11 2 611 742
72 36 10 6 668 737
53 1 6 7 298 517
21 62 28 1 263 507
49 11 27 4 554 745
50 8 9 7 386 675
63 70 10 2 566 725
30 50 8 2 378 483
57 12 26 4 353 636
19 81 30 2 558 800
0 17 16 5 553 622
74 55 15 2 284 412
42 30 8 1 336 623
82 93 21 3 450 671
39 45 19 5 713 798
68 7 22 2 203 340
35 6 8 2 604 787
66 19 21 4 482 751
84 71 30 1 313 386
89 22 23 1 297 371
23 49 29 5 341 479
16 1 18 3 509 763
53 45 15 5 412 623
45 23 7 6 543 672
53 84 24 5 263 540
79 87 15 5 539 798
70 42 17 1 363 643
70 37 12 3 255 327
36 4 16 4 255 417
69 44 5 2 568 648
93 37 8 1 448 720
18 83 8 2 376 464
28 51 15 6 543 697
86 45 15 5 309 378
51 98 21 2 285 345
88 59 14 4 420 662
82 80 30 7 557 779
20 49 7 1 326 462
30 72 19 4 499 613
17 78 7 7 367 611
74 25 24 4 262 484
42 85 19 6 556 643
52 7 5 6 516 588
80 17 28 5 625 696
95 86 30 5 373 663
74 39 17 2 427 651
9 70 25 7 498 720
34 62 18 5 238 498
58 91 28 4 723 795
56 57 5 4 301 487
18 88 19 3 304 537
75 33 9 1 422 594
97 95 27 5 361 530
11 41 18 7 221 328
27 34 15 3 462 651
59 2 21 1 632 719
43 96 23 7 375 516
56 48 23 7 458 530
60 51 25 2 236 498
86 87 8 1 531 635
62 28 30 3 352 523
71 47 28 5 308 543
36 26 11 5 572 734
16 14 13 5 489 549
17 54 6 6 343 581
18 8 12 3 532 621
26 10 11 3 302 601
1 64 9 7 422 503
96 44 30 4 632 761
95 84 20 5 305 481
83 8 11 5 531 707
47 97 25 5 482 738
84 79 7 2 307 420
99 46 24 3 721 795
18 25 26 1 315 408
95 79 13 7 264 413
87 41 6 1 336 500
33 86 22 4 205 467
57 40 22 4 218 469
95 1 6 6 348 518
45 56 11 2 369 632
85 68 22 2 486 614
30 10 5 7 439 670
67 54 6 1 377 537
86 32 12 7 503 663
33 66 5 1 716 793
80 69 24 5 570 691
35 4 11 7 248 402
80 47 30 2 206 405
42 72 30 1 377 481
94 66 8 4 338 597
0 61 11 3 497 581
2 86 29 4 488 598
37 98 6 6 517 649
61 35 10 5 301 599
46 68 22 4 652 778
0 38 8 7 495 703
37 53 13 4 362 485
97 64 6 2 394 488
32 83 17 7 279 406
67 58 30 4 534 716
48 33 27 3 238 370
41 82 7 5 545 773
97 18 17 4 530 617
61 23 12 5 202 301
7 28 29 3 637 745
57 76 30 2 374 502
100 35 27 7 262 396
57 66 18 4 586 676
5 86 6 7 372 635
98 80 21 1 627 757
56 83 16 4 455 626
27 46 17 5 419 613
20 58 23 4 660 721
73 12 9 2 382 550
4 39 12 5 472 584
65 31 27 3 421 549
45 22 28 1 340 451
31 89 12 5 417 635
9 95 11 1 703 780
37 46 24 5 509 691
12 81 11 6 596 744
77 88 21 5 542 728
1 17 29 1 504 705
12 100 29 6 453 616
48 26 25 4 691 784
52 41 25 5 659 752
11 12 13 3 233 476
91 48 22 7 227 442
14 22 22 6 479 661
81 21 26 2 537 727
25 72 10 4 222 494
25 19 20 3 430 684
3 32 19 7 272 537
44 17 22 5 614 770
8 88 13 7 323 526
68 5 30 1 402 610
48 29 12 5 604 706
82 23 23 7 354 463
92 41 14 6 472 609
32 16 16 5 379 634
73 77 21 7 564 799
21 43 15 2 458 634
96 22 22 3 227 421
88 42 8 5 715 796
14 97 22 3 310 519
1 37 13 5 354 501
78 40 20 2 351 429
22 24 19 6 658 759
87 40 29 6 473 743
72 33 11 3 262 459
92 80 5 4 250 549
94 65 25 6 267 460
99 17 22 2 544 798
68 44 26 3 543 784
25 31 18 1 438 591
12 66 19 4 313 426
71 24 29 3 219 296
36 99 11 6 599 669
23 97 13 2 218 339
11 25 23 6 226 442
25 58 11 7 540 662
90 10 25 1 217 473
31 22 5 5 625 796
75 40 14 7 438 716
90 19 25 5 654 753
64 33 10 7 595 783
34 90 12 2 513 765
85 73 6 3 272 469
10 6 15 3 499 636
50 35 15 4 495 658
94 63 18 5 388 687
9 89 8 6 292 580
7 15 29 6 556 784
2 11 30 7 501 724
56 11 15 6 433 667
22 89 19 5 608 783
49 64 21 5 418 678
22 4 13 5 373 469
2 90 29 3 538 736
67 15 15 3 398 496
90 32 26 7 419 606
33 25 14 3 472 543
51 49 7 5 365 454
62 27 25 5 564 648
100 47 30 3 474 577
83 41 8 1 624 794
35 32 24 6 351 486
39 18 9 7 295 575
81 43 19 4 259 387
96 63 24 3 226 431
13 57 22 2 468 749
35 74 10 3 548 625
0 57 28 4 537 633
22 39 15 7 359 468
19 15 8 6 392 463
34 35 16 5 356 504
27 97 6 2 342 516
52 58 11 2 557 756
30 61 19 3 454 611
93 70 7 1 251 331
83 83 13 6 459 664
65 30 20 2 528 677
93 28 6 4 313 554
73 11 29 4 358 615
79 21 27 4 358 427
64 22 8 5 436 613
49 23 21 1 347 487
0 85 6 5 476 738
78 77 23 1 235 497
64 0 14 2 202 464
79 3 15 2 646 711
63 89 18 1 356 531
52 25 26 5 527 679
54 54 17 4 208 357
56 100 21 3 494 662
83 0 17 5 550 761
90 96 13 7 299 453
18 53 24 6 538 628
39 92 26 3 251 546
56 32 16 5 505 581
85 22 27 3 588 708
24 39 16 3 244 528
49 62 19 1 564 764
4 37 12 3 506 728
17 1 28 7 279 505
50 26 27 5 247 534
16 30 19 4 461 666
62 22 8 4 286 441
16 86 8 1 200 434
2 8 25 6 225 430
98 19 20 2 623 740
56 19 23 2 278 445
98 72 28 7 497 698
0 56 20 4 460 684
17 8 25 7 328 457
96 43 11 6 213 467
7 49 12 5 277 369
23 62 18 1 265 485
63 86 11 7 266 393
69 10 22 3 530 669
88 63 23 3 440 555
71 67 26 7 304 412
87 63 10 1 324 398
84 41 30 3 305 587
93 68 18 4 330 425
30 98 13 4 413 623
36 1 19 4 407 511
3 77 13 6 295 370
74 92 20 1 649 731
53 76 14 7 347 480
93 88 26 6 276 510
70 86 9 1 241 440
27 62 21 2 500 637
70 9 21 1 468 643
82 13 13 1 260 502
27 35 16 6 493 733
23 85 19 2 465 642
54 36 19 4 519 661
98 16 28 2 366 658
87 17 11 7 325 590
93 31 10 6 288 498
90 39 5 2 546 752
56 0 19 3 517 615
29 87 7 6 391 671
76 91 13 6 572 796
94 51 27 6 303 465
71 31 9 5 251 391
87 11 8 7 301 407
80 13 16 3 249 438
5 80 28 2 453 724
77 80 20 1 225 438
48 4 21 7 655 718
32 85 8 3 329 619
96 88 21 5 204 302
20 79 11 1 533 627
39 52 16 3 456 565
29 25 6 4 325 504
36 12 8 1 280 399
70 43 7 1 262 439
67 77 27 1 249 482
71 14 23 3 238 447
10 8 5 2 523 721
56 4 21 6 339 469
2 45 6 1 604 720
53 90 30 7 203 475
94 96 29 4 480 777
47 7 9 6 462 672
0 89 11 3 405 522
67 36 22 5 317 446
74 51 18 1 263 352
97 6 10 5 612 687
98 62 20 3 478 541
80 91 8 2 224 503
78 56 19 1 283 418
99 92 10 6 453 579
28 25 8 1 421 688
54 15 16 4 242 536
83 34 5 1 281 484
2 53 19 2 258 419
39 4 26 6 381 613
4 93 10 5 518 764
77 83 28 1 244 399
7 12 19 5 725 785
73 36 14 4 285 545
98 30 29 6 346 492
87 79 17 7 513 677
92 74 13 3 331 630
65 91 11 2 504 690
45 66 9 5 250 461
8 15 17 5 358 642
94 4 5 4 306 537
47 93 30 3 286 536
53 70 8 6 540 694
50 22 15 5 279 386
86 93 28 1 566 643
38 100 11 2 630 784
14 50 21 4 403 555
68 66 15 4 366 580
86 18 15 6 245 540
2 81 24 2 574 685
46 90 12 7 328 497
31 23 10 3 496 662
44 64 17 4 452 733
82 49 30 5 368 531
60 93 24 4 304 475
43 51 10 2 434 663
35 36 12 5 485 618
73 46 27 5 304 562
45 14 22 1 550 667
77 78 24 7 245 329
49 10 10 2 318 537
10 41 11 4 478 713
17 77 21 5 473 683
78 86 6 2 221 417
83 72 27 7 271 357
29 88 29 1 256 552
42 44 13 3 490 773
77 76 23 1 425 516
73 61 19 6 249 416
62 16 30 4 321 422
78 1 7 6 459 752
33 51 18 5 381 674
62 50 24 1 366 653
24 29 26 1 437 658
64 27 19 1 465 709
45 52 7 6 306 591
9 88 9 1 368 479
7 84 21 5 393 487
84 10 29 7 228 416
79 69 12 3 398 584
7 65 29 3 457 723
79 97 16 2 482 726
93 52 7 1 637 760
73 57 12 4 200 369
39 97 10 1 403 635
7 26 8 3 297 508
71 6 6 5 390 549
38 20 6 1 617 781
50 90 29 6 451 607
5 0 18 7 321 467
20 93 10 5 224 322
68 28 29 3 521 639
31 42 24 4 408 521
21 44 16 5 400 607
87 91 28 4 315 579
78 54 21 5 226 376
74 17 19 6 353 565
73 45 12 5 473 737
7 7 13 3 367 532
26 18 24 4 539 681
22 69 17 2 295 524
100 82 24 4 331 527
26 42 15 3 585 780
48 63 16 7 248 428
53 20 25 5 482 772
71 48 27 7 296 594
67 84 23 4 603 732
99 55 20 1 566 655
68 13 14 5 358 632
18 16 21 6 505 617
21 69 14 6 625 759
68 75 17 6 397 665
5 37 9 5 420 481
19 78 10 2 351 575
42 90 22 6 260 400
28 3 15 7 521 778
54 23 15 4 384 460
48 48 25 7 549 639
14 17 23 1 317 545
30 44 9 3 210 279
87 75 27 6 535 741
99 6 12 7 239 412
91 24 18 2 499 580
76 31 27 3 452 526
84 8 14 5 281 514
65 64 16 5 534 722
13 45 24 5 344 522
26 45 26 3 454 721
68 32 27 7 409 644
61 26 9 5 525 707
47 16 25 6 312 387
83 54 19 7 568 652
24 88 21 5 555 763
45 46 23 4 673 744
83 26 20 2 434 630
72 97 7 5 423 604
87 72 28 1 438 555
81 81 26 6 509 719
58 99 28 2 670 792
19 72 7 2 422 504
60 4 30 6 438 697
34 21 16 4 627 732
39 25 18 7 439 583
61 54 6 5 341 628
76 60 25 7 686 752
99 78 13 1 454 534
83 7 14 7 612 678
43 78 22 6 434 500
20 51 18 1 284 554
86 23 30 4 208 277
57 39 5 6 356 506
58 42 22 7 502 590
10 50 22 2 251 317
10 56 18 6 498 714
81 67 30 7 303 452
40 6 10 6 525 789
59 20 28 4 412 591
89 38 11 1 378 590
52 39 12 3 404 518
51 32 15 6 722 793
66 91 26 3 476 585
2 24 26 6 256 512
