1040
91 100 0 0 0 0
33 33 10 4 553 634
54 29 5 6 486 557
58 20 18 6 373 448
59 52 25 2 471 587
46 50 7 3 284 406
40 24 17 1 413 640
92 66 29 7 420 715
76 89 11 6 297 501
83 37 29 2 294 515
5 10 18 5 584 798
48 0 16 6 459 606
49 81 29 4 601 772
59 47 30 6 382 599
91 86 5 2 315 584
86 17 7 2 374 488
44 50 8 2 326 551
6 90 10 5 475 737
69 81 21 2 388 496
7 96 12 1 397 494
8 27 18 1 674 751
49 53 12 5 485 697
69 26 27 4 252 529
80 29 16 2 316 377
57 25 14 7 538 677
47 74 17 5 327 535
6 99 6 4 434 669
54 14 23 5 218 407
51 93 27 6 403 611
61 34 26 2 302 520
28 14 12 7 344 450
72 11 14 6 301 422
35 73 13 7 410 666
92 55 22 4 392 452
64 85 5 3 252 463
16 75 22 3 393 553
42 5 22 3 534 620
41 74 23 3 527 616
90 54 15 5 523 639
89 59 6 5 444 703
10 90 27 6 261 449
28 51 21 6 450 538
39 6 29 4 312 438
36 34 6 1 204 427
38 39 21 7 441 692
57 68 27 2 484 709
26 29 15 3 506 759
49 88 30 2 609 685
64 61 20 3 226 436
60 82 26 2 582 674
11 37 23 6 354 441
62 21 25 2 229 401
65 96 15 2 429 570
65 34 12 4 393 561
80 68 25 7 544 620
28 6 11 1 625 746
20 7 20 2 391 611
58 69 29 6 560 739
31 77 26 4 612 688
78 99 29 1 340 456
88 88 25 1 316 379
40 88 26 5 422 529
36 2 14 6 339 488
48 68 27 5 344 635
51 54 12 1 414 561
92 33 27 4 515 642
13 22 30 1 220 323
85 27 10 4 325 561
15 93 15 3 358 433
100 86 21 6 627 693
61 51 5 7 343 534
49 19 21 4 644 766
88 32 5 3 360 649
74 25 22 7 475 577
32 13 26 5 577 790
35 44 24 5 340 613
16 6 26 2 375 597
45 47 19 4 464 640
49 98 24 4 490 570
75 96 7 4 267 495
27 95 21 1 374 564
20 5 16 1 423 718
13 11 14 6 538 694
44 83 6 1 531 793
19 31 24 7 524 594
31 66 27 6 467 744
47 52 26 5 442 696
72 16 16 2 443 542
52 24 14 1 318 508
12 83 29 4 623 788
53 27 29 6 451 730
51 6 12 2 415 622
78 82 9 7 498 719
74 87 21 4 411 683
38 67 10 1 213 511
27 93 19 2 363 628
9 98 9 3 364 659
69 10 16 6 398 509
72 73 17 3 460 579
62 50 28 1 491 594
38 95 27 5 631 726
42 13 10 7 390 470
30 13 23 7 427 693
74 91 26 1 578 755
52 23 15 7 585 717
20 61 6 4 622 767
69 46 26 3 490 597
12 43 14 5 498 627
77 44 6 4 341 523
61 82 23 4 281 365
52 36 9 3 324 525
98 49 19 2 303 511
18 53 23 7 229 509
32 21 25 2 365 538
64 46 9 7 472 664
33 26 24 3 459 651
30 42 15 3 540 730
4 8 27 4 732 797
53 91 25 1 312 602
98 75 7 4 530 772
48 81 21 5 477 685
20 35 18 7 663 779
62 14 29 5 378 523
43 69 27 3 503 723
5 28 26 2 347 594
58 41 16 6 226 335
11 55 26 4 301 422
69 84 10 6 399 494
78 26 11 6 214 327
79 45 28 5 600 799
71 89 14 7 457 612
57 95 18 5 349 446
88 44 20 5 708 773
39 72 11 3 549 631
76 12 29 6 214 436
17 33 18 3 403 684
14 94 27 6 460 688
78 2 21 4 202 448
3 75 28 5 497 571
94 78 6 7 249 491
57 38 12 5 310 395
70 0 22 6 591 757
65 23 5 6 621 729
31 49 16 7 414 581
54 49 14 7 603 686
17 100 5 5 490 617
1 66 28 1 247 422
50 98 11 2 314 444
60 42 19 6 241 412
81 25 27 7 230 452
95 96 7 7 266 373
23 87 28 5 351 546
83 13 23 5 446 666
49 78 28 4 531 647
71 76 17 5 462 589
8 15 12 7 444 709
34 3 27 7 647 744
81 70 10 1 279 481
88 97 25 1 469 700
87 1 8 1 447 553
1 3 28 1 264 535
29 45 17 1 365 508
2 66 8 4 390 561
47 31 24 4 605 746
49 95 23 7 623 690
30 93 30 5 539 608
71 49 14 5 630 774
12 87 27 6 370 564
52 63 26 5 690 778
45 80 13 5 552 732
71 0 27 7 328 494
5 93 26 4 545 752
64 78 24 6 433 592
29 42 9 3 641 798
94 18 13 6 287 427
57 18 9 7 387 676
96 79 18 1 363 608
81 67 21 7 207 500
34 80 7 6 680 760
44 19 7 4 238 512
99 26 29 4 507 732
52 50 13 7 368 562
80 85 6 4 363 531
67 63 13 7 254 466
76 57 5 7 222 353
63 66 9 1 450 564
1 1 10 2 225 444
15 71 20 1 634 694
49 29 28 7 721 798
100 68 15 1 308 523
0 92 21 4 206 441
83 72 18 4 340 457
36 63 20 4 300 519
85 78 12 3 661 731
5 55 23 5 562 760
48 37 29 3 397 499
61 56 15 5 575 793
82 40 18 4 539 728
5 9 23 5 513 582
57 75 6 3 331 539
30 62 21 5 352 590
92 99 7 1 255 441
84 35 6 5 430 684
89 57 18 2 643 789
100 8 18 1 454 675
4 65 15 7 503 568
47 19 23 7 322 486
59 79 16 2 232 501
26 28 7 1 535 696
63 5 27 4 461 556
79 85 8 1 624 767
51 97 22 3 298 415
27 8 16 2 420 620
83 99 7 3 654 757
74 44 28 6 608 765
50 30 16 2 559 642
8 74 7 5 417 646
76 69 16 7 524 749
5 42 14 5 297 593
43 20 5 3 383 674
52 15 14 6 542 670
38 98 17 6 382 589
1 67 9 1 448 596
80 97 12 5 285 517
18 87 24 5 281 473
33 74 6 7 372 657
37 80 26 2 288 451
82 22 14 4 632 762
35 91 11 2 268 433
79 9 28 4 581 782
44 47 10 7 213 329
77 6 19 3 221 333
79 60 27 1 591 710
88 17 10 7 554 750
39 90 11 1 436 536
63 78 14 7 238 536
48 26 13 4 486 652
38 32 21 6 276 494
80 30 23 6 214 475
3 63 29 1 546 607
22 12 16 2 394 586
83 5 23 1 331 503
23 39 9 4 455 689
73 80 20 2 345 626
34 41 27 3 566 676
23 76 8 1 301 557
2 39 17 4 378 673
12 44 14 4 335 478
76 20 11 1 396 643
16 48 16 2 501 568
40 16 29 4 259 322
12 3 11 1 466 751
67 96 26 3 408 479
90 77 20 3 318 503
71 29 26 4 292 536
2 57 24 7 517 630
3 18 12 7 300 412
44 3 30 5 369 604
72 40 26 4 377 482
4 5 16 6 387 640
14 41 19 4 318 407
46 39 30 4 513 629
2 48 7 6 428 527
24 76 23 1 490 698
71 21 16 6 272 383
10 79 15 6 275 466
57 61 24 2 435 496
0 76 6 7 275 533
2 26 29 3 444 717
23 50 17 7 468 729
44 49 5 4 351 647
85 91 8 7 580 650
93 87 7 5 655 758
100 95 20 2 216 289
97 29 9 4 676 743
25 50 7 7 451 520
67 54 13 4 581 733
52 44 29 4 405 495
48 10 23 2 625 751
99 54 14 3 631 730
18 73 25 1 245 329
17 36 21 7 239 501
94 96 21 6 283 396
16 9 6 4 611 744
42 10 25 7 463 650
20 64 12 6 519 688
16 28 24 2 692 760
63 75 27 6 497 713
36 62 18 5 267 521
32 98 27 4 396 575
52 97 27 4 662 777
1 36 6 2 321 492
91 42 15 4 248 376
35 2 16 1 612 793
36 7 28 2 251 357
96 53 20 1 526 799
98 72 12 7 215 364
75 81 20 6 359 532
21 94 7 5 409 602
43 81 19 3 289 508
34 56 11 6 607 737
76 55 29 6 568 753
34 39 15 1 449 651
8 12 20 3 379 536
12 13 6 4 428 680
18 80 6 4 530 600
38 43 7 5 519 582
85 64 10 5 242 495
26 18 12 6 279 493
5 37 20 2 225 426
23 38 6 2 316 558
46 79 18 7 384 527
21 33 14 5 586 796
28 66 12 4 516 613
87 88 15 7 388 467
13 29 5 6 612 697
80 33 30 1 223 380
82 64 24 6 211 393
87 19 12 7 406 694
52 5 16 7 375 490
23 48 20 2 262 343
70 8 25 6 534 777
63 13 15 4 528 588
20 44 28 7 362 503
96 6 13 2 231 301
88 28 21 6 424 702
60 79 30 2 238 331
7 57 19 1 375 549
82 19 27 2 367 445
92 89 15 2 248 417
5 87 5 1 236 506
54 6 15 2 643 764
14 24 22 4 301 583
10 35 29 6 503 779
31 19 9 5 490 767
27 20 19 5 352 614
64 48 30 4 282 563
35 10 5 3 525 613
49 22 20 6 312 392
5 1 14 5 526 636
3 43 17 4 263 338
50 74 16 3 491 723
26 36 15 3 313 429
7 85 11 2 299 559
88 37 20 7 591 651
6 85 15 6 429 726
63 53 11 4 246 445
12 54 11 7 582 649
71 88 29 1 539 754
18 58 8 3 202 473
30 27 28 7 300 591
25 91 24 2 342 439
75 70 5 2 571 690
86 94 18 6 581 710
70 39 13 3 398 613
78 56 20 2 620 705
58 9 27 6 220 348
82 72 6 7 383 562
53 92 7 7 550 697
45 59 21 4 579 659
0 8 25 3 461 691
85 6 13 2 281 445
6 19 17 1 700 798
35 69 26 2 464 525
44 92 6 6 456 647
74 21 11 3 431 685
78 97 9 1 668 755
8 50 18 7 441 526
100 42 19 6 498 669
68 95 16 1 413 501
98 94 8 5 236 505
0 26 13 1 436 521
62 44 21 4 208 451
24 57 22 4 409 652
6 11 28 6 325 607
13 40 26 2 245 335
34 54 30 1 554 664
16 49 28 4 311 498
42 89 24 7 542 715
85 81 14 7 432 537
9 21 30 4 616 684
14 21 17 4 309 547
84 8 21 7 513 638
84 17 11 3 443 695
87 49 11 5 592 741
1 85 13 7 360 533
97 99 28 4 231 305
39 28 7 7 409 693
55 58 10 6 643 763
5 12 19 1 548 762
69 59 28 3 357 429
18 77 6 6 426 697
64 21 9 7 601 694
32 12 26 2 243 391
60 28 12 5 385 576
47 81 18 5 212 440
65 55 27 1 590 702
83 27 28 5 358 449
20 37 15 7 582 711
23 9 9 5 278 548
2 68 8 5 398 573
79 58 16 2 491 675
98 58 19 2 410 659
65 10 24 4 491 671
31 18 19 2 628 773
29 17 11 1 289 417
45 95 25 3 461 671
44 8 19 1 542 791
20 53 29 1 316 603
1 95 23 5 649 764
89 85 20 4 561 706
62 64 26 3 360 474
95 72 21 6 429 599
42 36 7 6 331 414
1 52 23 7 297 470
67 55 26 3 414 579
3 50 11 4 386 482
25 69 22 5 571 670
43 33 5 5 454 585
87 71 7 3 534 634
82 74 5 7 349 607
92 16 15 5 504 791
2 76 19 6 484 663
79 82 26 6 259 498
44 9 20 2 495 668
1 35 5 3 207 336
0 46 19 7 318 585
98 55 25 3 315 561
89 60 6 5 216 486
23 11 12 1 331 448
10 18 14 4 547 683
38 10 20 7 424 654
96 20 20 7 615 769
85 83 17 3 208 371
51 13 13 6 315 399
86 99 13 7 227 347
18 5 5 5 264 359
24 55 27 7 423 499
0 84 11 4 611 729
57 23 5 7 482 767
96 4 7 4 291 558
47 44 29 3 610 783
51 88 19 3 332 513
34 93 8 2 526 634
18 50 30 3 357 542
76 1 17 4 311 507
2 97 22 7 503 746
72 59 20 1 211 503
11 87 30 5 638 793
40 29 25 5 602 743
85 59 22 3 413 642
14 85 20 4 534 628
96 36 12 2 259 487
35 34 24 2 579 661
2 86 7 1 440 716
48 23 29 4 202 329
0 88 13 5 213 409
32 85 12 7 340 557
19 60 8 1 246 337
47 86 27 3 374 519
85 40 13 7 294 503
0 95 21 3 322 501
3 29 20 2 314 534
52 64 29 6 550 618
97 35 9 2 287 485
35 13 18 6 491 639
42 68 22 2 503 640
22 13 24 6 359 468
68 81 30 4 367 463
57 88 26 5 227 476
46 11 30 4 467 746
0 17 20 6 600 682
19 64 9 1 648 780
67 91 28 4 497 561
77 70 8 1 490 769
54 70 25 6 266 331
60 98 12 1 227 336
79 50 25 6 361 493
6 48 6 5 341 530
54 72 15 3 409 545
96 86 26 2 338 523
29 61 21 4 300 454
23 74 7 7 216 288
90 45 17 5 352 645
42 92 15 1 508 653
92 18 20 7 519 588
98 20 23 3 543 728
33 43 14 3 209 374
55 20 16 3 362 520
89 2 30 5 295 443
10 8 13 5 701 788
22 3 16 3 384 540
62 25 10 5 259 540
96 37 23 5 514 618
6 6 10 5 218 442
97 90 20 3 292 587
76 33 18 2 349 639
58 29 18 7 543 760
70 5 21 3 456 756
10 38 5 4 204 327
85 0 16 1 616 697
63 50 8 1 462 564
97 64 23 3 627 723
23 29 22 7 385 495
71 94 20 7 397 696
49 17 27 1 610 682
54 61 26 5 509 687
69 91 28 4 323 621
49 16 6 6 260 343
37 91 27 1 598 798
32 34 12 3 398 592
63 82 11 3 415 535
90 83 28 7 263 369
38 29 26 3 460 650
34 44 30 5 459 552
55 86 16 6 445 530
67 50 25 5 490 753
34 22 13 5 375 628
80 3 28 7 587 781
33 95 17 4 727 798
59 0 22 2 505 680
47 1 30 6 221 415
83 12 23 7 382 460
49 59 7 2 262 531
22 9 9 1 385 592
8 62 16 3 420 706
5 53 18 4 415 528
55 93 11 6 289 473
41 45 5 6 290 487
51 94 6 7 450 720
22 33 22 2 515 729
84 61 28 3 579 769
37 55 14 5 454 617
51 22 27 2 319 464
12 67 23 3 670 759
99 3 9 5 502 700
20 55 14 7 436 506
10 53 10 1 471 707
64 60 18 4 345 628
72 87 11 6 685 757
78 53 15 3 233 473
49 18 18 5 525 771
50 12 28 6 536 751
76 25 28 7 545 605
27 16 25 2 481 557
55 30 19 6 322 576
15 20 6 6 289 353
1 22 21 4 532 687
11 7 10 1 575 784
9 24 7 3 498 703
23 83 24 6 237 475
63 100 12 5 349 449
94 92 27 1 493 730
65 9 8 5 347 469
81 4 15 4 273 396
88 62 20 4 551 735
75 52 14 1 425 500
71 74 11 7 400 511
100 75 18 7 307 369
22 90 11 2 372 436
99 60 12 2 484 575
86 8 22 4 573 660
75 12 11 1 491 778
26 87 24 2 451 599
93 3 7 5 228 346
72 58 25 6 578 736
22 16 30 4 267 478
84 56 6 5 591 735
92 71 8 2 427 566
69 88 21 6 202 472
64 79 29 1 334 446
15 46 15 4 277 392
31 91 10 6 306 568
99 81 10 1 705 796
53 19 8 6 443 520
42 80 6 6 716 789
97 82 27 4 477 732
71 34 19 2 625 730
19 8 10 3 354 601
35 65 25 1 624 736
88 60 26 6 337 432
24 20 11 4 277 349
90 66 5 2 201 499
41 36 25 6 261 509
2 8 7 4 504 761
72 92 30 5 571 740
29 36 11 4 461 622
57 82 15 1 585 685
87 67 26 4 309 376
27 57 13 1 659 775
52 96 18 1 647 773
24 11 17 6 504 653
30 0 9 2 544 625
23 35 10 5 618 686
23 51 6 6 423 706
59 7 15 6 622 770
81 8 8 4 322 520
60 44 24 2 360 485
43 22 29 7 622 745
87 55 6 1 604 753
85 30 12 6 590 779
22 41 30 1 486 619
41 0 26 3 442 659
1 42 28 1 237 526
94 91 24 7 369 544
9 20 24 7 534 642
37 25 20 3 260 505
64 76 7 2 475 608
14 9 23 4 637 760
5 81 19 5 450 598
9 5 12 3 491 736
50 59 19 6 537 761
72 88 21 2 580 694
57 71 25 6 353 534
98 9 30 3 424 507
42 32 17 6 437 580
97 92 9 4 328 487
21 75 30 3 352 440
63 64 11 3 272 467
46 62 6 3 363 544
81 45 19 4 370 565
7 11 8 1 590 777
93 12 7 1 593 663
43 79 13 5 421 515
42 21 20 4 247 372
20 76 20 2 316 577
73 3 5 7 499 764
37 75 12 7 219 517
37 48 26 1 369 565
58 51 22 6 462 535
87 42 8 5 293 540
38 49 20 2 216 357
32 66 12 2 356 566
89 67 19 1 703 769
94 15 10 1 358 438
36 35 20 3 322 541
42 42 18 2 587 766
3 62 10 3 414 475
65 21 7 6 586 695
36 8 25 5 294 498
37 54 23 3 334 509
72 34 29 6 254 511
1 76 22 4 336 566
74 63 26 3 474 736
94 44 15 3 507 748
52 70 15 1 381 657
44 2 12 6 321 493
75 75 20 5 587 674
72 29 21 4 494 586
8 97 17 4 266 433
92 40 16 7 373 550
13 31 6 5 547 678
43 16 26 7 419 488
2 83 7 4 468 639
32 25 24 1 555 790
14 87 27 4 471 569
12 8 13 7 403 672
90 33 15 4 484 557
49 35 30 3 436 727
74 84 19 1 567 717
96 90 10 3 454 731
8 17 6 1 483 556
51 60 12 7 443 540
60 86 19 6 603 709
25 21 22 2 393 652
64 39 27 5 421 706
32 97 21 1 279 537
62 62 13 3 508 706
26 22 10 4 440 505
11 82 20 2 367 556
19 89 22 1 620 717
42 77 24 4 231 436
76 7 8 1 235 300
44 52 24 6 415 485
80 100 19 6 201 314
84 15 8 5 469 577
34 97 18 6 338 529
8 88 11 7 274 445
72 99 7 1 280 487
16 67 24 4 295 484
70 56 10 3 414 694
59 4 10 6 327 454
1 82 19 2 445 570
11 19 30 7 441 740
29 68 27 4 657 760
84 45 10 3 354 422
12 74 14 3 531 638
17 66 18 7 215 468
58 86 29 1 613 788
45 8 28 5 320 538
29 57 15 5 254 367
23 61 17 3 451 624
86 24 29 6 405 669
26 98 9 2 400 461
62 99 28 7 558 693
61 96 12 6 494 587
39 67 10 1 286 421
12 4 26 3 355 546
16 35 11 6 316 383
97 3 17 2 729 791
1 34 26 1 349 442
75 11 12 1 361 546
99 100 8 3 661 730
73 85 8 3 288 555
98 92 27 2 233 320
76 41 28 4 652 735
13 95 19 6 559 723
11 91 26 2 366 504
58 2 8 1 398 578
26 38 6 4 357 515
90 11 26 3 240 479
59 55 6 6 677 765
19 5 5 5 312 600
96 89 30 5 254 390
24 26 18 5 400 686
44 14 23 5 300 399
91 58 30 2 521 773
76 87 15 1 569 701
25 43 25 5 311 469
14 96 30 7 433 663
75 49 16 2 494 683
51 5 26 2 488 601
43 70 11 1 374 532
93 19 18 5 298 453
90 72 30 4 479 731
50 80 12 7 368 527
68 16 25 1 430 658
24 91 19 4 257 440
59 10 22 2 211 467
37 88 14 1 338 566
79 10 8 3 418 684
30 92 11 1 501 584
22 95 17 2 386 532
27 92 12 5 377 486
75 87 14 7 617 791
12 23 30 7 310 524
41 98 29 3 256 540
59 73 23 6 355 441
16 33 18 4 400 647
55 74 23 7 536 764
100 73 19 1 524 664
55 36 30 7 381 669
7 33 19 5 287 471
5 6 14 5 470 704
40 1 17 5 243 505
7 31 7 3 529 609
34 73 7 4 261 458
54 9 26 6 581 739
44 43 10 3 420 591
35 41 12 5 533 733
73 81 10 6 242 428
83 41 18 1 376 652
34 11 18 6 375 613
29 66 17 7 234 534
74 8 24 2 603 792
62 47 15 6 640 718
74 79 8 4 285 448
3 65 27 4 657 726
61 16 17 5 431 511
23 5 21 5 266 424
10 78 6 4 400 616
87 21 27 7 384 590
81 20 27 1 241 396
34 31 23 6 626 733
0 24 10 7 248 345
83 17 25 5 257 527
93 37 10 2 626 724
74 36 6 4 496 705
95 17 9 6 332 616
99 49 21 5 633 725
26 49 7 5 505 745
38 50 11 1 491 583
3 42 14 4 650 715
10 92 14 7 280 548
93 52 24 7 260 344
71 3 29 3 334 531
78 8 16 3 354 628
24 80 26 7 356 594
80 84 9 4 304 473
65 31 17 3 400 686
73 10 26 5 425 485
82 84 27 3 210 482
53 50 14 7 278 569
43 42 26 7 645 740
20 33 15 6 586 776
75 55 26 5 644 766
2 56 12 1 530 692
54 99 7 5 536 622
84 3 20 6 451 552
14 76 20 4 320 463
33 66 24 2 371 511
54 28 11 5 374 523
56 18 19 4 471 663
45 67 27 5 407 648
4 19 30 5 447 599
29 54 27 6 463 607
71 85 16 2 460 611
62 74 22 7 275 385
72 36 16 5 649 769
91 95 5 1 295 398
17 1 24 2 286 469
22 49 11 3 478 701
17 98 24 4 603 714
83 76 24 7 435 566
36 52 5 1 327 564
5 49 17 6 393 655
24 47 16 1 409 524
6 92 27 1 352 485
19 57 20 4 250 393
82 100 18 6 478 642
47 76 6 7 621 733
35 4 11 1 342 639
58 45 5 5 206 353
29 12 28 1 207 362
71 24 13 6 660 777
14 6 24 7 604 750
32 87 22 3 218 328
55 95 19 1 218 379
25 89 12 5 482 706
74 10 24 5 214 501
87 97 20 6 542 616
52 52 27 1 485 695
32 33 5 4 229 319
36 59 27 3 206 459
10 7 26 1 349 609
98 77 7 7 550 720
42 59 12 4 208 444
52 95 15 2 355 445
17 9 27 3 279 547
29 78 27 5 412 517
84 58 27 4 483 669
8 8 18 7 314 489
60 1 18 3 337 442
85 73 11 3 271 333
75 92 24 1 345 643
55 34 7 4 437 515
87 44 18 4 435 704
23 24 27 2 289 451
97 8 27 5 499 785
36 31 14 3 631 696
2 21 22 1 493 789
36 0 17 4 363 619
16 77 11 5 428 602
38 4 6 2 238 302
56 69 9 4 631 699
93 78 10 5 273 414
50 51 13 7 270 537
69 36 6 4 442 677
88 5 11 4 544 747
12 5 28 5 515 696
55 51 21 6 583 734
71 40 29 4 415 544
91 90 18 3 552 620
76 5 25 2 304 565
73 46 23 3 421 691
9 72 29 2 477 594
96 71 24 4 203 274
99 10 9 5 516 673
12 60 29 5 270 387
57 83 7 4 422 540
37 84 28 2 378 495
85 36 28 2 467 740
48 76 29 2 208 483
49 96 22 3 524 767
81 96 7 7 261 329
10 57 29 1 239 339
15 27 5 4 269 520
7 91 11 4 249 429
2 7 21 6 412 531
50 64 9 6 367 565
90 94 16 7 232 311
60 41 12 1 474 619
63 23 20 3 539 642
100 47 10 6 366 445
95 33 6 7 259 378
8 96 6 6 556 788
13 49 22 6 323 459
22 55 6 6 358 529
7 18 14 1 603 689
27 39 15 6 299 408
6 94 8 5 267 497
77 9 26 5 480 740
74 34 25 1 630 758
77 20 23 1 251 318
5 88 20 3 265 546
8 54 11 4 286 528
27 43 20 5 543 699
51 76 16 3 317 449
55 78 11 3 425 676
93 66 21 5 691 774
92 93 6 4 503 772
28 62 28 6 395 567
77 75 17 2 300 534
76 19 15 1 362 620
41 34 28 4 279 518
31 92 24 4 263 333
24 45 6 3 449 661
4 89 22 1 213 410
89 5 15 5 448 746
83 2 21 6 379 481
41 91 14 1 526 759
26 9 30 6 421 647
46 81 29 3 338 546
49 27 16 3 711 772
45 39 5 6 464 672
6 5 23 5 266 398
63 92 12 1 385 558
81 12 10 2 545 616
72 17 30 3 452 540
87 75 21 4 659 753
14 46 23 1 389 485
71 69 25 1 407 490
43 68 8 1 421 688
50 56 13 7 532 730
34 59 20 2 437 558
88 8 11 3 402 547
56 16 6 2 460 673
50 13 9 2 595 736
67 3 20 3 222 469
60 24 18 6 470 628
67 65 6 3 211 284
58 35 16 1 451 599
48 52 30 7 453 530
2 77 29 3 526 678
74 90 25 4 267 452
24 70 6 1 396 528
14 63 26 1 242 471
56 84 12 6 301 557
0 13 28 3 572 725
33 8 22 2 620 787
16 93 8 7 246 478
64 28 28 7 277 485
40 93 28 7 480 609
97 28 6 7 403 518
97 76 28 6 484 760
17 72 30 7 494 588
99 96 22 1 363 460
18 45 20 6 634 798
61 61 28 4 319 457
65 24 22 7 238 412
62 26 21 7 554 619
91 78 25 1 389 605
96 19 17 1 572 689
5 62 13 2 226 342
74 61 26 5 524 728
85 100 14 6 249 442
13 99 7 4 555 664
22 69 9 7 633 774
58 28 25 7 259 378
99 50 29 7 232 394
86 41 17 1 462 699
18 19 19 6 339 616
93 40 20 5 494 627
43 45 21 6 439 522
52 7 8 7 239 344
84 30 18 2 343 449
84 54 14 5 501 639
16 65 17 7 242 362
63 71 11 3 467 659
62 46 13 4 554 711
77 72 28 6 281 374
42 98 23 4 344 599
72 83 6 3 508 588
18 7 23 3 537 767
10 91 21 5 268 526
11 93 25 5 272 375
5 67 21 4 553 735
35 100 25 3 609 680
73 28 8 5 375 536
11 69 22 6 478 676
18 27 21 6 261 338
45 17 27 4 681 745
98 45 15 6 232 442
67 23 18 6 467 646
39 88 12 6 410 594
96 69 18 7 252 440
19 90 27 2 242 400
73 72 23 3 562 781
89 33 29 1 335 608
33 62 21 3 610 745
92 47 17 5 535 770
70 24 5 2 458 522
60 46 10 4 667 774
44 16 6 1 487 584
85 26 26 2 480 618
10 5 23 3 300 388
25 25 21 3 464 621
80 16 15 7 579 717
50 0 30 4 661 795
96 43 7 4 441 620
68 53 28 7 301 431
68 30 17 5 279 405
22 65 12 5 474 692
81 98 13 6 430 719
5 39 15 1 486 750
0 73 13 7 390 650
36 21 5 2 333 547
18 15 20 2 495 737
14 54 6 1 518 650
92 15 9 2 410 475
61 97 28 6 346 455
54 47 17 3 566 701
55 28 21 5 258 548
8 19 12 4 599 660
44 62 29 5 596 657
96 45 12 6 465 750
19 95 10 1 309 561
39 94 8 4 472 573
48 16 25 4 610 712
7 43 11 6 671 790
80 73 11 7 524 584
15 49 8 4 205 501
41 15 7 3 375 469
99 58 14 2 552 796
27 0 28 3 345 568
86 62 29 3 532 733
87 65 28 3 535 791
69 60 27 3 425 719
29 52 16 1 200 470
30 97 9 6 393 511
75 16 22 1 363 637
100 67 11 3 595 688
88 67 12 1 582 781
30 9 16 3 262 390
6 93 25 7 622 713
72 79 26 1 322 454
0 19 19 7 510 629
56 55 14 5 518 652
30 2 6 3 507 744
22 48 19 6 660 797
32 44 13 4 647 740
29 74 23 6 365 650
59 38 16 5 317 608
100 18 16 6 457 757
38 69 19 2 253 406
14 98 10 2 537 644
54 19 7 4 257 375
7 35 26 7 507 575
26 20 15 1 364 611
99 18 29 2 347 577
