928
15 33 0 0 0 0
54 49 17 6 362 431
75 5 29 4 289 371
15 51 5 1 230 498
26 4 15 6 365 628
25 70 27 5 611 750
37 21 8 3 307 579
94 46 16 2 216 380
10 38 19 3 440 594
53 45 30 7 334 580
50 54 14 4 344 497
0 44 19 1 560 697
83 56 15 4 617 783
93 11 16 3 210 371
55 86 23 2 503 576
36 63 27 3 529 747
24 12 10 4 516 669
55 57 22 3 453 516
46 53 18 6 231 381
22 1 23 5 548 651
44 22 27 1 297 417
61 58 23 3 388 681
40 90 21 1 444 673
10 77 18 5 512 707
42 89 24 7 513 699
30 85 6 2 244 390
99 7 30 6 316 436
90 12 22 2 401 570
88 28 14 3 521 752
31 15 13 1 483 753
10 89 19 2 297 597
86 86 13 2 522 781
81 50 10 4 262 443
78 15 6 5 510 655
26 1 21 7 453 623
36 37 15 2 337 607
82 79 14 5 293 438
58 44 22 4 646 751
30 15 16 4 513 784
76 80 10 3 392 682
61 92 23 1 351 529
60 69 24 5 476 611
21 95 8 4 570 642
8 40 29 6 304 449
63 53 23 6 267 539
2 52 14 6 572 655
9 29 23 3 613 704
13 58 16 5 278 497
28 22 14 7 273 346
45 20 15 6 671 775
64 81 25 6 273 339
3 65 30 1 418 569
22 35 16 6 401 655
51 9 14 1 358 540
35 68 26 1 662 763
66 100 27 3 600 748
51 7 14 1 331 545
48 90 7 7 466 752
70 52 19 1 227 456
62 21 24 1 216 456
39 23 30 1 479 707
34 71 22 6 393 665
36 36 16 5 331 546
17 16 19 7 335 489
83 9 8 5 417 642
19 6 11 7 299 466
36 98 21 2 247 491
4 10 30 5 475 733
66 52 22 3 314 447
54 65 23 3 362 567
41 93 19 3 463 713
11 13 6 4 216 320
20 98 25 2 225 481
48 79 12 4 559 672
30 86 8 1 246 410
73 47 5 5 525 609
95 93 18 4 498 573
73 37 26 1 713 797
54 3 28 4 315 549
33 53 22 7 615 678
30 60 22 6 413 701
80 93 28 6 637 762
88 22 20 1 275 415
56 24 28 4 253 483
60 19 5 1 266 549
22 51 6 5 388 506
77 72 25 3 275 453
89 70 28 7 431 659
81 85 26 3 245 408
65 93 28 2 201 404
81 20 24 1 508 621
6 82 12 4 441 570
75 31 24 4 599 703
64 3 26 5 201 334
94 1 7 3 533 730
98 71 22 1 614 730
47 85 20 5 274 408
33 17 27 2 373 586
22 58 5 1 394 525
8 2 23 1 652 782
18 80 9 7 551 694
85 15 17 6 366 530
62 32 26 7 337 420
55 78 9 7 540 751
72 35 18 6 292 461
97 19 11 1 455 635
64 57 22 3 485 718
83 10 12 5 648 764
99 23 30 3 333 499
79 33 29 4 542 619
49 40 13 7 670 742
60 40 13 4 457 594
83 37 9 1 390 492
11 5 18 6 421 508
5 59 18 5 492 756
56 56 7 5 232 297
58 66 27 4 566 768
92 33 27 7 292 466
90 4 21 1 237 392
62 99 24 5 532 754
56 68 27 1 711 784
1 24 8 1 670 770
89 30 17 6 402 647
10 46 18 7 313 550
54 2 19 5 330 572
97 60 12 7 458 756
95 89 13 1 521 662
98 37 19 4 464 598
5 3 28 7 627 766
18 72 10 3 496 762
68 66 10 3 337 464
65 51 21 7 381 549
23 22 26 4 435 577
48 3 6 3 479 655
20 100 22 1 353 488
67 89 29 4 405 585
80 43 26 4 393 670
49 100 22 1 560 699
13 69 26 4 397 506
82 98 29 6 424 534
31 80 16 1 512 799
79 95 25 5 304 570
24 67 28 2 382 649
39 31 8 1 281 344
20 17 23 1 361 643
41 22 12 7 461 699
58 86 6 6 257 439
98 3 27 5 529 720
99 87 22 1 409 595
20 8 20 3 547 658
89 12 10 4 304 420
85 61 6 7 448 602
77 32 21 3 215 388
69 83 19 7 605 797
13 14 10 2 225 445
10 97 25 1 520 667
73 20 26 5 209 428
20 62 28 5 218 311
52 51 29 6 489 668
13 0 27 3 474 741
85 53 9 3 528 784
50 24 28 7 285 516
86 41 30 6 669 730
65 79 22 7 249 529
69 77 7 1 268 472
94 75 22 5 480 642
24 29 20 2 400 510
80 33 12 1 228 355
77 48 22 2 378 632
37 8 29 1 500 583
82 22 11 4 556 712
97 90 15 1 539 675
31 63 26 1 319 592
21 25 19 2 646 721
21 92 6 5 253 462
95 33 20 5 369 525
93 22 24 1 415 574
91 29 10 3 511 737
95 97 5 6 441 675
38 45 20 3 633 789
6 63 27 1 536 673
30 88 29 6 455 610
71 66 20 1 568 788
81 98 18 4 690 767
99 65 26 1 310 398
12 9 11 7 229 433
41 86 8 2 626 724
0 75 5 2 357 487
67 27 5 5 255 508
90 14 24 7 525 710
54 72 14 2 541 650
97 48 25 4 273 426
43 78 17 5 277 477
14 71 7 4 514 641
32 93 17 3 230 304
88 9 13 6 635 734
82 24 30 3 429 688
97 85 9 6 511 690
57 39 10 7 362 455
75 81 29 2 223 300
38 86 10 4 603 775
86 83 30 5 216 441
99 34 18 5 306 421
100 41 14 6 299 464
54 42 12 1 309 609
9 40 21 1 387 562
87 85 12 7 551 760
17 28 21 5 472 765
77 65 13 4 261 367
100 62 15 5 321 514
96 89 14 1 303 481
45 79 29 7 468 723
74 15 21 7 375 526
74 70 11 7 457 607
34 0 8 2 304 469
85 96 25 6 352 593
36 65 6 5 318 390
17 56 8 6 258 539
16 75 18 7 584 734
13 26 6 6 638 717
0 3 24 7 415 579
54 28 22 6 209 317
1 71 19 2 287 568
86 24 9 6 573 685
54 68 19 2 237 354
73 10 15 4 463 757
45 78 5 5 376 594
24 97 11 1 446 695
16 17 14 5 467 721
41 36 20 6 371 449
88 43 9 1 532 674
75 64 6 6 400 699
54 56 22 3 445 708
5 83 7 7 238 370
94 50 15 3 267 332
84 27 21 3 304 429
85 34 11 7 452 571
45 23 14 3 274 433
28 51 21 5 514 585
29 10 14 6 353 521
46 54 16 6 280 453
9 24 19 7 446 540
78 100 10 1 208 377
69 85 17 2 495 578
69 25 30 3 438 561
8 9 16 3 449 708
62 16 25 2 212 278
44 100 14 5 464 597
90 49 30 5 224 369
6 66 18 7 440 558
79 5 27 4 267 404
56 93 16 7 411 488
32 36 6 7 316 528
27 5 10 4 621 716
59 67 14 4 201 492
91 18 6 6 565 769
44 51 9 1 262 410
18 35 12 5 505 749
67 79 28 2 314 566
21 2 16 6 273 507
19 32 26 6 374 634
56 86 11 4 549 713
65 88 26 1 362 610
96 12 11 5 301 392
81 81 20 2 559 730
3 4 24 7 557 760
42 10 17 1 493 782
51 45 29 1 476 650
76 67 21 2 686 756
4 78 20 2 436 497
6 87 26 3 486 640
16 44 30 2 534 785
12 15 25 1 715 791
3 78 19 1 204 358
43 88 24 7 458 623
22 55 5 5 425 567
25 9 19 7 219 367
90 3 23 3 445 582
14 40 15 2 405 603
8 62 16 3 428 635
91 99 30 4 380 520
71 86 19 6 275 462
11 88 7 3 280 481
56 79 26 7 462 531
70 62 13 5 650 768
33 97 16 4 525 761
63 35 19 3 388 614
33 44 24 6 286 386
13 33 23 3 297 457
36 59 12 2 399 697
63 73 14 5 462 609
86 77 7 3 467 659
88 35 22 3 344 405
62 9 11 4 555 714
96 92 16 6 397 585
56 39 12 6 481 588
7 47 26 6 327 497
13 38 11 4 679 794
63 65 10 5 534 787
69 34 26 6 331 411
58 34 14 5 348 472
84 100 29 5 368 585
26 12 12 2 597 701
95 35 10 3 409 588
94 89 19 7 557 690
0 25 21 6 350 502
12 94 28 2 257 443
9 71 19 1 324 533
28 3 12 6 568 748
1 78 19 2 526 677
41 26 9 7 213 343
73 70 10 1 493 666
1 70 9 2 432 546
79 23 16 7 544 612
50 9 8 3 607 715
55 73 18 2 562 664
15 12 26 6 500 645
39 89 24 6 611 697
72 40 26 6 206 349
34 29 11 1 429 633
90 94 27 1 396 605
9 45 5 4 241 522
43 52 26 1 503 772
30 56 13 6 264 404
93 25 15 5 356 610
45 9 12 4 245 475
34 90 15 5 405 677
3 16 19 1 480 659
11 51 13 5 531 720
19 71 24 4 509 677
58 14 30 2 399 507
44 10 9 4 333 597
12 66 25 3 415 605
42 16 15 5 330 597
21 89 16 5 431 640
13 11 28 6 543 617
11 28 22 2 464 585
25 22 11 4 526 604
13 47 27 5 252 381
38 21 26 6 460 708
22 33 17 7 309 382
59 35 20 7 629 792
71 27 21 3 261 381
48 10 24 6 220 327
65 74 6 5 701 795
24 28 5 4 502 628
84 31 18 5 336 583
12 60 24 6 355 648
12 11 15 3 569 784
75 91 5 5 554 644
33 62 23 5 543 673
23 19 12 2 305 408
90 2 15 2 581 726
2 20 21 3 210 449
89 32 19 2 244 433
32 90 13 2 414 700
69 91 13 7 508 632
97 49 10 4 434 607
73 45 13 3 200 300
33 63 26 3 344 455
82 3 30 7 407 637
85 36 29 2 569 639
92 10 20 7 369 443
93 76 26 7 274 424
54 41 23 7 206 379
22 22 29 6 518 761
82 1 27 5 635 738
45 48 7 4 354 586
24 13 9 4 450 572
82 4 12 3 400 470
48 32 12 6 486 569
2 22 8 4 292 417
9 79 6 3 227 491
17 86 21 7 323 384
0 95 30 5 619 729
51 52 13 6 369 440
68 12 9 4 385 447
38 36 16 4 518 654
62 87 22 4 563 711
99 80 10 6 230 390
98 96 13 2 338 418
19 56 8 5 701 770
37 20 12 1 277 547
43 19 23 7 227 324
65 68 29 4 505 786
17 58 10 3 277 472
41 81 26 5 532 656
49 8 12 5 308 379
4 74 23 2 466 562
69 73 19 7 403 680
17 41 9 1 213 287
20 73 5 3 651 797
67 26 22 3 433 623
42 50 8 3 527 601
42 100 7 3 295 436
13 62 6 4 275 404
8 50 21 1 517 713
24 18 15 4 391 672
35 34 29 1 408 672
0 80 29 3 373 540
93 31 13 2 323 600
46 68 22 1 667 753
23 73 6 1 513 791
35 77 29 7 491 695
82 100 26 6 470 701
50 14 27 5 235 396
94 64 28 2 674 795
15 14 19 7 440 592
36 38 28 3 527 612
93 23 29 7 284 582
96 27 29 3 551 622
91 96 7 1 244 367
0 20 21 7 541 602
58 8 6 2 506 718
14 58 7 1 594 785
10 65 10 3 337 628
37 100 23 2 298 423
10 2 10 7 587 768
1 95 12 4 663 784
45 50 26 3 530 636
22 72 27 4 422 694
100 8 23 5 467 717
43 96 23 2 558 666
11 86 13 1 411 705
0 1 30 5 284 391
91 65 26 1 527 777
8 30 16 7 371 530
52 2 23 2 604 768
21 94 7 6 524 633
92 24 25 5 478 676
81 6 8 2 365 659
71 80 30 5 457 627
58 41 25 3 707 780
81 70 19 1 640 765
26 75 21 2 366 453
77 46 16 1 578 694
25 10 5 3 249 510
100 33 5 3 204 467
90 51 9 4 493 679
70 85 5 1 637 697
87 64 15 6 483 553
59 77 20 4 578 664
4 57 5 1 321 407
47 75 22 2 431 714
15 78 6 3 433 656
75 29 17 1 455 685
98 43 30 2 504 656
55 40 23 5 527 724
26 92 27 2 412 570
14 28 16 5 282 460
39 6 17 2 222 317
56 100 13 1 334 631
55 36 30 4 542 790
80 38 5 7 400 506
44 29 15 5 499 738
98 64 19 3 524 629
42 4 24 4 533 641
32 31 29 7 313 597
87 45 7 1 265 401
14 97 21 4 484 545
30 69 6 6 577 796
71 67 26 6 415 559
86 51 12 3 482 681
18 16 24 7 312 583
100 66 28 2 208 343
35 2 25 3 210 417
61 91 22 4 510 628
80 81 6 3 353 428
51 17 8 5 565 713
40 88 9 2 353 623
21 11 9 2 415 611
88 24 30 4 459 625
92 71 10 6 423 547
6 48 15 3 388 643
84 72 28 7 381 582
51 71 12 2 549 773
91 74 7 5 212 344
81 84 28 4 573 743
72 57 19 3 204 412
82 16 18 5 262 474
57 19 30 5 457 699
53 65 25 3 266 396
92 11 26 1 265 429
75 27 18 2 554 704
74 49 27 4 617 756
18 82 29 1 462 692
24 78 27 6 252 488
87 34 29 4 472 630
86 21 15 3 554 752
20 65 13 7 475 583
86 11 15 2 210 391
30 20 20 6 228 289
34 85 16 7 254 524
29 60 17 5 408 561
40 11 8 7 389 485
36 66 27 5 204 304
36 41 5 2 365 578
82 33 27 3 412 658
23 53 20 2 470 579
21 10 20 2 606 686
25 33 5 2 673 795
59 6 5 7 529 607
72 56 7 6 304 401
18 69 29 4 524 677
7 36 20 2 276 397
10 73 6 2 460 595
8 26 11 5 476 776
24 37 11 5 472 535
5 38 17 7 362 635
87 89 6 1 407 650
32 84 26 7 470 576
45 19 21 3 583 659
51 49 17 1 373 523
2 36 29 3 713 776
0 27 24 7 402 501
77 21 6 3 250 516
64 96 9 5 482 690
30 7 22 2 497 663
57 74 23 3 412 587
3 74 22 6 295 484
40 74 21 1 327 493
86 49 29 1 395 466
40 94 28 6 378 441
76 76 24 4 200 450
73 85 22 1 632 757
0 64 22 4 370 433
94 23 22 3 328 431
60 43 14 2 360 601
97 87 8 6 315 496
54 7 15 3 272 395
40 1 27 2 305 580
68 53 22 7 471 697
70 14 25 3 559 701
30 77 9 6 654 760
38 48 9 1 393 485
74 30 18 1 272 387
63 69 15 7 453 626
57 1 21 5 236 395
67 34 13 3 236 377
68 68 24 6 662 742
6 89 26 4 387 468
13 13 14 3 431 695
32 48 9 5 378 606
74 38 14 7 386 596
28 6 22 3 270 546
80 11 19 1 216 333
22 36 6 5 699 768
86 3 14 2 571 638
5 28 7 7 240 386
0 65 5 1 313 529
11 4 11 3 325 551
16 100 28 2 576 656
59 60 16 7 463 748
26 8 27 2 276 559
36 62 10 6 651 783
90 23 19 4 613 673
83 5 29 3 311 423
66 58 12 7 420 703
85 94 12 6 582 745
34 50 24 5 250 391
79 62 22 5 349 547
9 1 19 7 562 677
28 29 29 2 580 781
66 0 20 1 582 770
52 3 8 5 555 688
58 26 8 3 686 796
76 7 19 3 587 724
20 21 26 2 683 764
52 88 10 6 350 608
46 89 21 3 322 398
81 62 27 3 488 616
32 75 11 3 355 470
16 14 26 1 324 402
99 67 29 7 377 547
94 25 9 4 477 675
70 53 10 7 237 416
60 28 13 3 234 397
81 69 11 4 343 600
46 98 13 6 480 713
23 56 14 6 360 435
13 87 10 2 503 792
37 90 25 4 389 680
49 82 14 4 377 573
28 0 18 7 257 331
66 13 27 7 386 546
44 65 5 3 375 601
55 89 25 5 224 464
78 57 24 3 301 574
40 61 25 2 471 585
14 91 16 6 573 712
100 44 19 7 326 518
13 32 8 6 376 530
79 89 17 7 302 472
45 97 14 6 403 548
7 23 21 7 315 405
19 61 22 4 338 405
44 79 30 6 252 518
59 89 8 1 467 701
96 18 28 5 457 671
8 53 24 6 542 743
36 78 17 1 432 598
49 56 13 3 455 643
34 51 5 7 367 503
87 92 5 2 236 350
27 95 6 2 325 406
78 14 14 3 533 670
17 11 8 7 201 374
28 57 14 7 385 588
60 94 17 7 357 603
48 4 18 4 484 615
5 35 21 5 533 799
57 31 28 6 589 796
89 91 26 1 379 529
40 30 21 3 339 633
83 29 25 3 456 693
91 42 27 7 559 637
29 40 5 7 513 776
26 58 6 7 276 450
89 15 8 4 456 535
75 44 11 6 330 581
65 10 17 7 238 326
65 39 13 4 364 469
43 16 21 6 530 601
41 66 30 6 498 716
9 10 22 3 633 754
59 90 30 5 570 711
80 27 8 2 210 308
59 26 19 3 415 515
94 26 15 1 490 729
36 49 6 5 480 671
63 46 19 7 342 546
50 70 13 7 418 633
19 85 23 6 464 562
85 43 29 1 311 538
98 99 13 7 392 617
28 95 19 5 465 624
64 70 30 4 389 519
49 94 30 1 380 587
35 32 15 1 319 543
18 12 28 2 353 499
36 70 16 1 237 311
43 30 30 4 504 700
74 86 17 4 548 627
29 67 24 2 389 505
88 55 24 3 451 694
39 72 7 5 609 741
65 91 19 6 502 709
38 40 11 1 323 473
0 92 7 1 461 581
6 83 22 3 356 522
96 31 21 3 462 751
29 98 6 1 222 379
52 22 6 5 430 666
14 94 18 2 608 745
22 41 27 3 429 514
90 50 19 2 351 419
99 38 29 3 203 395
85 80 26 3 400 586
50 34 10 6 228 359
75 88 26 2 578 732
46 56 25 2 286 479
12 3 26 4 557 799
63 85 24 1 494 779
95 68 8 7 318 534
15 73 17 5 241 537
12 73 6 4 407 641
61 7 9 2 638 727
24 57 27 2 378 599
45 88 20 3 560 783
43 87 19 3 346 500
20 77 16 2 201 424
18 85 27 7 275 428
25 23 16 5 473 766
14 100 10 4 627 703
68 91 12 7 379 482
77 30 11 7 422 565
91 57 22 6 231 431
14 5 5 4 312 397
61 100 13 3 267 460
14 64 7 1 679 754
79 67 16 6 231 297
75 54 14 4 571 725
100 99 21 4 598 720
84 51 23 5 405 636
44 21 24 2 373 630
81 74 19 2 278 426
23 30 21 3 360 422
15 67 28 3 596 699
18 37 26 3 494 656
96 67 29 1 347 510
53 38 8 6 516 721
45 87 13 3 471 685
87 23 19 6 235 384
46 62 16 6 435 720
52 47 22 7 497 715
92 72 27 5 208 456
19 53 17 7 725 796
37 93 19 6 424 626
7 21 29 2 326 505
16 80 18 6 270 450
89 0 15 7 440 523
8 88 15 6 500 588
25 44 6 4 297 453
44 7 18 5 212 492
6 81 6 3 386 467
42 86 26 4 243 412
17 96 24 7 265 356
50 99 25 4 685 773
85 10 24 1 489 674
66 53 19 7 341 429
33 23 5 3 427 567
73 57 10 2 233 345
25 82 16 4 221 307
24 3 18 1 501 638
48 94 26 3 454 633
57 51 26 5 496 703
55 19 7 6 279 356
57 5 19 5 436 671
41 70 11 1 379 620
71 63 10 7 368 588
7 40 28 5 253 317
14 29 23 1 387 477
91 22 29 3 212 354
20 7 24 7 237 434
58 75 15 3 563 800
58 32 20 5 568 690
53 60 19 7 279 477
68 78 10 1 347 536
45 96 25 4 444 719
89 52 21 1 446 548
34 83 30 7 310 375
64 16 5 7 232 358
71 28 11 5 314 392
88 64 14 6 315 481
79 91 19 6 355 646
47 70 18 4 449 658
61 34 8 2 667 736
35 42 19 1 374 656
68 97 7 1 343 591
38 60 9 7 401 573
11 63 10 6 544 756
90 97 22 5 551 770
62 15 24 5 255 416
27 79 8 4 376 648
39 53 21 1 342 493
91 69 28 3 663 744
23 7 16 3 323 553
72 9 24 4 533 719
65 6 28 7 372 437
42 82 13 7 554 711
23 33 12 1 502 626
68 96 22 3 207 489
86 75 17 5 240 504
59 92 14 6 471 687
1 30 23 7 646 726
92 81 11 3 406 610
10 47 18 1 280 377
79 25 23 7 489 598
63 32 24 1 642 773
18 47 8 2 211 357
19 27 22 7 245 510
41 99 17 5 567 751
34 12 10 6 271 477
59 11 30 6 327 564
26 73 9 7 380 669
87 67 8 5 470 590
96 65 29 2 507 734
40 39 10 4 505 786
11 18 26 4 693 782
96 95 20 6 366 427
23 66 5 4 498 644
38 38 6 7 583 775
13 92 13 7 371 470
13 84 25 2 580 690
40 63 13 2 300 439
67 65 21 4 289 411
29 48 28 4 261 472
26 30 9 3 457 589
91 39 29 3 298 381
20 36 19 4 429 550
52 71 20 3 369 443
13 64 11 6 337 588
77 44 10 7 318 570
45 37 30 3 508 655
69 8 13 7 305 520
6 27 22 6 465 656
93 57 6 7 325 520
42 76 16 4 351 505
47 55 5 5 296 403
2 74 7 6 468 578
12 74 19 7 394 553
53 29 7 2 299 541
94 38 18 7 589 769
74 2 12 5 551 631
25 12 21 2 295 563
89 2 24 5 473 693
92 27 17 5 485 785
51 78 9 6 464 618
67 69 9 5 301 377
88 75 29 3 400 526
72 90 18 5 375 544
71 59 11 3 269 481
89 19 5 7 226 372
81 49 25 3 338 468
80 79 17 5 243 512
96 81 27 3 568 711
26 42 12 3 222 515
42 81 6 3 520 696
80 76 27 2 387 531
4 46 23 5 328 404
30 53 5 6 243 332
89 4 10 2 244 441
85 1 26 1 221 399
57 84 27 6 561 761
84 7 28 1 287 479
95 25 16 7 291 402
34 5 27 7 240 371
33 100 18 2 229 501
96 5 15 4 673 773
61 87 16 1 242 401
43 4 20 7 252 377
30 73 11 6 522 639
86 8 11 3 585 778
43 59 12 1 238 387
74 10 12 3 611 676
98 89 29 4 635 711
69 13 30 1 580 796
10 36 12 2 519 646
66 75 14 1 601 718
83 95 26 3 315 474
33 40 12 6 262 415
13 50 14 7 339 560
3 72 14 3 522 685
11 61 8 1 423 552
42 75 30 2 554 636
39 78 5 6 435 700
49 30 7 1 332 503
46 70 23 4 641 738
36 28 14 1 218 291
61 57 16 6 425 525
92 22 26 4 318 561
13 72 26 7 457 636
49 22 12 2 289 386
7 65 5 7 359 638
19 24 6 5 407 512
26 88 17 7 519 718
7 48 13 3 303 565
91 98 21 7 264 453
7 88 19 4 340 422
39 63 11 4 277 351
35 5 10 2 290 436
63 56 24 5 334 613
16 54 11 7 313 414
46 7 17 2 290 409
60 86 17 5 408 480
52 32 21 5 483 621
90 78 9 7 610 788
90 75 16 2 400 678
29 4 15 4 251 427
63 23 6 6 530 673
71 38 13 1 267 489
96 17 15 4 305 459
54 12 23 4 434 651
40 70 7 5 371 652
31 7 9 1 490 641
86 79 12 5 480 708
40 36 21 1 552 751
55 37 26 2 439 613
76 4 18 7 350 614
69 5 28 5 418 571
18 93 10 5 409 471
74 56 13 7 287 461
28 31 24 3 479 581
92 62 11 5 429 713
47 77 12 6 417 522
83 42 22 4 242 388
20 25 13 7 348 484
11 62 11 4 324 551
98 45 22 5 675 785
27 65 27 7 220 330
87 68 22 1 368 629
89 51 12 3 308 575
82 65 23 5 226 461
62 48 13 4 519 739
28 20 10 1 461 712
23 2 13 2 664 738
70 28 20 5 209 451
63 86 14 4 628 740
39 32 10 7 468 752
19 3 30 4 396 562
21 81 23 4 325 413
44 96 20 5 459 559
17 27 19 3 211 402
56 51 20 5 413 608
18 7 14 5 280 488
41 69 27 3 370 508
94 81 14 6 326 414
55 12 25 4 416 706
70 29 27 7 289 372
63 71 29 6 589 716
57 16 22 4 635 700
90 72 27 6 492 781
11 87 24 7 314 572
94 16 15 2 650 775
75 83 29 7 222 299
35 54 15 7 491 645
76 64 14 4 303 510
7 50 24 4 401 478
90 74 26 1 463 524
99 69 13 6 379 667
18 33 19 6 361 606
64 49 10 1 474 749
52 76 16 7 285 503
80 19 12 2 612 778
8 99 15 6 202 376
49 50 28 6 468 609
6 28 23 7 509 580
37 42 17 4 365 500
74 33 20 7 338 542
1 68 12 1 540 650
83 60 26 1 568 731
3 30 6 2 360 657
10 86 17 5 300 370
89 6 7 7 621 735
27 38 24 6 222 458
63 82 19 2 201 462
50 30 26 3 523 633
41 76 18 3 383 495
