1223
48 70 0 0 0 0
63 14 28 5 661 750
26 32 13 1 374 441
64 80 25 2 360 453
0 92 5 2 457 620
60 11 13 1 357 518
52 30 28 5 337 574
49 45 18 2 316 616
58 39 23 3 379 498
80 48 26 7 494 723
83 65 22 6 259 537
58 88 18 5 446 728
84 8 19 1 285 560
53 10 8 2 418 604
77 2 14 6 388 503
5 73 30 3 610 798
52 28 15 7 424 524
78 85 10 4 224 461
20 43 25 3 416 648
28 70 7 7 307 377
10 47 27 4 455 612
9 100 14 7 305 531
79 0 16 4 507 635
25 63 28 4 207 352
68 0 29 2 415 489
33 18 27 4 530 673
28 31 28 4 620 773
29 8 22 7 405 663
89 12 27 7 593 724
55 34 20 1 482 548
53 66 18 5 631 732
62 62 19 7 267 399
33 64 26 2 493 785
9 99 20 6 532 736
42 55 16 4 304 551
14 57 15 4 461 664
68 79 28 3 455 732
3 87 29 7 570 769
17 35 18 3 404 657
93 18 6 4 454 602
88 44 14 4 424 503
82 53 30 7 214 495
72 69 28 7 323 484
8 56 20 6 422 498
7 7 10 3 354 581
33 67 14 1 448 663
49 63 17 4 365 427
24 69 16 6 324 610
18 61 18 4 289 440
80 25 11 4 362 456
36 16 21 7 504 651
98 84 17 2 289 568
31 54 17 5 259 508
38 71 30 1 348 468
99 53 11 4 597 732
56 84 8 3 316 563
30 93 11 5 546 769
88 64 23 2 669 742
42 79 14 4 413 481
68 30 20 6 212 470
70 97 18 7 254 418
29 37 11 4 352 616
82 94 18 3 351 524
32 80 29 5 364 589
80 63 28 3 458 599
68 77 6 1 413 612
63 42 19 7 279 461
8 25 7 7 221 371
20 0 26 5 296 362
10 94 8 5 256 548
37 81 27 2 421 648
86 39 10 4 378 465
85 34 30 5 409 558
33 53 13 5 612 751
64 30 16 1 381 564
6 43 16 7 455 657
47 11 15 6 406 660
18 76 6 2 273 382
29 60 16 2 355 453
52 33 14 5 466 644
81 18 14 6 540 751
40 1 5 3 350 577
45 5 8 6 314 547
61 76 8 3 385 639
78 71 24 1 488 579
58 81 13 7 497 772
54 62 7 3 405 514
96 6 5 5 493 704
14 30 12 2 333 529
59 84 10 7 278 432
53 61 24 1 315 608
60 94 24 7 273 346
66 42 29 7 204 352
100 89 13 3 207 420
13 76 19 7 296 390
57 91 21 4 612 793
84 58 13 3 535 740
79 17 6 2 410 637
45 4 25 7 565 756
91 65 7 1 321 410
46 32 14 1 329 475
23 53 9 1 227 310
88 72 21 6 368 442
35 28 23 3 669 777
12 88 18 7 324 566
70 23 7 5 318 459
55 15 25 3 692 758
1 86 16 3 235 390
46 45 24 6 526 671
60 77 16 5 384 531
21 2 10 3 676 798
77 97 21 2 308 423
59 55 18 1 400 618
94 56 15 5 215 304
59 98 7 3 440 585
85 0 30 6 409 563
55 35 30 4 264 451
3 10 11 7 294 391
59 70 10 2 477 764
59 49 26 2 466 696
27 81 18 3 475 569
66 69 10 6 414 502
7 40 22 5 450 676
17 13 6 3 454 710
2 3 21 4 526 657
19 95 29 3 376 574
22 24 16 5 594 673
11 6 14 4 279 339
18 30 18 5 490 765
93 47 25 4 305 471
48 37 16 2 252 524
56 53 18 2 318 500
49 34 8 5 474 632
78 86 19 7 225 417
82 26 8 2 240 300
27 3 15 2 658 736
28 98 9 5 275 517
24 22 27 6 709 793
97 41 25 2 275 336
3 28 13 1 557 638
23 40 23 2 499 559
41 37 26 1 315 488
35 45 15 3 278 492
43 45 29 3 305 416
55 55 15 3 487 781
18 66 20 1 467 567
1 12 27 6 632 793
45 7 14 7 352 609
25 1 17 5 373 609
12 80 12 3 383 651
69 8 10 3 405 482
81 65 5 2 570 701
81 47 17 3 623 695
71 87 13 5 452 641
62 57 17 2 347 599
5 54 29 6 355 509
4 68 14 2 435 505
94 24 11 2 309 401
26 92 17 7 389 465
73 75 23 3 361 625
34 50 6 3 203 438
45 3 6 1 350 478
11 29 10 4 481 781
19 63 20 5 238 452
34 41 27 4 282 496
46 73 22 5 686 783
76 96 30 7 230 497
23 51 7 4 361 650
7 66 9 3 565 665
19 13 20 6 381 617
4 40 15 7 274 399
1 40 25 5 375 500
88 11 7 4 591 800
89 71 29 7 650 770
44 12 17 1 579 752
68 5 22 2 428 559
33 1 17 6 345 550
90 55 21 3 372 519
71 67 25 7 570 748
14 61 11 4 334 413
91 67 23 4 217 461
2 70 26 6 383 598
23 12 11 3 317 383
35 60 26 5 293 392
70 63 6 1 543 743
95 84 29 1 371 546
55 3 13 1 713 793
61 25 28 1 400 607
46 57 26 2 209 321
80 99 11 5 272 517
99 73 15 7 440 728
34 45 10 1 308 384
87 12 19 3 322 582
18 63 15 6 374 549
91 14 23 6 277 509
81 8 11 2 232 446
98 39 5 7 606 707
84 21 6 3 573 679
3 86 26 2 241 529
10 81 20 7 611 734
19 60 25 3 377 653
75 56 19 4 217 451
88 76 14 4 682 769
89 41 21 1 368 607
79 69 21 2 427 506
71 80 6 1 411 667
94 14 20 3 414 689
86 48 21 2 508 617
72 8 14 4 438 594
62 97 13 4 355 427
2 97 22 5 259 338
31 56 15 3 448 629
93 95 18 3 261 498
86 85 12 4 341 587
49 100 28 3 419 534
20 5 9 6 427 523
77 69 7 6 409 669
50 54 23 4 446 610
16 24 24 7 631 758
18 42 8 1 618 742
11 14 21 2 287 435
79 28 9 1 287 481
71 23 12 7 351 569
3 97 15 4 263 475
24 77 5 1 630 751
2 33 17 4 389 648
34 89 21 7 359 422
26 61 29 1 524 678
31 97 27 2 431 624
41 10 15 6 287 363
72 10 28 5 304 439
93 6 6 2 554 749
51 32 6 1 534 633
23 9 9 6 354 638
63 25 5 2 432 668
40 37 21 5 413 565
67 88 22 6 494 776
9 76 5 2 490 681
87 4 9 5 242 402
34 33 17 2 265 375
93 16 19 5 526 690
20 100 26 3 242 461
68 17 11 1 404 592
14 37 17 1 476 764
38 100 13 7 671 743
4 18 29 6 299 461
33 94 8 2 208 408
31 24 18 7 383 483
24 55 22 2 494 776
64 32 19 2 700 770
32 88 18 3 319 532
88 73 7 1 347 612
36 12 30 5 213 333
23 77 18 3 404 567
35 27 7 6 380 481
63 17 9 2 211 308
11 16 21 5 617 750
9 65 6 1 469 560
17 33 5 6 381 608
69 36 12 5 427 619
94 60 18 2 486 605
33 92 29 7 617 722
62 14 11 3 423 525
18 97 5 4 575 710
43 40 19 7 275 497
24 50 12 5 587 656
98 4 10 6 420 690
9 51 5 5 624 704
82 30 27 1 304 594
12 71 24 4 299 534
45 64 23 1 451 707
40 24 7 4 493 729
68 37 24 5 358 453
9 4 14 2 621 696
94 78 17 5 617 761
89 76 20 3 471 661
0 97 29 5 464 712
4 10 20 2 316 390
16 38 12 4 351 521
70 34 29 1 618 742
14 51 15 7 396 599
19 21 18 6 324 432
29 96 30 2 661 737
61 83 25 4 376 537
83 10 29 4 404 666
54 6 12 5 409 622
61 87 25 5 293 447
19 90 21 7 405 466
39 53 26 7 569 749
58 33 7 1 459 629
3 80 27 7 215 284
65 0 13 3 321 520
81 84 16 7 216 372
43 69 21 4 545 693
13 40 17 6 353 544
20 27 13 1 623 710
66 55 21 6 228 455
40 45 15 3 484 646
52 44 26 3 406 495
84 93 16 3 573 650
45 10 10 6 376 635
34 17 28 5 325 478
23 55 10 4 432 512
28 46 19 4 457 747
73 57 23 1 470 665
16 71 25 7 469 585
84 35 16 3 452 560
76 52 9 1 369 540
83 81 12 2 253 350
2 52 27 2 379 536
24 99 9 1 360 454
75 46 15 7 462 711
16 11 12 6 344 440
85 45 30 2 676 756
54 57 15 2 449 739
46 21 22 5 624 748
82 3 22 3 492 592
83 73 28 5 465 611
87 65 19 1 405 648
14 5 5 4 542 785
30 100 23 4 217 402
47 88 24 7 581 704
53 7 23 6 384 499
91 78 6 7 330 589
56 16 13 7 496 687
80 71 10 3 405 566
41 16 27 1 551 765
9 56 13 2 317 547
73 59 5 4 297 478
54 27 28 6 385 486
9 48 22 6 366 591
76 79 23 7 549 684
2 39 27 2 271 338
48 60 6 1 277 416
74 80 11 4 562 642
44 29 6 2 233 526
65 78 22 7 227 481
70 100 22 5 300 392
54 21 16 3 594 662
41 39 13 2 615 676
52 66 25 7 351 549
21 60 8 3 644 732
20 25 16 4 275 353
0 86 12 7 414 522
2 28 15 4 312 402
89 94 24 7 297 420
35 0 13 7 535 603
38 93 8 4 526 701
1 81 18 2 337 421
64 15 16 3 408 479
61 5 19 7 344 501
19 9 10 6 494 669
17 65 20 6 579 777
77 20 29 7 396 686
76 55 6 5 555 692
99 32 15 1 420 649
53 18 24 3 564 648
38 55 10 2 222 335
81 9 16 5 676 757
65 44 17 7 354 578
90 89 29 4 364 629
40 80 30 5 241 376
91 52 16 7 455 735
38 11 28 2 603 691
61 82 7 6 492 643
66 24 13 7 616 728
11 87 29 4 501 796
79 95 19 7 534 603
26 41 26 2 497 649
6 70 11 6 495 659
25 45 11 7 513 644
26 18 25 4 221 376
89 37 14 3 233 349
31 36 8 4 325 585
48 34 27 3 380 454
38 77 29 6 380 607
20 64 17 6 317 550
74 35 28 1 206 436
5 20 15 6 291 547
43 4 18 5 521 669
39 4 11 4 428 607
74 73 7 4 262 433
69 99 28 2 276 381
12 21 27 7 539 609
17 47 21 5 267 403
99 52 22 2 709 773
10 16 17 5 580 737
84 23 24 1 331 624
87 7 5 5 234 360
19 48 9 6 259 429
35 31 25 1 702 768
100 48 14 3 449 527
20 59 18 1 210 367
79 51 20 3 512 728
88 1 13 1 225 382
11 86 10 5 591 702
84 61 21 6 346 511
46 39 15 4 630 757
37 68 26 2 407 661
18 0 30 4 362 629
80 70 19 1 298 524
15 31 11 4 309 462
25 9 14 5 406 522
86 78 19 2 557 680
45 23 6 2 352 608
27 58 7 4 409 576
78 25 22 1 695 780
62 95 11 5 342 409
36 76 26 2 463 604
98 10 5 2 213 418
54 43 23 6 407 470
11 80 9 2 286 482
33 27 18 2 692 754
66 73 13 6 210 425
43 23 11 7 492 734
22 60 7 1 515 689
81 1 20 3 349 474
95 57 13 7 506 620
27 54 17 2 367 581
80 10 27 4 615 725
11 98 6 6 211 380
26 56 9 1 471 733
52 67 23 7 596 678
18 52 12 4 436 733
77 7 11 6 539 633
24 13 21 7 487 737
51 17 6 6 507 706
92 77 16 7 241 386
41 3 7 5 229 421
76 44 17 7 570 738
45 75 8 4 451 742
54 23 27 2 579 654
70 70 18 2 538 730
99 58 6 7 341 480
100 76 25 5 373 590
21 96 23 4 421 493
45 100 18 2 244 490
34 99 13 1 239 363
1 64 22 1 264 481
15 34 14 7 432 498
55 24 24 7 650 729
6 68 28 1 508 776
33 84 24 4 285 400
90 40 28 2 453 740
94 29 7 7 330 411
71 51 6 3 609 790
4 56 28 1 484 717
74 77 30 7 313 489
16 41 6 5 231 459
55 50 20 1 443 543
53 0 11 5 444 527
99 97 9 1 510 659
92 40 5 1 363 501
37 19 5 2 470 644
28 6 25 7 453 642
22 54 27 4 546 756
67 39 16 7 409 535
63 98 11 5 415 646
14 83 22 4 246 511
59 92 25 2 630 774
38 76 24 2 439 535
22 81 20 1 396 657
33 14 30 1 223 325
82 50 30 6 260 381
81 78 23 2 270 374
18 14 22 6 471 571
64 55 20 3 388 627
46 9 24 1 598 726
2 12 10 6 557 638
20 26 28 6 451 544
16 69 29 1 475 676
64 42 14 6 298 533
36 62 26 7 640 756
67 85 8 5 398 582
91 63 24 5 428 518
19 71 9 1 433 621
98 50 22 7 402 572
22 87 19 7 376 648
1 6 13 7 335 617
37 49 8 5 412 535
98 1 8 6 555 615
43 8 22 2 228 493
91 79 8 3 294 583
15 33 5 1 411 597
24 15 15 7 504 739
84 51 12 4 537 761
56 70 10 4 263 544
2 57 15 2 299 406
3 70 29 3 295 580
82 80 15 5 286 367
42 75 20 1 259 390
68 45 16 7 439 589
38 45 17 7 220 414
62 13 16 5 529 615
18 80 21 1 337 461
2 21 21 6 425 612
41 88 14 5 335 628
51 16 30 1 200 463
100 94 5 7 242 381
45 97 5 1 358 478
73 5 21 3 506 674
94 10 10 2 396 504
99 24 8 7 288 510
1 98 11 4 618 759
18 44 9 3 669 783
39 60 24 7 259 437
42 59 14 3 257 354
23 74 17 1 363 427
76 32 17 1 548 628
40 89 21 4 265 433
9 94 9 6 323 496
29 9 13 5 500 712
54 86 17 5 238 372
20 10 10 6 324 516
38 29 16 5 459 601
26 100 23 6 218 300
98 52 10 1 496 581
36 78 18 1 471 613
5 93 25 1 427 600
36 53 30 2 283 545
67 62 19 5 632 792
82 44 6 4 368 567
14 68 27 6 237 484
68 24 30 1 316 433
48 73 19 6 530 628
34 84 15 2 606 757
45 58 20 4 503 721
49 69 15 4 470 600
70 5 5 5 457 661
90 16 13 1 552 690
83 38 18 2 394 557
12 0 22 7 489 728
85 94 15 5 525 703
22 7 13 6 507 603
45 61 21 4 542 717
75 61 14 4 663 726
3 18 25 4 212 288
85 64 18 3 435 498
2 32 17 4 359 620
94 28 27 4 375 527
50 52 9 6 592 685
74 16 17 5 666 763
47 80 11 6 338 421
99 36 15 1 216 368
33 48 10 7 542 604
58 100 28 1 497 570
92 30 18 6 204 503
14 72 6 5 304 403
26 14 15 1 579 654
70 9 28 4 340 553
26 54 25 7 503 684
60 46 23 1 325 590
1 43 26 4 400 574
4 44 20 4 642 722
80 4 10 4 465 604
12 77 19 6 318 391
47 90 28 3 297 538
87 85 26 5 471 677
37 66 21 1 529 671
60 2 13 2 549 620
94 81 7 3 597 683
7 78 15 4 330 579
73 45 5 2 253 387
69 9 11 2 676 784
6 13 22 5 376 628
43 39 12 6 544 681
67 79 18 3 651 773
35 84 11 5 562 702
80 28 30 5 279 359
38 46 11 7 293 356
42 60 8 2 200 479
81 0 20 6 328 463
80 82 12 3 560 685
95 18 12 6 229 474
83 16 5 4 297 597
40 33 29 4 577 718
76 30 12 2 474 762
9 66 12 1 322 389
7 85 5 3 350 422
68 99 15 4 287 473
84 20 5 1 648 773
65 72 30 4 645 756
26 95 8 6 392 637
18 50 21 5 640 723
66 30 29 6 338 486
56 56 17 2 360 500
17 46 25 4 535 604
95 98 12 3 386 598
88 34 18 3 307 468
100 70 8 6 560 719
63 51 19 6 449 672
64 66 11 3 227 424
27 26 14 7 548 706
63 81 16 4 246 494
77 5 18 7 208 368
90 8 20 1 203 393
30 56 23 4 274 364
89 34 7 4 610 790
10 43 20 4 350 512
22 51 19 3 547 719
12 87 16 1 201 458
95 64 20 2 408 634
7 37 14 5 291 590
41 26 25 6 512 636
43 91 11 3 357 450
32 10 27 3 435 680
53 58 29 6 308 573
60 58 23 1 623 788
58 61 10 5 380 536
85 20 24 5 289 465
46 79 7 2 311 433
47 62 23 4 521 791
3 98 14 5 284 467
45 72 15 4 467 588
74 25 14 5 266 374
3 57 22 2 270 370
53 3 19 3 688 770
51 47 30 2 416 679
9 36 5 2 442 594
49 67 30 2 554 677
30 12 9 4 239 485
3 100 18 5 415 597
20 69 17 2 476 770
84 43 24 3 503 563
27 40 7 3 492 698
91 19 21 6 418 696
34 32 19 1 664 766
77 81 16 5 536 735
79 37 17 1 264 373
50 37 18 4 512 596
5 23 7 7 629 697
47 79 30 2 449 525
85 41 17 7 343 465
5 65 19 2 348 643
77 74 12 1 440 718
1 48 5 7 425 706
87 52 28 7 574 795
60 10 30 2 653 723
22 11 27 2 546 694
19 25 28 5 336 519
25 43 14 4 441 734
84 2 18 6 619 713
81 54 18 4 510 681
97 46 15 5 283 390
83 78 17 3 339 588
11 1 25 3 522 735
24 85 5 2 417 629
4 48 23 5 427 646
8 92 14 7 246 476
67 77 21 6 580 741
45 36 25 4 487 689
35 35 11 5 349 445
55 70 30 1 477 761
36 54 6 3 284 473
65 71 22 3 217 370
29 97 29 3 380 550
86 74 30 7 465 627
69 58 15 5 534 694
23 46 30 1 371 646
22 68 8 6 475 593
36 5 24 4 477 770
3 51 17 6 415 612
61 3 24 3 317 450
48 10 14 6 457 586
18 3 20 7 203 301
81 100 10 7 475 677
32 73 18 2 216 284
52 73 10 2 509 703
96 66 9 4 503 681
69 20 30 5 313 608
53 52 12 4 501 574
30 27 10 1 223 310
46 63 11 3 388 625
63 50 5 3 592 681
8 7 30 5 288 358
41 96 11 3 506 701
98 2 30 7 510 769
80 0 14 2 241 333
88 33 5 4 504 691
20 67 15 1 504 664
54 30 21 3 240 391
35 72 29 5 359 455
76 58 21 7 467 614
83 43 29 4 454 586
62 37 26 4 273 507
93 92 18 2 578 661
72 93 20 2 503 674
67 61 26 4 317 568
67 70 16 5 533 603
33 44 5 1 488 551
95 32 15 3 340 568
43 95 11 5 354 481
43 58 12 3 455 566
70 77 19 7 203 478
48 43 16 3 338 531
59 42 23 2 356 476
7 29 17 6 332 506
56 4 13 1 545 670
75 10 22 4 360 471
78 4 11 6 355 514
56 44 17 1 471 648
94 68 8 6 658 740
37 57 27 7 202 337
45 16 27 3 337 410
39 51 19 5 243 307
7 69 26 3 206 276
76 17 6 6 555 696
58 2 21 1 369 486
35 9 15 3 599 752
49 29 22 6 232 333
44 46 7 2 465 624
80 44 11 5 411 510
55 98 9 6 388 599
44 78 14 6 297 499
52 5 9 7 338 619
92 29 13 7 236 318
47 53 15 2 200 319
1 66 8 1 289 480
14 19 11 1 484 576
8 46 11 3 364 429
43 46 14 7 300 360
77 27 30 3 215 336
30 61 8 5 283 454
10 26 11 6 452 721
11 13 27 3 281 539
17 77 8 1 494 609
9 86 9 3 353 439
27 30 15 5 470 636
22 25 15 2 630 799
76 11 8 2 527 678
45 48 28 3 365 473
52 55 17 5 338 524
49 35 11 5 533 654
49 14 27 3 502 793
57 12 15 6 368 496
79 56 9 3 384 649
89 66 20 7 405 493
0 62 5 1 386 627
43 28 7 6 297 514
0 26 11 6 277 362
46 55 14 4 270 539
13 12 8 1 207 494
77 11 25 3 377 547
40 73 8 7 201 391
40 53 6 4 546 728
57 28 30 4 374 504
1 33 26 5 373 455
44 36 8 5 226 429
32 71 22 6 558 645
79 76 12 6 610 673
0 87 25 1 319 533
2 56 29 7 317 390
35 46 30 4 568 660
27 43 24 2 511 688
48 2 29 6 438 505
77 28 27 1 362 470
83 100 26 5 420 532
39 76 11 4 280 580
66 85 18 3 468 679
9 40 7 5 344 551
16 40 19 5 456 567
29 31 6 5 331 609
4 21 6 6 578 737
39 88 11 6 245 393
5 91 15 6 501 705
91 74 30 5 434 514
55 71 27 1 515 762
30 84 8 6 493 575
82 79 19 7 309 526
66 72 6 7 492 692
45 62 20 1 249 415
97 65 7 5 646 731
1 91 29 4 339 497
72 22 14 1 296 436
14 92 7 1 490 641
13 67 16 7 440 584
10 71 9 2 656 750
47 10 29 6 261 477
11 54 5 3 256 352
36 90 20 1 220 396
21 89 18 5 462 616
99 13 30 7 335 546
100 72 8 5 389 600
29 33 5 3 224 426
52 8 22 1 303 442
57 83 15 5 229 513
95 74 7 5 273 335
44 74 20 4 490 700
40 58 27 3 290 421
76 50 15 2 467 708
8 8 12 2 442 660
21 56 15 6 564 672
71 94 27 3 350 537
69 54 15 3 488 716
97 32 29 1 248 442
26 90 23 5 344 501
67 45 16 2 328 397
37 18 18 1 248 539
32 6 17 3 480 686
67 83 27 5 461 612
65 26 16 3 426 538
30 28 27 1 519 784
43 16 12 2 556 656
22 13 28 1 387 660
61 85 16 4 372 460
97 22 26 5 555 670
53 53 6 4 483 630
31 19 30 5 204 266
75 84 17 5 652 748
43 100 26 5 454 716
68 56 21 6 344 519
54 76 27 2 273 571
99 41 10 6 379 635
13 60 5 4 479 765
70 8 29 2 435 556
71 60 12 3 533 621
21 30 22 4 551 703
27 83 17 5 377 489
62 55 28 6 619 765
81 76 8 1 583 687
11 41 29 3 529 653
31 38 20 5 532 662
36 43 15 1 414 694
10 59 23 5 493 677
48 53 12 3 562 667
63 2 21 3 448 509
75 85 18 1 460 572
15 6 17 5 518 578
58 46 26 6 451 573
1 74 19 1 201 460
90 87 10 2 510 601
78 19 29 1 516 733
0 24 21 3 641 704
41 6 18 2 293 431
90 2 11 6 298 579
29 13 27 3 311 408
92 50 9 2 292 539
81 55 6 2 614 715
28 35 10 5 417 694
3 68 13 7 202 269
73 94 21 7 553 623
31 14 12 5 415 607
28 0 17 7 325 450
43 19 6 5 543 659
93 60 18 6 385 608
66 9 26 1 402 626
71 10 12 6 470 605
78 17 27 7 300 544
56 40 9 5 421 530
75 55 11 3 493 780
96 36 21 5 278 533
76 10 10 7 450 654
93 49 24 2 472 569
78 48 7 3 421 484
13 96 10 4 627 763
52 47 19 1 513 641
16 14 6 1 318 575
73 77 25 2 658 732
61 90 6 2 207 370
22 90 29 3 351 592
37 24 29 5 516 779
84 32 9 6 490 728
59 33 8 5 389 579
18 89 10 1 216 369
22 58 7 1 657 779
52 18 17 1 414 594
27 88 13 4 308 375
80 96 29 1 425 595
5 70 19 2 331 569
57 68 11 7 235 461
30 32 15 5 565 685
95 3 19 2 358 630
59 39 10 3 398 504
83 4 22 6 515 714
20 82 18 1 330 524
24 92 29 5 380 489
84 17 20 1 424 525
33 61 23 2 246 509
15 7 29 2 383 538
82 34 8 4 462 727
21 10 14 1 436 711
30 97 20 3 552 725
36 57 14 3 299 436
59 47 27 2 398 554
50 61 14 6 486 651
14 80 21 4 250 383
44 77 9 5 474 622
80 34 19 5 473 548
66 13 12 4 280 511
73 22 23 5 469 581
51 57 24 7 588 796
42 43 29 3 458 624
78 67 20 4 235 475
58 68 17 6 321 590
72 56 20 5 529 628
64 20 12 2 347 579
47 77 12 7 484 581
49 93 8 6 486 585
26 49 15 7 440 626
11 44 17 6 441 683
89 80 21 1 324 543
55 29 14 3 286 385
47 52 26 6 337 411
64 87 27 5 524 597
22 57 7 3 252 500
73 81 26 1 228 481
92 55 20 3 507 576
40 76 27 6 426 550
24 21 10 2 359 427
83 17 23 7 441 539
29 40 26 7 311 376
31 64 20 5 316 403
94 97 29 3 376 570
71 26 16 6 681 752
72 35 15 6 382 555
67 41 24 7 370 525
24 93 29 5 652 741
20 65 11 1 441 581
65 94 6 3 266 496
20 37 27 2 430 549
37 97 16 3 209 364
79 78 22 3 450 654
5 4 15 1 354 612
70 52 22 6 301 569
22 44 21 1 509 642
14 39 6 3 445 732
49 49 19 4 623 721
88 4 17 7 482 583
56 77 18 6 510 588
85 3 24 6 527 771
72 29 16 5 365 507
91 13 19 6 312 438
82 69 9 6 331 628
79 77 11 1 462 649
94 34 21 4 299 376
6 26 28 7 312 486
74 9 30 7 387 644
96 85 24 4 466 756
4 24 17 7 298 386
75 81 30 7 205 374
6 93 20 1 443 696
62 17 14 7 396 564
74 82 23 4 587 660
7 56 21 4 524 720
39 29 12 3 282 475
82 61 21 6 216 350
20 23 5 4 298 523
16 99 7 2 249 391
10 58 13 7 542 684
1 71 25 6 354 516
48 13 18 1 237 310
97 67 28 5 241 481
42 33 19 1 309 556
13 43 18 5 523 670
86 20 11 2 536 636
8 70 21 2 288 500
48 65 26 2 304 567
22 63 17 1 405 476
52 56 18 3 227 394
97 7 24 5 433 689
42 23 29 5 547 612
57 80 28 4 323 570
74 11 6 5 542 768
86 88 13 4 344 496
52 4 13 7 495 617
6 99 29 2 278 400
53 67 16 1 326 428
17 97 7 7 309 581
25 19 25 4 552 678
62 50 14 7 448 654
32 83 6 7 298 513
38 66 19 1 689 757
61 37 29 1 582 701
53 100 14 4 505 682
42 50 28 2 277 441
85 77 16 1 539 676
61 22 22 1 622 753
21 54 29 7 258 413
30 20 28 2 285 482
70 72 22 1 348 431
31 13 19 5 526 745
16 82 27 6 451 665
51 97 7 6 302 420
77 40 5 1 502 687
33 28 22 2 221 498
45 43 12 6 410 686
55 48 26 7 348 551
32 27 11 7 257 320
70 66 7 3 528 721
93 34 16 7 534 645
36 50 18 6 395 654
59 1 29 2 496 584
58 34 19 5 369 571
31 21 27 5 479 632
4 35 29 3 534 787
39 26 24 2 505 791
17 54 27 3 485 678
95 39 7 4 512 720
11 94 16 3 331 470
11 9 10 1 472 696
85 63 21 4 327 536
88 14 23 1 538 780
43 75 13 2 579 789
42 96 26 3 593 737
30 21 24 7 294 524
88 48 29 5 384 667
76 90 12 2 308 388
95 68 16 1 272 514
2 93 21 2 300 587
66 27 6 6 388 620
28 24 24 5 523 787
64 45 5 2 399 614
22 61 20 3 201 336
91 17 24 6 510 571
93 80 14 4 230 343
23 87 26 4 271 538
1 57 27 3 224 430
13 26 30 3 389 507
73 67 7 3 381 488
37 10 17 6 579 690
82 58 22 4 418 635
15 35 22 3 372 524
47 89 13 1 230 291
100 82 22 7 465 710
84 16 14 7 559 673
48 5 28 7 422 540
67 56 22 2 266 421
62 83 15 2 530 692
62 38 12 5 227 515
35 90 8 2 264 391
45 25 26 2 307 374
38 42 27 7 611 754
61 73 10 7 527 626
53 1 26 2 248 369
27 62 19 3 369 578
57 62 16 2 322 406
95 10 21 3 441 630
70 78 28 6 395 601
63 91 10 4 323 554
87 97 22 4 509 686
45 47 20 6 214 463
9 82 19 1 259 547
4 38 9 2 437 597
82 55 9 3 668 780
91 45 28 7 403 478
34 92 22 4 377 484
80 5 6 1 359 520
8 84 22 2 479 674
31 72 11 2 267 489
50 18 15 3 437 697
75 18 29 6 466 753
40 77 29 4 337 605
88 0 15 5 449 598
67 69 8 2 268 439
34 94 28 3 401 483
49 76 8 3 468 546
34 39 18 4 703 794
98 14 21 5 418 557
89 29 11 6 291 387
87 36 7 3 492 722
78 84 17 6 537 763
50 58 9 4 410 666
83 37 25 7 438 588
31 43 22 2 595 765
100 38 13 2 261 530
40 84 20 1 577 783
30 67 16 1 530 690
13 84 24 2 519 754
14 70 23 7 358 594
7 92 18 4 383 656
76 71 22 6 211 455
37 87 8 7 597 743
62 40 7 5 268 449
30 57 8 4 539 798
83 23 30 3 500 592
5 94 8 1 237 433
99 35 12 4 219 448
30 85 16 7 234 444
88 8 26 4 273 399
13 75 12 4 459 551
39 41 23 2 303 543
88 57 25 3 237 330
19 59 19 1 471 647
28 62 18 1 228 390
29 21 19 6 542 690
21 34 30 3 306 509
13 79 15 6 483 783
94 59 16 4 366 469
77 39 5 2 693 766
40 25 28 1 490 672
33 59 29 6 396 494
48 56 27 2 565 791
10 75 10 3 528 793
64 63 11 2 475 639
90 53 29 3 300 464
46 35 27 1 439 673
90 93 8 2 365 474
11 96 25 5 440 646
2 42 23 7 580 685
66 37 10 1 267 473
62 12 16 7 495 555
29 51 26 5 484 757
48 75 11 7 245 448
11 47 7 7 582 652
93 96 6 6 229 525
68 59 23 7 428 563
12 73 13 3 448 562
48 18 25 1 527 672
23 78 23 3 329 513
68 82 7 2 454 559
20 24 12 6 539 645
5 85 30 6 415 487
38 14 12 5 636 701
98 45 7 6 333 453
5 56 28 5 680 746
68 6 8 5 229 414
64 59 14 3 467 748
81 82 18 3 490 777
68 62 8 7 493 598
62 7 13 5 362 567
6 35 21 5 541 679
21 43 8 1 227 470
39 85 29 7 588 789
54 96 25 5 427 718
50 81 5 5 367 590
7 80 17 5 543 750
32 94 20 6 309 488
10 32 17 1 570 679
17 69 23 4 273 366
95 93 25 1 380 618
16 77 12 4 596 796
58 97 25 2 211 505
0 49 12 3 356 643
7 21 25 2 371 494
98 81 7 2 547 625
10 31 7 7 248 523
88 27 16 3 332 422
71 65 7 7 470 724
69 50 23 5 238 458
100 24 30 3 426 584
54 63 17 4 393 567
69 95 16 6 520 609
51 8 29 7 563 652
4 72 5 3 265 388
10 57 24 4 607 695
58 16 5 1 274 349
14 48 5 4 327 586
94 12 7 2 309 446
16 84 7 2 364 431
79 90 21 6 724 795
42 14 16 5 693 756
99 65 27 2 253 547
90 77 30 7 285 558
56 25 10 5 586 760
100 9 15 4 635 781
15 71 11 7 473 683
15 19 20 5 431 546
79 53 9 5 442 668
83 74 23 5 477 571
76 38 7 3 301 511
95 58 23 6 591 769
12 64 18 5 459 656
19 81 12 5 479 773
87 55 19 4 341 594
30 76 17 6 254 545
0 31 8 4 345 423
96 52 26 1 553 711
0 91 14 2 352 506
54 88 15 3 486 665
67 12 25 4 556 690
69 35 22 7 494 728
52 86 27 3 618 777
71 43 12 3 497 684
48 57 8 4 410 699
96 43 23 7 411 597
18 82 27 6 211 271
64 84 17 4 397 603
40 72 16 7 485 546
94 0 10 3 714 782
87 75 5 1 289 394
19 40 29 5 562 731
92 83 5 6 562 638
12 68 14 5 546 787
17 68 12 6 409 547
55 0 19 3 327 473
83 46 18 6 364 651
26 1 24 4 358 478
46 15 25 2 581 710
30 49 18 7 436 524
12 5 20 7 669 763
13 56 19 6 555 797
17 15 16 1 530 757
51 93 18 4 311 405
90 62 14 5 589 654
8 53 13 7 373 513
73 43 17 3 379 510
60 79 11 5 493 732
95 16 9 2 288 392
98 24 16 2 267 366
21 19 24 5 284 458
11 18 27 1 589 746
79 61 14 3 247 455
59 85 9 1 352 576
96 47 10 7 549 692
88 61 12 7 265 530
75 67 14 5 305 560
95 48 8 5 361 614
2 13 24 7 321 580
70 26 13 5 349 511
37 12 29 1 485 699
12 36 22 5 216 290
19 87 29 4 414 517
36 2 19 2 546 744
33 12 25 6 204 440
36 58 23 7 461 635
50 47 7 4 564 730
90 50 23 3 485 612
46 13 18 3 407 590
82 88 30 3 583 792
25 56 30 5 254 331
27 24 13 4 594 689
7 32 11 2 414 575
31 81 24 5 605 678
