757
69 53 0 0 0 0
41 4 27 2 608 743
96 93 13 6 503 782
85 83 12 5 579 797
83 8 29 4 496 613
43 90 22 2 442 573
45 35 17 3 350 533
99 50 26 2 223 460
91 63 14 1 428 706
18 89 16 3 609 681
11 32 22 3 269 545
100 88 17 5 266 544
33 40 8 1 345 417
54 26 14 7 383 534
15 6 9 3 538 720
4 33 9 4 568 633
26 42 28 6 401 591
7 98 25 1 428 591
49 29 26 5 321 454
100 91 24 2 250 320
69 60 18 1 204 441
91 30 13 4 359 585
76 20 9 2 245 494
90 90 15 3 241 439
29 8 19 6 311 563
30 51 23 3 517 794
85 80 21 5 230 405
76 39 17 7 292 440
94 67 15 1 497 665
59 87 8 4 451 713
57 89 13 5 631 734
0 97 18 6 629 741
54 14 23 5 214 424
89 32 13 4 322 393
42 17 22 1 232 390
99 17 21 5 315 449
11 58 19 2 432 714
21 19 18 2 217 514
67 80 23 2 650 744
23 57 7 2 516 735
97 95 27 6 319 580
31 47 29 7 359 606
70 18 22 6 258 556
32 84 20 1 205 358
94 38 29 7 551 642
73 56 22 2 354 499
69 6 25 3 672 755
16 3 14 6 466 635
49 72 24 6 346 503
34 94 8 7 424 533
62 38 29 2 598 678
58 56 9 7 447 530
58 65 7 6 565 747
4 91 11 1 581 693
41 96 29 3 205 441
32 7 23 2 473 605
8 77 14 7 389 664
11 15 5 7 553 739
90 42 13 1 238 360
6 98 30 3 286 485
24 45 7 4 418 586
76 4 14 2 715 794
58 44 21 6 252 399
74 99 23 1 278 364
64 5 11 5 488 593
94 4 15 3 542 646
86 61 19 2 419 599
79 41 18 1 376 572
29 73 6 1 402 654
94 23 14 5 585 655
7 58 18 5 242 489
79 32 26 7 489 675
3 21 29 6 633 722
51 30 22 4 612 717
24 31 15 5 318 418
52 41 6 1 251 379
31 100 14 5 343 428
38 61 7 4 273 541
58 86 21 6 493 662
87 58 17 5 379 605
77 35 23 2 377 645
25 51 25 1 267 399
31 78 5 1 548 777
71 30 9 2 324 469
27 85 22 1 567 762
2 12 13 7 471 536
52 89 30 4 368 495
34 61 24 4 627 771
72 93 10 4 569 786
44 5 16 2 345 529
57 52 24 4 316 411
17 94 14 4 639 732
5 22 15 5 411 677
72 13 17 1 269 552
18 49 30 7 241 357
60 18 6 4 595 702
55 29 18 4 591 721
25 56 30 1 466 756
40 74 14 6 447 531
43 18 6 1 294 411
51 85 18 3 379 566
12 55 6 5 339 630
37 37 22 2 380 664
13 31 11 1 512 661
30 2 26 2 463 677
29 64 19 1 309 550
46 96 14 4 338 441
1 41 19 4 659 754
80 62 5 1 498 604
29 14 6 5 514 711
71 21 6 3 396 618
96 77 21 6 325 600
23 91 7 2 599 732
99 25 18 7 500 642
60 28 21 7 400 598
93 1 7 4 476 593
92 33 5 5 404 586
21 39 5 4 285 358
87 42 9 5 440 739
85 28 7 1 387 473
53 56 7 2 389 621
91 75 17 3 324 543
94 86 10 4 355 606
59 36 27 5 411 485
49 51 24 7 206 316
67 15 23 1 346 636
47 2 28 4 384 665
63 75 11 3 503 625
9 28 9 2 218 416
95 77 9 1 578 644
65 16 7 3 363 572
1 20 18 2 640 791
37 93 20 1 580 722
33 71 17 7 561 767
59 41 8 2 476 734
51 20 16 2 417 696
86 86 15 3 369 456
31 82 20 5 455 734
78 62 13 5 480 775
29 52 11 1 618 694
14 61 11 2 238 468
76 52 15 1 415 567
22 40 25 4 237 365
76 74 17 5 383 617
66 70 26 2 653 772
84 75 17 6 388 659
48 39 7 4 518 798
56 27 15 7 292 354
26 74 26 2 404 573
18 34 10 7 552 786
63 51 28 3 524 643
99 99 9 1 416 676
32 30 27 1 297 444
33 4 22 6 511 773
46 60 17 1 542 788
52 87 12 4 327 522
39 30 30 6 237 526
98 61 20 7 420 549
88 69 5 2 498 754
1 70 22 7 438 618
34 22 14 3 466 763
76 47 14 3 291 559
61 97 11 7 535 645
11 62 20 1 460 525
63 34 28 1 614 682
86 14 11 6 501 722
44 57 23 2 284 483
28 51 26 7 431 723
71 84 30 3 248 518
1 50 26 1 673 762
70 12 28 7 400 637
47 75 27 3 444 540
34 66 24 5 559 649
60 21 15 1 404 643
53 94 11 3 562 782
94 18 14 5 332 627
43 10 11 6 427 580
91 47 22 6 232 433
90 86 17 5 205 504
7 15 11 6 423 714
88 7 24 5 472 642
87 78 29 6 340 445
63 18 13 2 217 468
58 64 24 3 514 741
86 39 10 2 292 488
20 69 20 6 262 541
65 0 5 6 352 648
53 35 8 7 354 629
20 93 28 7 222 331
16 59 12 1 443 663
76 37 12 2 230 418
34 32 21 6 476 649
63 89 20 4 655 795
2 5 25 5 337 415
30 77 29 4 268 560
99 64 16 5 305 539
50 68 26 2 242 305
50 62 24 3 460 739
49 67 11 1 557 634
22 50 8 3 432 657
10 93 7 3 235 332
100 14 6 6 447 682
13 38 12 4 242 412
89 12 29 4 675 778
83 67 27 5 335 635
29 41 28 7 256 360
30 11 9 3 659 767
18 7 25 3 245 466
18 81 12 4 277 389
9 1 16 1 420 579
34 57 9 4 421 496
62 34 22 7 493 611
68 65 20 1 478 622
61 67 25 5 245 533
80 19 17 5 291 380
48 51 10 4 321 560
51 99 27 4 308 556
56 26 7 7 507 651
33 41 10 4 458 567
38 11 6 7 465 743
9 35 26 6 362 616
78 79 16 2 232 479
96 22 6 2 643 727
94 51 6 6 281 379
33 33 22 6 248 528
78 9 18 1 468 625
42 95 27 1 437 525
83 74 8 1 326 526
23 46 5 6 610 797
8 78 20 1 621 686
96 15 22 5 230 521
75 4 9 2 269 358
94 79 14 1 510 665
79 15 25 1 535 744
26 75 27 5 573 671
6 73 19 1 368 574
50 80 18 1 368 576
45 87 13 6 322 554
76 68 20 6 584 753
17 84 23 6 498 780
32 42 15 6 533 609
28 44 16 3 448 511
93 49 6 7 669 800
45 27 10 4 354 601
75 21 17 1 299 515
83 40 13 4 485 744
28 82 17 5 364 649
53 24 21 6 428 592
39 35 6 3 417 693
49 63 24 6 606 775
21 1 15 5 292 493
39 95 11 2 669 796
15 16 23 1 452 747
8 56 30 6 331 444
83 45 12 6 473 725
85 60 21 4 431 571
42 47 21 1 518 792
77 67 26 1 257 503
13 50 16 6 245 420
41 98 17 6 211 438
47 17 12 2 226 288
22 30 6 5 457 624
0 57 21 3 411 687
19 63 17 2 370 604
93 86 5 2 679 777
5 69 13 4 532 650
54 56 9 4 661 747
20 2 10 6 418 687
1 30 11 4 295 415
91 6 12 1 477 700
23 29 21 3 354 461
29 65 24 2 501 622
91 39 29 2 250 493
69 18 27 4 608 687
90 9 6 4 501 791
73 52 14 4 436 594
6 82 23 7 240 438
47 47 16 7 443 610
67 17 26 3 408 615
96 31 23 4 203 448
18 78 25 2 336 603
45 2 20 6 481 695
65 61 15 5 249 506
14 74 7 7 237 378
35 66 12 2 253 360
3 16 14 4 492 671
26 28 27 4 461 645
73 58 9 7 251 469
39 16 19 6 534 733
36 67 12 3 314 579
7 96 28 1 459 681
29 84 8 3 599 751
91 69 10 7 498 671
5 3 25 3 255 532
88 56 26 6 305 438
96 68 18 6 290 509
38 5 27 7 536 649
61 43 15 5 233 354
47 85 10 5 244 375
40 92 29 2 513 666
46 87 12 3 565 668
42 73 13 5 526 797
44 63 13 6 528 721
71 69 26 4 582 649
62 95 24 3 620 686
26 55 20 7 479 760
13 21 10 2 218 464
68 3 5 5 573 748
98 37 16 5 409 672
53 95 6 4 433 711
58 81 12 3 517 730
94 48 15 4 463 730
49 30 12 1 448 568
81 51 8 2 461 546
42 39 29 6 324 592
3 81 24 7 394 667
72 51 9 6 363 529
82 29 12 5 491 680
98 2 14 1 474 710
86 26 28 6 368 449
0 31 30 7 440 620
15 32 6 7 577 642
12 93 18 4 371 668
75 0 13 5 201 500
15 43 18 7 449 538
42 51 26 2 258 451
29 85 17 6 548 716
65 33 16 4 678 758
23 11 5 6 503 784
88 98 14 3 722 792
19 42 18 6 310 466
26 16 13 5 203 318
37 43 23 7 445 622
15 83 13 4 428 627
17 30 9 2 366 610
58 40 20 4 427 615
98 77 10 3 401 557
88 96 7 5 455 691
9 11 27 1 417 672
64 66 23 5 351 517
5 86 6 5 397 598
66 49 9 5 278 360
68 59 20 7 298 457
7 14 17 7 325 441
9 18 27 4 428 553
23 47 16 1 285 497
9 60 29 4 446 557
25 57 10 6 409 518
57 69 5 2 216 364
23 79 25 3 270 477
1 97 29 1 547 788
65 65 11 4 568 783
75 84 10 2 291 473
99 51 17 3 266 477
76 36 10 3 472 641
3 89 7 1 301 397
58 11 15 3 614 691
89 70 17 7 309 582
15 76 30 4 248 542
21 10 5 4 378 538
56 88 16 7 470 676
94 88 9 3 582 688
10 53 29 6 261 420
36 89 26 2 665 767
71 91 21 2 442 530
74 63 5 4 517 637
18 70 19 6 588 731
77 95 29 3 403 488
20 74 28 7 458 757
97 87 8 2 657 730
59 100 9 1 361 564
76 23 7 6 361 583
64 33 13 6 200 305
44 32 6 2 600 717
77 66 9 6 337 432
43 27 12 2 208 444
93 84 12 2 441 511
9 54 10 1 420 707
2 90 25 5 602 733
28 55 29 2 452 615
13 48 29 7 246 356
77 78 8 5 660 754
31 25 30 4 249 312
9 33 17 5 226 311
43 4 25 4 316 377
85 52 14 3 525 659
19 87 25 6 701 796
2 47 9 4 356 621
30 12 5 1 402 642
13 32 24 2 201 402
60 54 30 3 499 747
5 72 5 2 291 367
41 56 7 6 450 718
98 11 17 3 460 525
81 34 8 4 303 481
58 95 24 3 478 560
44 42 20 3 509 614
7 80 25 6 340 597
54 63 14 4 390 469
64 44 5 3 351 639
24 42 12 1 245 395
2 27 15 7 317 544
86 5 26 5 271 530
43 2 28 6 331 512
53 15 17 1 313 487
100 36 5 5 645 757
50 31 28 7 251 484
52 83 15 7 281 496
84 53 12 3 450 623
42 38 21 2 364 664
100 60 12 2 528 601
47 49 21 2 691 764
45 59 8 4 450 732
51 37 22 6 515 577
75 74 6 5 407 616
23 63 19 4 409 556
76 95 26 7 446 572
69 74 11 3 282 360
81 79 28 7 445 664
84 59 21 4 565 724
88 1 17 3 540 762
64 48 22 2 238 367
82 77 22 3 412 598
74 49 5 5 297 533
49 65 6 4 609 765
5 96 29 2 403 647
47 98 13 2 462 722
35 18 29 1 518 690
14 24 25 6 530 619
100 61 6 7 511 637
10 61 11 3 255 329
68 25 6 3 376 488
81 72 23 5 320 536
44 38 5 7 440 696
97 5 9 6 309 566
51 7 29 3 682 755
93 29 21 7 482 713
88 58 6 3 386 470
86 13 19 4 599 674
1 67 16 7 239 386
22 34 10 5 438 535
52 11 23 4 350 638
6 60 29 7 570 704
27 89 7 6 488 627
86 71 20 7 326 481
84 37 14 2 248 511
54 77 25 5 221 509
44 45 8 3 346 453
4 89 24 4 225 500
11 0 28 5 569 721
73 82 17 7 636 753
40 71 9 6 216 315
57 98 18 4 264 446
17 59 15 4 217 361
54 87 30 5 330 504
71 14 25 7 426 550
56 24 29 3 578 745
42 29 10 3 236 329
17 19 10 4 336 635
15 35 13 2 223 345
21 81 26 5 366 627
89 43 21 4 678 791
90 1 30 6 643 706
57 74 18 5 241 436
96 13 26 2 400 697
75 30 13 1 598 679
23 31 26 4 332 556
29 31 16 3 434 566
68 15 6 3 375 628
63 7 27 2 250 377
51 66 5 4 417 547
53 90 14 4 367 571
21 69 12 4 208 375
50 55 22 5 470 621
4 58 8 5 465 758
3 86 8 2 410 674
51 9 5 7 603 719
66 25 16 2 504 646
90 71 12 6 343 435
15 94 15 5 626 703
99 20 19 1 387 570
38 84 7 7 423 702
45 30 25 1 403 568
19 20 24 4 561 642
92 69 17 2 555 639
78 63 14 6 277 536
38 70 10 4 471 621
5 25 12 4 451 720
87 41 11 3 607 729
81 53 25 3 435 686
30 9 17 1 350 537
85 97 10 1 516 676
52 30 13 6 473 576
43 39 8 6 337 534
82 37 16 7 217 505
94 53 16 3 223 480
68 98 27 6 255 499
79 46 23 6 708 772
60 64 22 5 226 309
95 7 12 5 238 522
46 18 23 6 272 496
4 41 30 2 271 565
92 83 26 4 478 613
8 7 10 6 508 619
70 10 6 3 309 538
87 97 15 1 250 321
52 15 17 6 527 690
41 43 24 3 423 622
21 78 19 3 309 498
89 14 5 4 547 704
45 99 11 5 521 650
17 50 22 1 499 660
82 75 16 7 416 665
15 10 8 2 507 600
24 30 18 3 295 583
14 73 5 5 446 655
55 39 14 3 299 486
0 39 12 3 492 646
5 17 28 4 499 732
51 15 15 1 287 456
15 62 24 7 347 617
91 20 8 6 576 700
21 91 21 4 343 579
26 50 6 6 610 749
14 3 27 1 512 572
27 47 20 6 330 501
9 14 17 5 272 572
46 33 18 4 232 443
0 78 28 1 214 433
46 41 11 1 443 549
70 92 28 6 615 771
56 93 13 3 337 478
59 93 9 2 436 673
16 94 9 2 449 703
20 26 29 3 538 648
84 76 21 5 640 800
85 4 11 1 489 582
86 32 15 5 441 560
63 11 26 6 322 598
83 78 30 5 354 424
55 92 18 2 222 519
64 63 23 4 201 399
3 58 20 1 274 460
35 96 21 5 611 720
29 61 28 6 234 371
1 0 7 5 453 527
86 19 7 4 229 329
93 4 24 5 244 533
7 53 24 7 479 744
87 62 13 2 350 577
59 9 26 6 418 523
61 8 27 2 507 714
69 94 18 3 423 486
95 50 25 4 479 748
25 34 26 7 334 563
90 41 10 2 510 740
41 29 11 4 459 548
50 96 29 7 563 719
5 21 15 5 286 366
15 42 8 7 586 678
16 83 26 5 286 473
0 35 23 2 524 584
83 7 5 2 424 516
23 77 18 7 447 733
51 81 7 4 573 654
56 10 27 1 473 647
83 10 18 1 469 540
33 26 30 3 369 441
82 85 30 7 220 297
58 30 6 4 502 686
66 31 24 2 660 746
80 16 5 3 404 535
82 67 30 7 406 687
16 9 12 7 390 480
0 41 6 3 651 755
83 81 27 6 258 546
46 36 16 3 563 648
19 43 8 3 280 359
16 69 5 1 201 324
53 58 25 3 581 677
83 41 20 3 397 692
98 34 13 1 265 424
88 46 12 1 215 404
28 31 19 4 454 744
72 85 19 2 523 691
64 35 23 7 265 494
20 57 22 5 526 677
80 79 26 1 607 745
19 91 9 1 513 600
93 20 23 1 423 623
38 65 24 4 290 433
48 88 11 6 412 707
30 84 5 7 456 540
49 81 20 7 290 469
9 71 24 7 493 580
72 35 19 3 262 444
8 84 13 7 589 704
63 33 7 7 442 696
26 93 28 2 305 562
88 27 27 7 399 548
32 98 29 4 285 438
7 86 25 6 477 747
57 67 27 3 393 488
2 59 14 7 682 787
74 0 21 2 451 615
70 76 8 1 262 501
95 73 24 1 516 747
40 23 30 2 532 667
99 54 9 3 518 657
89 11 15 6 578 773
4 98 17 2 213 366
27 66 6 3 533 632
41 17 25 1 326 422
55 48 25 2 277 490
76 96 24 5 324 495
83 35 5 2 428 520
19 27 5 3 553 791
42 70 24 5 402 610
36 58 12 2 519 658
82 49 5 4 528 762
11 76 26 7 449 714
20 56 7 6 506 602
100 31 17 2 248 400
99 19 30 4 340 402
21 33 10 2 449 510
91 28 5 7 217 321
4 17 18 7 521 679
69 46 13 7 289 369
90 31 25 2 274 430
95 81 9 7 558 752
53 36 26 7 394 456
86 52 8 7 480 670
77 12 12 1 262 496
7 6 17 2 615 689
17 97 23 7 636 709
35 63 6 1 328 399
54 19 11 7 437 661
72 7 24 7 268 378
18 64 17 6 324 517
98 8 24 4 233 522
66 7 22 2 374 596
83 25 6 1 296 423
33 66 30 4 304 384
74 8 19 3 611 755
51 89 9 3 245 500
21 31 17 1 336 473
11 93 5 6 269 440
20 61 26 3 424 680
46 6 14 7 597 676
89 27 17 6 307 381
47 16 10 4 581 795
62 98 6 1 212 439
79 98 16 3 469 596
79 22 22 2 571 782
85 33 16 7 444 631
88 55 17 5 503 633
74 66 8 3 261 452
43 61 17 5 356 556
51 94 25 7 342 567
78 60 21 1 297 414
56 56 14 7 280 382
4 24 7 1 350 578
6 59 18 6 356 497
86 60 5 6 421 672
22 60 27 2 473 636
3 7 17 5 455 744
55 98 21 2 588 685
5 64 28 4 558 646
11 50 17 2 362 461
55 83 11 7 380 595
31 42 27 3 308 403
51 0 30 2 292 529
46 84 10 6 512 650
44 29 13 7 342 448
19 59 14 1 433 532
72 4 22 3 449 608
35 7 15 4 401 541
62 16 6 7 503 667
40 8 7 6 393 557
11 45 16 3 383 459
7 38 22 5 399 526
33 16 5 6 568 774
26 10 28 4 533 786
13 36 9 2 406 586
1 56 10 4 615 762
0 36 19 1 230 460
32 75 13 4 531 677
99 8 24 5 442 503
31 60 18 5 541 775
59 4 29 4 575 760
15 31 29 4 544 694
17 62 22 1 424 561
26 8 5 6 412 588
33 8 20 3 640 734
87 39 19 3 249 519
48 81 29 7 446 605
72 32 11 7 294 441
45 71 22 3 415 520
71 36 18 2 453 589
91 32 21 5 671 745
65 13 14 4 212 419
65 53 29 7 203 337
100 35 17 7 293 461
4 11 6 4 433 716
54 42 25 6 253 544
88 35 12 2 201 436
27 65 23 6 520 633
94 12 21 1 309 382
64 30 20 2 432 704
24 3 12 3 513 749
23 98 5 3 695 777
94 40 15 3 348 413
20 79 20 4 212 370
42 99 6 3 424 625
9 55 15 7 223 348
13 17 17 3 284 358
55 44 9 3 310 575
38 63 29 6 238 330
40 89 27 7 257 328
90 87 8 1 215 380
92 51 5 6 624 791
86 8 24 1 579 710
2 55 6 3 302 488
93 87 19 3 518 581
86 96 28 7 350 585
51 2 14 7 345 588
65 31 23 2 256 324
65 88 12 5 427 727
71 95 13 5 380 625
10 2 27 2 683 775
15 64 18 4 369 628
52 60 20 4 487 785
10 95 24 4 239 334
70 50 30 1 496 697
92 16 26 3 522 604
21 45 16 3 522 598
59 62 20 4 355 601
71 98 7 6 236 523
52 50 27 6 432 728
82 71 23 7 217 388
28 47 29 7 558 639
47 36 22 1 212 312
12 85 13 2 292 388
95 58 26 2 211 388
66 30 26 4 484 741
100 89 13 4 507 606
14 10 28 6 376 553
77 61 28 1 279 577
45 50 7 6 532 602
38 83 21 1 578 709
4 65 27 2 521 667
2 34 16 5 666 784
6 96 25 7 308 409
4 12 14 6 532 678
55 40 21 1 263 332
75 40 16 1 274 571
61 40 13 5 243 321
