606
74 1 0 0 0 0
67 52 10 2 522 605
43 22 21 1 416 534
92 12 15 3 269 456
100 78 30 4 451 736
14 77 22 6 298 495
47 28 10 1 550 749
100 62 14 5 359 547
20 19 6 7 257 331
69 16 23 2 310 531
53 69 20 2 274 524
80 82 24 3 527 692
14 56 9 1 571 720
58 41 15 7 296 501
14 48 22 5 519 597
87 49 22 3 406 657
11 98 16 2 365 547
95 83 18 1 332 491
4 72 10 6 411 583
20 36 6 3 679 798
79 94 12 5 354 551
62 6 26 7 586 725
12 34 22 6 517 776
95 75 26 7 361 583
38 45 16 2 378 447
8 78 26 6 460 601
43 54 27 5 441 712
73 18 12 6 217 429
41 43 17 6 302 506
39 43 16 5 381 441
31 55 20 6 538 769
10 76 13 3 427 566
82 44 14 6 201 314
90 64 20 4 576 796
64 13 11 3 506 666
34 7 19 4 286 551
65 50 7 2 303 423
77 12 8 7 590 746
40 67 6 5 464 604
97 19 13 5 271 509
55 94 25 7 414 600
37 48 8 3 228 464
63 81 26 1 417 638
34 31 27 4 370 547
81 68 14 4 343 504
16 65 18 2 514 576
59 67 18 4 368 528
76 85 5 5 293 353
28 100 18 5 432 527
0 39 16 2 241 362
91 89 17 3 246 306
19 27 11 4 550 739
47 67 25 7 337 593
5 29 21 3 454 669
8 53 9 6 327 573
42 50 30 7 433 714
59 93 16 5 299 556
44 45 20 4 371 605
0 64 7 2 399 590
63 58 17 5 469 629
24 82 10 2 494 715
31 76 28 7 415 494
81 96 14 1 485 693
68 23 5 7 352 644
38 14 15 6 557 787
62 80 8 4 288 455
81 44 29 6 489 700
24 52 14 7 361 607
48 42 7 4 592 743
19 97 14 1 330 615
38 2 15 6 476 588
11 24 14 3 310 458
78 3 16 2 518 743
48 64 20 3 466 691
31 51 9 5 447 649
88 9 24 3 404 654
85 83 6 6 600 721
28 44 13 3 381 664
23 20 18 5 227 316
71 26 17 1 247 310
86 86 12 1 654 773
2 39 5 2 213 498
85 97 21 3 357 514
55 10 9 6 296 419
10 92 12 5 575 754
89 21 13 5 206 340
78 66 19 6 576 655
92 55 13 2 241 415
5 4 6 4 361 555
28 30 8 2 247 386
88 2 19 7 327 579
39 25 12 1 576 640
21 6 11 1 645 769
64 34 30 3 342 430
3 42 29 5 451 515
93 96 6 1 501 784
33 63 28 6 270 411
9 94 7 2 563 663
27 10 25 7 387 553
52 83 14 6 487 675
28 52 15 3 494 605
46 69 14 7 426 665
0 40 21 7 461 538
8 88 26 6 496 758
71 72 5 3 473 597
77 87 29 5 466 737
13 95 15 2 498 679
38 55 11 2 224 456
25 73 7 6 607 793
85 15 22 4 332 580
96 67 17 1 277 380
27 98 20 6 335 464
32 97 24 6 246 535
57 90 16 4 265 339
49 35 5 7 211 507
27 67 30 6 407 647
7 54 29 6 419 581
21 76 8 3 529 705
32 30 21 4 371 538
46 48 30 6 350 488
84 95 22 3 434 581
15 78 16 7 273 451
68 11 14 3 480 598
41 57 9 7 502 738
88 46 24 4 285 395
5 55 16 7 570 667
98 46 7 2 516 655
11 45 21 3 566 642
93 16 16 4 559 681
63 38 23 5 505 792
19 47 24 7 518 590
82 34 19 2 469 546
10 50 17 7 327 520
59 9 25 2 317 553
89 66 10 2 258 520
9 14 21 4 574 680
55 57 19 4 500 696
40 25 5 6 548 772
21 99 10 3 401 500
92 65 30 5 240 420
61 59 22 1 444 674
18 12 21 2 388 564
97 86 30 1 247 314
38 67 25 2 245 393
7 6 7 5 353 491
26 36 14 5 265 399
10 9 22 3 382 524
50 1 5 2 480 619
88 43 28 6 419 667
76 75 23 4 499 613
44 92 7 5 579 656
91 39 30 6 250 436
33 45 27 6 370 463
38 99 27 5 456 599
88 77 16 5 456 695
70 32 13 5 283 515
56 92 15 1 440 680
28 46 20 2 605 679
53 7 14 7 201 375
8 87 8 3 620 727
93 40 21 3 544 623
34 60 9 1 213 441
2 70 16 5 481 692
3 6 26 3 329 489
77 18 6 3 311 573
51 80 19 2 418 568
19 43 8 2 450 620
60 17 17 2 307 555
20 55 24 4 555 716
72 66 20 5 290 390
71 66 5 3 363 574
36 49 16 2 492 725
17 98 12 5 411 609
35 89 19 1 295 525
12 31 21 2 296 592
82 64 30 3 325 505
62 24 30 3 369 447
45 64 12 3 258 434
8 35 24 7 235 523
32 75 23 7 537 597
70 43 29 2 398 464
78 1 22 5 435 668
36 9 27 3 652 768
100 70 7 6 202 430
46 96 25 5 503 696
72 60 18 1 479 704
41 65 30 2 211 444
59 19 14 1 663 768
74 77 15 5 469 728
83 61 13 7 453 615
81 97 27 7 305 441
28 49 28 3 238 300
94 23 21 6 313 578
11 19 5 5 247 484
19 72 23 2 287 462
72 55 16 1 332 495
39 0 10 5 397 663
5 16 30 3 295 359
98 71 15 4 536 720
5 34 11 6 369 582
13 1 9 4 314 512
46 54 19 1 213 451
61 85 11 6 487 719
9 58 7 4 351 487
22 88 14 5 311 391
22 97 20 2 324 494
69 47 15 4 430 660
45 82 19 3 494 714
27 65 9 2 245 439
43 76 23 7 636 784
31 83 8 7 280 386
3 65 6 7 605 708
23 15 23 5 471 603
37 92 18 5 226 462
98 11 23 5 381 474
78 47 21 1 455 627
85 94 21 5 384 640
60 25 25 2 580 686
5 87 29 2 303 377
68 33 20 1 549 790
76 90 24 7 679 740
53 73 23 1 314 468
86 75 15 3 253 479
83 63 17 2 318 516
37 72 28 5 277 544
75 87 22 3 411 579
64 51 8 3 233 416
54 7 29 5 368 553
5 67 27 4 507 627
18 70 11 5 469 624
58 87 30 5 270 445
1 2 12 4 212 497
63 66 5 1 217 391
8 0 15 3 485 783
75 84 10 4 359 525
3 97 17 5 403 606
56 0 11 5 537 629
95 30 12 1 660 723
16 8 11 1 267 355
4 28 22 2 656 752
59 28 29 5 268 398
19 77 13 1 501 592
66 26 30 1 585 665
83 22 28 3 429 722
31 20 27 6 420 511
19 15 20 2 224 439
21 32 25 6 318 475
50 44 15 3 252 320
18 71 27 2 376 667
62 82 7 3 603 797
17 27 19 5 589 788
57 80 17 4 290 434
26 6 28 6 226 418
32 15 10 5 244 452
97 96 30 3 543 699
25 2 17 2 248 425
53 20 23 7 275 510
93 22 6 7 451 596
0 12 17 5 615 773
6 19 23 4 545 742
68 17 29 2 432 657
0 81 29 4 565 784
36 89 16 7 695 780
43 66 6 5 430 604
26 24 30 4 222 365
40 12 6 4 413 558
88 61 26 1 403 566
46 24 7 3 288 364
48 96 24 7 313 529
48 32 23 1 530 759
69 62 19 4 284 494
51 64 18 2 290 555
52 52 30 4 456 631
35 85 8 1 472 573
86 30 29 5 518 782
90 28 20 7 490 596
87 12 22 7 321 523
47 19 10 4 546 687
63 44 18 6 497 754
47 24 22 3 372 513
4 69 25 1 350 525
50 26 8 7 398 504
96 39 26 7 252 330
70 59 25 2 374 587
44 36 9 3 516 615
60 61 13 3 607 707
92 67 24 3 295 438
75 18 27 3 557 790
75 44 18 6 278 536
68 18 13 5 561 671
79 15 27 6 256 525
68 72 29 4 207 344
22 83 19 2 653 754
76 7 6 7 481 606
63 70 11 1 349 591
22 86 26 3 549 796
5 32 20 2 695 766
57 8 26 6 345 497
73 16 24 2 387 555
73 85 15 6 245 513
59 52 9 7 461 724
59 20 30 1 244 304
84 73 23 7 441 514
44 81 17 4 559 680
14 88 12 3 355 567
42 20 28 3 446 702
73 11 11 2 315 404
10 6 25 5 610 692
67 17 8 5 511 581
33 25 8 5 392 557
82 82 9 1 494 740
10 10 24 6 632 767
61 30 12 1 228 387
56 79 18 7 585 685
37 61 22 7 358 477
91 98 9 3 619 694
11 13 18 7 474 723
76 19 19 2 351 446
83 39 9 2 339 466
9 16 15 7 321 547
100 88 18 6 455 732
74 42 25 5 308 395
77 34 18 4 404 601
38 83 8 7 249 490
91 37 6 4 481 680
91 7 23 4 498 596
82 8 12 5 224 284
54 20 19 7 516 595
12 67 10 5 472 718
24 27 26 5 396 617
61 26 7 1 559 633
22 47 29 6 427 618
25 66 24 2 239 427
2 93 14 7 591 721
17 52 6 1 567 674
9 65 26 2 476 574
30 7 25 7 542 736
2 68 5 6 312 554
93 28 25 6 357 558
20 46 11 3 377 540
52 99 15 7 458 615
34 61 17 5 342 501
20 63 19 7 584 711
6 30 25 1 379 616
58 68 23 1 481 658
99 42 5 6 488 618
52 12 21 7 614 688
41 62 13 4 466 619
89 0 28 3 279 416
25 51 28 1 500 678
19 10 30 1 268 532
44 0 11 7 678 797
59 5 11 3 377 587
76 78 22 1 475 759
37 2 12 6 225 508
58 91 16 4 543 643
99 24 15 3 394 661
27 61 24 2 220 508
86 42 6 5 649 758
67 71 26 1 389 684
74 95 18 7 473 693
100 95 12 7 276 453
56 16 18 6 560 648
89 39 19 7 209 364
69 31 15 5 465 750
58 90 22 2 398 684
27 72 5 5 367 536
7 45 17 1 205 270
14 61 25 5 274 565
27 66 19 7 484 545
47 80 7 5 221 288
70 47 9 3 490 757
26 53 7 6 316 566
64 0 8 2 482 603
50 81 22 3 397 667
79 70 23 7 282 417
28 17 12 5 227 344
21 54 15 2 455 746
90 70 9 7 648 780
75 21 23 7 202 449
18 23 17 3 619 735
99 86 22 2 270 474
73 100 13 7 233 300
20 66 8 1 243 447
89 99 28 5 200 274
96 86 28 3 489 733
60 8 8 7 425 669
22 76 20 6 306 422
81 57 21 2 226 326
3 30 15 1 388 461
55 41 27 3 444 686
76 13 12 5 612 717
96 26 24 7 396 617
14 62 12 2 260 366
19 87 9 1 277 518
79 50 8 4 426 647
44 52 7 5 329 475
44 4 15 3 378 534
10 41 21 3 303 381
24 8 10 1 287 528
31 88 11 3 210 406
65 38 19 5 219 289
100 73 27 7 207 408
23 67 16 3 294 367
4 82 21 7 328 624
42 86 19 5 526 751
15 58 12 6 683 754
27 79 8 4 453 710
18 4 18 7 347 555
60 16 16 5 409 702
65 80 14 2 467 645
91 67 10 5 342 607
62 17 15 5 587 764
88 1 13 6 228 318
16 47 10 7 715 783
77 11 24 6 259 326
63 75 27 1 526 642
2 8 25 7 233 413
40 32 7 6 678 767
67 95 11 6 375 581
97 16 13 6 434 726
47 13 29 4 292 563
43 0 10 1 207 346
17 33 11 7 547 734
3 81 7 3 577 653
93 100 12 4 207 445
35 62 20 6 248 474
17 99 25 3 434 506
75 31 25 5 525 798
85 0 17 6 590 687
18 95 26 5 285 414
19 12 17 2 323 446
74 89 25 7 564 691
93 65 9 3 455 559
37 25 24 6 526 590
85 42 18 7 431 621
76 2 6 7 269 564
92 82 12 3 272 475
20 90 21 2 555 635
49 46 24 7 267 436
1 86 16 6 657 779
33 62 29 7 208 417
89 9 15 3 234 358
80 52 13 4 298 359
12 13 8 4 444 639
74 73 30 3 461 523
12 82 23 7 366 656
0 87 20 1 638 774
55 84 19 5 338 621
5 52 25 3 206 418
60 79 8 4 462 744
19 58 21 3 301 418
61 40 15 2 285 442
84 94 11 7 303 422
83 74 26 5 323 620
66 40 23 5 417 479
95 27 24 6 503 749
41 87 7 7 275 493
56 51 27 6 216 501
38 92 27 5 572 667
98 18 28 2 680 757
32 53 5 3 368 463
29 26 27 2 429 546
58 88 28 4 286 470
24 3 12 5 205 372
18 96 29 1 659 779
37 81 13 2 331 469
49 2 28 1 349 536
69 74 6 1 599 719
83 26 27 6 585 707
65 65 9 6 216 491
99 28 8 7 569 707
8 68 18 6 242 394
7 66 9 4 318 387
44 86 29 5 571 638
48 98 18 7 585 679
85 59 6 4 530 636
10 74 17 1 416 610
76 68 7 7 337 408
46 45 29 7 429 569
57 2 11 4 485 676
66 32 15 2 299 400
84 2 5 2 236 352
89 44 21 5 478 549
49 82 13 2 568 749
95 42 6 1 250 542
88 100 8 3 458 747
86 97 16 4 492 600
11 56 6 2 261 354
89 80 24 3 482 780
63 5 26 4 435 725
95 63 23 5 466 542
91 68 18 2 441 700
20 6 19 1 204 494
27 82 23 7 410 573
58 89 17 1 278 372
25 28 19 6 374 519
9 12 13 7 481 617
7 79 23 2 323 607
67 92 6 1 339 402
14 31 23 3 529 787
93 55 23 5 443 726
61 88 25 6 301 536
70 12 29 1 238 446
61 92 15 3 433 504
96 90 8 5 584 669
24 72 20 6 255 499
23 75 12 1 565 719
44 12 12 5 269 557
85 24 18 4 582 758
26 78 8 7 314 520
94 80 26 6 425 530
70 57 13 5 301 455
25 60 12 4 333 442
54 6 23 3 498 611
40 10 8 2 508 624
7 61 9 4 494 775
62 90 28 6 680 767
46 67 8 1 310 590
43 83 18 1 715 796
38 17 10 6 364 474
77 59 11 4 295 495
85 34 22 7 402 546
29 56 27 7 693 773
70 85 7 7 503 598
93 56 30 6 401 474
80 36 7 1 264 394
93 61 26 4 508 752
24 68 17 4 406 518
41 31 6 2 613 747
89 68 5 4 238 413
55 54 10 4 604 688
59 59 17 6 506 779
2 78 18 1 276 420
89 11 16 6 227 491
35 74 15 2 596 703
32 72 23 6 209 397
41 67 12 2 280 453
68 16 16 6 348 416
53 71 11 4 234 386
66 14 12 4 267 373
12 57 16 1 639 797
16 56 20 1 430 654
52 40 15 4 385 532
96 99 28 5 581 730
27 94 22 6 354 477
87 17 18 7 457 630
68 41 19 2 393 529
72 14 15 5 324 567
26 65 28 2 473 710
43 43 13 1 363 533
52 75 24 4 265 352
41 27 10 4 286 431
15 100 25 6 656 754
0 94 19 2 370 463
90 98 28 4 670 775
30 95 5 4 405 694
54 53 6 6 263 413
46 31 20 2 583 736
26 29 8 7 255 352
73 57 16 2 315 596
95 98 22 5 620 694
77 41 10 6 414 515
45 9 30 1 609 684
84 63 24 2 698 767
32 90 26 1 522 796
12 40 23 5 549 736
36 87 11 7 606 669
69 64 15 2 210 324
72 93 30 3 606 729
45 30 18 3 228 513
10 52 24 7 702 795
23 0 28 4 266 443
47 68 25 6 340 483
85 85 20 3 251 523
30 15 6 7 439 621
31 31 24 7 455 570
95 64 14 3 572 701
86 3 29 3 357 443
20 4 7 2 596 761
84 31 19 7 442 584
76 25 25 6 339 411
4 48 14 2 671 788
77 60 8 2 394 680
58 43 19 6 567 749
22 64 17 5 471 754
24 65 24 7 596 759
21 16 10 7 259 401
24 1 27 2 474 741
66 44 25 2 607 744
88 44 16 7 404 513
24 69 20 1 267 411
57 27 29 5 519 768
61 83 5 7 603 740
23 38 8 6 299 429
48 65 11 4 517 772
99 66 7 3 270 433
47 72 21 1 390 466
0 18 26 1 603 712
51 52 23 2 501 579
10 65 27 6 222 381
88 92 30 6 473 554
53 11 18 4 515 612
72 22 16 6 277 486
70 23 28 1 433 560
1 51 23 4 611 773
