578
89 85 0 0 0 0
94 15 29 2 442 726
12 81 10 2 447 741
84 32 10 2 550 749
99 18 27 4 349 470
8 11 28 4 589 769
15 75 18 5 532 738
6 34 9 6 312 559
59 48 8 1 580 767
2 6 24 3 280 478
48 76 7 4 555 720
79 11 11 4 438 685
33 92 23 4 324 396
100 62 9 3 236 473
68 18 21 3 550 783
49 18 15 5 651 756
65 6 12 6 554 798
64 4 14 6 440 682
57 35 26 3 476 683
33 88 8 7 374 586
77 72 12 5 208 395
14 18 22 7 550 778
29 2 24 4 270 514
10 15 15 1 495 577
61 99 12 1 251 492
13 22 10 6 568 645
54 2 18 1 398 562
76 17 19 1 244 335
58 73 20 3 304 416
87 65 16 1 224 387
72 81 15 2 654 773
80 76 24 6 391 575
32 61 6 6 607 679
11 0 24 7 275 535
42 50 27 3 339 619
46 53 19 5 270 553
71 82 11 3 242 395
48 62 9 5 494 741
93 30 5 6 483 554
47 82 11 2 424 697
85 94 12 2 260 481
61 1 18 2 284 510
45 36 8 4 223 498
1 9 12 4 476 642
50 48 6 6 550 714
100 96 10 2 284 443
52 58 17 2 389 674
28 51 22 7 409 564
82 34 12 5 626 740
50 93 12 3 333 598
52 25 12 3 505 686
80 0 18 2 479 634
100 90 23 6 591 737
55 25 21 5 588 776
85 78 26 3 268 332
48 99 16 1 603 770
95 76 27 5 366 648
55 69 19 4 587 793
64 88 26 3 352 432
13 6 9 3 667 771
62 17 15 4 543 781
60 85 7 5 460 760
28 27 16 4 230 381
50 97 6 1 477 655
97 52 14 5 350 524
93 27 12 4 227 366
46 78 13 1 393 500
73 30 18 3 214 369
86 57 17 2 474 607
1 2 17 5 458 665
33 98 13 7 472 687
8 43 9 3 393 658
87 76 11 4 610 711
78 58 18 5 390 663
52 69 14 5 449 691
65 43 13 6 411 536
52 32 13 5 398 621
85 2 24 4 519 788
96 17 21 6 499 784
97 73 19 1 538 670
99 86 18 4 526 595
50 96 27 2 625 694
21 16 12 2 538 619
41 80 17 6 252 336
73 21 11 4 378 648
31 98 11 4 585 672
83 8 22 1 590 655
54 97 7 2 600 764
43 21 7 6 360 467
71 93 24 6 215 466
21 87 11 1 322 459
88 13 30 5 426 659
87 12 17 7 487 652
44 41 24 3 654 788
45 91 19 6 352 443
31 82 17 7 446 615
58 60 25 5 415 674
77 67 16 3 546 643
27 42 17 7 457 600
90 73 8 4 442 637
29 82 29 5 225 355
64 83 22 4 508 716
71 35 25 1 553 663
35 83 11 6 671 795
83 87 23 3 360 619
36 47 5 1 587 694
19 43 19 7 287 491
55 17 24 7 393 575
51 88 22 4 298 569
52 85 28 1 275 548
20 11 8 5 698 787
37 66 19 5 635 705
63 46 21 3 434 650
77 28 22 1 322 569
28 0 26 3 475 690
64 53 9 7 484 724
74 84 22 2 410 641
48 44 15 1 266 509
28 73 20 5 310 537
39 60 15 7 683 751
73 24 13 5 349 431
14 83 26 2 410 578
93 71 23 5 378 445
85 69 26 5 384 451
10 92 26 1 223 370
27 95 26 4 410 471
55 0 8 2 369 555
20 88 6 5 700 773
56 96 10 4 522 587
78 38 5 4 320 457
66 7 15 6 200 317
79 84 21 6 431 600
62 41 18 5 677 746
11 50 21 5 241 332
13 39 25 1 252 532
26 92 15 5 416 516
81 22 13 3 411 552
82 42 7 2 460 547
1 0 8 1 223 344
86 59 20 7 297 398
53 55 7 6 200 287
83 19 27 1 345 589
51 72 22 1 247 441
99 61 14 7 410 652
93 32 18 1 407 696
83 99 14 7 577 701
89 99 6 7 491 651
76 89 19 2 702 787
89 100 28 2 330 528
63 40 23 6 511 725
44 49 9 4 597 792
95 81 24 6 397 584
57 85 21 1 476 663
46 54 13 6 611 800
5 70 30 6 578 767
4 14 9 2 361 603
70 8 27 1 517 741
98 26 9 1 236 332
25 32 29 2 489 613
52 15 20 2 659 781
8 4 18 4 292 514
19 97 24 5 439 550
1 46 16 3 351 527
85 68 29 1 523 658
40 2 20 1 526 771
89 75 20 1 562 679
13 24 21 2 317 617
81 12 19 6 209 372
68 44 7 2 644 757
8 88 21 6 501 600
10 74 17 2 203 349
42 65 19 7 580 795
9 74 17 5 534 782
6 12 22 1 501 566
79 47 8 6 231 405
24 19 10 7 444 657
53 82 8 2 523 737
87 4 19 1 360 466
48 98 12 3 233 351
7 77 7 5 414 548
29 13 6 1 345 607
18 50 25 7 642 753
46 44 25 2 296 558
5 84 12 2 272 353
79 1 27 6 605 683
13 80 14 6 371 555
86 13 17 3 481 780
52 21 29 3 438 690
28 28 12 6 553 635
14 67 22 4 413 512
20 66 28 4 489 757
64 6 10 1 308 489
55 51 8 7 519 694
69 58 10 7 393 526
90 100 7 7 513 597
27 76 16 1 642 762
42 36 24 4 248 457
86 91 15 2 371 660
84 58 5 1 461 700
21 62 24 2 224 475
35 16 21 1 413 590
31 17 15 5 248 376
62 30 7 1 323 532
40 48 15 6 353 570
2 72 21 2 377 506
28 88 17 7 382 539
77 89 9 1 260 415
20 97 15 2 201 497
57 42 6 6 405 649
13 99 5 7 409 532
33 1 27 2 606 779
81 81 11 6 497 774
97 81 13 6 531 754
11 74 20 6 472 668
72 46 26 3 367 539
99 34 22 5 301 526
67 15 8 2 278 506
75 9 20 7 433 712
20 42 13 6 207 497
41 47 21 6 474 571
79 4 13 7 702 772
14 45 13 4 579 766
17 0 19 7 209 274
71 25 17 2 316 408
20 34 12 5 354 490
38 29 17 4 508 749
68 16 12 6 296 374
60 46 9 7 335 411
17 60 25 6 235 380
57 62 5 4 460 581
8 86 21 6 203 279
68 41 19 3 255 460
29 84 25 7 292 463
7 2 13 4 223 493
61 65 19 3 527 646
54 12 22 2 445 682
54 57 24 4 228 450
54 71 16 7 385 523
50 51 14 7 564 718
2 95 6 5 546 644
48 47 29 6 606 704
83 49 6 4 487 585
23 5 20 5 236 346
23 61 10 5 341 418
73 78 22 2 472 624
64 29 8 2 491 597
25 43 7 5 482 586
24 50 14 2 601 790
52 70 5 5 242 407
56 22 18 3 470 684
59 2 29 1 267 430
66 19 13 1 514 592
37 15 8 1 584 660
80 49 19 6 424 682
37 64 19 3 423 537
19 100 10 2 311 444
39 64 9 5 355 555
97 98 21 7 251 527
98 90 26 7 408 539
43 28 28 3 491 690
7 84 16 3 365 433
50 4 30 4 262 443
52 87 6 6 348 615
52 60 29 2 279 453
12 8 22 5 317 555
69 16 13 7 260 450
85 61 28 4 417 501
81 42 9 2 239 445
100 92 6 5 437 551
94 98 20 6 219 504
24 8 8 7 374 477
52 40 12 5 412 634
38 36 21 7 248 420
37 78 9 4 547 796
49 68 18 2 241 511
29 95 21 3 410 709
93 5 17 2 215 438
41 33 24 7 280 442
3 80 8 4 607 687
42 3 21 3 527 772
95 74 29 7 503 671
11 70 27 5 435 687
59 11 22 1 448 549
16 51 5 7 300 531
92 78 7 1 495 596
72 94 19 2 485 618
47 63 29 6 230 435
67 62 15 7 706 796
4 13 8 6 407 662
63 8 21 3 395 464
5 15 10 6 454 595
0 67 7 3 231 323
85 53 22 1 304 420
4 78 7 1 312 522
95 17 11 7 603 736
2 4 10 3 587 784
68 11 6 3 461 710
28 45 19 2 575 756
26 97 23 7 235 311
97 23 10 6 286 514
58 33 25 5 343 435
92 47 30 5 701 769
82 82 15 7 539 646
45 7 24 5 566 629
65 46 10 3 528 754
56 88 7 5 340 404
99 73 29 2 205 494
5 11 28 3 268 412
35 57 19 7 363 490
48 82 14 3 375 562
2 3 17 3 641 702
65 55 24 5 546 678
64 15 15 3 201 396
93 66 22 2 597 780
13 31 24 2 384 515
51 21 11 4 331 473
45 65 18 4 706 772
67 60 21 7 672 749
68 47 28 2 301 386
100 19 30 5 481 688
32 40 23 3 254 331
17 40 7 6 260 341
46 98 22 5 278 362
43 56 19 2 431 704
68 33 26 4 472 729
96 72 29 6 504 765
34 28 25 2 418 668
42 81 29 2 503 626
75 26 26 4 367 443
70 21 25 3 283 350
50 6 12 5 293 583
69 25 5 3 462 725
10 23 5 2 272 531
33 26 14 3 509 596
33 75 12 3 210 502
99 92 9 2 652 739
28 82 28 1 561 680
35 54 12 6 273 551
36 1 24 7 464 546
25 99 23 7 320 474
69 24 10 6 401 552
41 55 14 7 212 358
4 34 28 2 493 652
54 22 9 7 246 319
48 20 28 4 223 418
65 74 15 3 456 543
20 14 7 4 473 587
77 48 29 6 559 656
24 14 23 5 622 734
20 18 29 1 333 490
6 56 24 5 524 775
36 22 16 7 728 788
72 73 11 6 524 716
32 4 10 4 470 635
68 64 10 5 425 597
25 82 23 5 279 564
47 83 26 1 567 673
66 13 21 7 334 602
71 16 18 4 562 776
45 27 8 5 220 454
99 100 22 2 321 416
31 94 14 1 374 535
69 94 19 5 658 762
20 8 8 5 374 568
20 21 24 7 674 737
96 20 21 1 326 485
32 65 27 5 436 622
83 74 16 6 507 642
8 17 19 7 525 743
4 20 30 4 524 712
26 73 21 5 479 696
41 92 6 1 322 448
96 82 28 2 437 636
71 23 24 5 426 531
40 80 15 2 212 322
66 3 25 5 587 671
19 32 11 5 352 472
23 67 16 6 574 680
39 32 28 1 306 483
41 87 25 7 327 610
82 53 6 4 295 389
63 38 11 6 203 371
85 86 21 7 446 549
27 87 19 3 530 721
9 96 25 5 262 353
16 52 29 5 222 468
14 53 15 2 415 503
98 42 22 2 351 490
95 22 21 5 606 775
25 81 5 2 266 429
96 60 12 4 395 495
76 41 24 6 406 603
15 90 12 4 436 710
93 87 23 2 482 609
78 70 14 3 532 713
71 60 11 2 380 466
35 3 29 6 495 691
4 27 28 2 560 787
6 13 28 6 660 793
84 95 18 3 256 460
7 78 7 2 417 546
43 31 28 5 295 416
21 74 10 1 216 317
88 72 5 7 641 765
100 40 10 4 513 658
33 50 7 7 476 540
34 61 25 7 519 591
30 19 26 6 278 402
18 20 25 1 348 601
96 2 19 6 266 395
58 30 10 3 333 454
48 38 25 5 396 457
25 3 10 4 220 488
21 75 24 1 219 485
82 6 24 1 485 780
63 83 29 5 202 458
53 16 14 3 206 347
37 87 21 3 504 618
74 60 25 7 349 549
63 42 13 1 575 769
93 100 30 7 224 326
82 76 24 4 326 491
0 23 17 5 402 604
60 48 15 5 437 589
99 23 16 5 525 667
0 82 30 1 246 371
33 82 6 3 200 328
55 46 5 1 479 773
72 6 24 4 358 504
44 6 10 2 552 720
13 26 10 7 260 532
74 15 8 5 516 712
36 55 11 1 325 396
28 83 27 1 442 502
99 66 21 3 285 373
29 54 5 7 292 574
5 12 10 2 520 728
85 15 26 5 345 519
77 41 19 5 401 539
54 53 22 3 423 513
66 14 20 5 546 664
9 81 29 4 434 498
49 42 15 4 300 462
39 6 5 2 227 421
11 84 17 1 236 316
74 13 25 1 419 582
17 72 9 7 277 451
32 17 16 2 338 541
11 30 17 5 610 777
95 30 19 5 234 347
46 92 9 3 462 605
68 15 24 3 474 560
53 75 29 7 224 313
89 93 19 2 499 589
11 33 23 5 531 689
52 20 30 1 200 386
89 13 23 4 442 524
10 96 19 6 309 483
20 73 8 5 478 598
37 25 28 6 642 743
49 13 16 4 395 528
73 65 10 7 563 666
41 76 21 4 427 503
76 28 16 3 221 344
56 82 14 4 248 439
63 66 21 6 426 487
91 70 30 4 380 680
12 54 16 5 234 426
51 15 17 2 500 768
77 3 28 4 434 642
12 90 14 4 320 416
39 18 12 3 409 541
56 37 24 4 371 566
84 48 30 7 511 607
82 26 5 5 597 770
25 24 23 3 735 800
69 37 18 5 507 777
56 16 19 1 238 461
20 74 25 7 282 410
34 55 19 3 314 537
23 46 26 6 531 610
53 46 14 1 616 784
3 0 14 7 206 496
10 28 21 2 571 743
72 50 27 7 551 636
95 19 23 6 475 604
81 54 28 4 476 682
54 93 27 2 651 747
71 100 23 1 570 694
77 75 8 6 261 498
14 78 13 6 405 471
12 7 25 1 510 575
3 83 29 7 216 471
34 67 15 3 398 512
22 35 21 6 285 365
34 87 22 7 457 582
75 99 22 6 350 461
19 61 16 5 305 460
49 2 30 7 657 779
77 33 7 1 385 613
83 92 6 3 429 589
69 45 20 1 468 725
86 44 7 2 591 654
54 69 23 2 359 629
96 58 18 2 342 542
78 93 19 5 628 723
35 91 8 6 616 766
4 24 8 4 254 473
68 32 10 7 649 785
95 73 15 4 492 724
50 41 24 5 302 590
50 16 26 2 498 637
35 14 15 5 546 702
78 7 29 1 428 715
55 35 6 1 527 588
7 3 25 5 334 625
68 29 15 2 508 614
53 33 18 7 530 705
66 68 29 7 501 680
90 29 17 6 362 591
81 38 19 6 210 479
8 42 18 2 578 731
18 10 18 5 286 538
66 23 8 5 205 492
49 93 27 2 679 763
8 66 24 2 314 378
12 46 26 2 230 449
30 76 19 3 414 635
3 78 22 7 460 619
75 53 18 5 492 621
63 82 24 3 444 535
99 87 12 5 344 534
72 97 14 6 487 587
8 97 14 2 289 431
19 88 26 5 473 737
1 86 21 3 372 472
15 69 5 4 414 628
28 62 25 2 400 699
79 72 6 3 330 514
29 16 7 4 558 769
5 16 11 5 530 700
66 22 28 6 341 420
59 66 16 5 353 633
23 87 29 2 540 623
53 2 22 3 484 671
69 93 24 5 400 560
95 25 18 2 247 430
15 17 8 1 528 719
6 59 26 2 510 703
10 91 26 7 676 772
22 5 17 1 589 770
74 10 28 5 370 467
4 39 24 7 218 338
69 63 30 1 228 496
68 72 7 7 387 509
52 75 21 6 433 526
33 24 16 3 525 626
56 67 27 2 463 653
94 93 22 1 417 557
31 70 23 6 392 655
5 93 16 7 234 458
90 92 7 1 417 520
95 63 20 5 657 800
68 94 30 3 567 708
92 75 20 6 367 653
96 63 7 5 299 481
70 42 30 3 491 687
63 14 8 7 373 610
72 89 14 6 440 582
57 98 19 6 642 763
61 75 16 6 441 726
34 63 10 4 448 706
88 74 11 7 360 573
45 15 23 2 350 442
77 5 29 2 277 346
26 11 9 5 235 380
81 76 10 2 406 704
94 34 30 6 324 613
