1731
39 0 0 0 0 0
82 16 20 3 396 536
45 71 28 5 509 656
41 59 24 6 227 352
60 25 8 7 595 680
24 76 6 7 725 786
26 2 5 1 728 794
8 6 14 2 476 744
59 97 21 7 207 348
26 33 23 6 249 513
54 79 13 5 363 524
12 26 15 1 449 684
2 56 5 6 445 667
70 36 18 3 492 679
68 56 27 2 298 434
72 60 5 6 251 366
47 67 23 2 632 732
18 61 6 7 551 627
41 95 8 6 546 782
87 15 10 6 310 447
60 42 23 7 374 619
35 62 29 3 396 606
36 33 18 2 268 387
11 81 7 7 539 787
73 92 16 2 443 538
89 82 18 1 279 364
41 57 13 4 250 465
22 31 30 3 520 787
10 70 15 6 688 774
8 19 14 6 542 642
12 97 28 2 334 516
83 24 7 2 329 419
41 67 19 3 572 774
32 41 13 7 482 574
55 91 13 3 562 744
23 44 29 5 576 646
25 91 21 2 370 606
1 46 13 3 237 532
63 5 7 7 464 627
70 30 26 6 403 577
96 97 22 3 233 424
85 48 14 4 233 403
92 14 7 2 596 758
70 70 23 3 211 301
39 56 12 5 466 755
36 23 24 6 306 372
4 98 19 2 213 392
52 40 11 7 527 779
22 59 12 5 269 530
95 50 13 7 466 673
23 84 23 5 351 487
91 90 24 4 458 601
75 57 16 4 512 574
68 90 8 7 235 423
4 91 21 4 525 759
2 82 20 2 422 640
18 22 11 1 290 563
87 20 26 7 205 314
84 14 26 3 332 607
65 46 9 2 651 780
81 74 17 5 257 372
18 76 21 4 602 664
2 48 12 4 383 648
52 15 19 6 421 556
51 4 15 7 357 650
49 26 19 5 400 491
10 15 20 6 316 410
21 36 27 1 428 605
69 28 19 6 695 757
36 55 12 3 393 488
67 3 26 1 331 493
13 71 24 4 441 738
100 96 20 3 700 780
15 70 24 2 483 781
50 47 24 7 292 417
82 63 8 4 342 445
76 49 23 1 570 695
50 22 27 7 202 285
59 70 29 3 424 640
9 62 14 2 644 785
94 7 14 6 380 655
86 54 13 2 275 564
52 51 15 1 516 588
53 89 15 6 678 747
23 73 29 4 286 581
41 82 20 7 266 540
32 86 8 4 431 601
69 57 18 4 279 491
2 40 30 2 477 770
84 10 21 6 211 390
7 66 23 5 271 469
31 89 10 5 367 615
50 98 6 5 436 619
94 13 13 3 240 449
66 3 25 1 701 778
42 70 26 4 222 454
68 61 15 3 441 620
9 18 12 1 354 470
99 27 17 5 433 569
36 29 17 7 696 765
6 19 24 7 450 584
64 62 14 2 482 573
42 35 30 1 623 684
59 81 16 1 662 738
23 51 11 6 271 437
74 100 19 3 503 646
28 10 30 4 583 784
39 10 17 4 384 494
63 46 27 3 240 308
73 35 19 3 266 350
25 62 18 3 618 790
87 73 26 6 456 608
58 62 17 4 431 679
71 22 18 7 316 588
45 100 7 3 426 601
87 6 25 3 451 573
55 29 9 7 538 783
53 1 30 3 351 526
20 5 9 5 370 530
29 28 14 5 466 622
85 76 7 7 279 415
30 99 22 5 230 443
58 49 21 5 668 771
63 60 20 4 245 327
52 66 12 4 421 587
32 51 23 1 293 438
6 87 17 4 468 655
67 68 12 1 459 562
28 12 21 4 292 437
7 78 21 2 431 507
67 94 30 7 354 541
46 16 23 2 563 646
64 18 10 3 230 312
67 73 12 3 483 638
89 16 10 4 289 364
56 32 20 4 216 419
74 91 12 3 496 622
35 46 14 2 257 532
12 62 12 2 356 626
53 32 13 6 631 774
31 56 27 7 595 789
100 32 23 3 340 507
38 80 8 2 312 558
10 34 22 7 248 525
84 20 7 3 587 655
1 19 16 7 210 428
7 41 18 1 385 649
11 85 7 3 633 732
100 34 23 5 374 667
86 94 14 5 536 596
74 22 21 3 377 449
80 86 23 6 342 475
2 5 30 4 350 447
33 0 9 7 391 580
3 32 20 3 544 709
37 29 21 7 536 626
78 18 17 5 548 795
37 54 27 7 524 714
59 38 30 5 387 457
32 22 5 3 676 780
71 51 19 6 668 768
70 22 13 4 375 441
5 32 17 2 413 551
71 8 14 2 457 691
55 92 24 5 251 425
42 40 5 7 522 763
71 2 11 5 696 799
52 100 5 5 595 700
65 73 7 4 258 512
39 58 12 5 292 422
73 78 11 4 410 693
13 70 20 5 474 696
74 69 7 6 380 520
91 54 24 7 234 306
74 57 7 4 388 667
8 99 19 7 509 787
82 23 14 4 459 726
21 39 17 7 689 781
39 35 12 5 519 579
58 26 23 2 387 561
31 17 24 2 643 739
46 80 30 4 467 742
12 18 8 6 430 502
0 24 27 4 256 378
63 76 25 1 324 530
98 69 9 6 274 572
91 18 13 4 392 538
20 78 13 3 460 523
2 54 16 1 250 516
43 93 23 6 401 621
58 60 12 4 463 564
55 97 23 7 580 706
30 63 10 1 466 680
28 21 7 1 652 743
54 4 8 4 257 326
60 50 10 2 215 465
34 41 7 5 540 799
36 96 9 5 550 738
88 80 13 4 460 703
28 31 17 4 491 674
78 12 8 3 594 656
21 30 7 7 224 505
28 53 18 4 240 374
50 31 21 4 647 761
14 12 8 1 692 776
85 32 12 4 460 559
21 33 17 7 470 674
24 68 30 5 317 414
82 25 26 4 245 504
100 64 16 1 414 542
80 50 19 1 472 625
92 25 11 2 278 559
64 72 29 2 508 710
93 19 16 3 554 717
56 64 16 4 215 335
37 98 10 3 284 560
84 81 16 1 424 595
0 89 28 4 438 605
91 38 10 7 473 556
91 15 12 1 531 618
40 11 19 3 289 483
12 58 25 7 446 687
3 78 12 6 468 752
9 52 23 7 328 426
33 60 24 2 232 317
65 71 8 6 377 512
93 14 6 2 354 419
61 45 24 3 356 644
45 24 11 6 387 622
14 96 23 7 297 485
45 9 11 7 364 532
54 78 24 2 311 452
73 61 27 6 640 782
8 42 23 4 257 356
31 88 15 1 631 773
86 53 26 6 495 656
49 3 11 5 415 488
68 63 29 2 671 731
62 31 14 2 612 684
17 22 14 4 634 695
7 40 5 4 210 300
70 61 26 6 675 767
37 1 7 4 248 467
47 57 18 6 330 479
6 27 12 5 249 342
75 81 17 2 519 747
10 40 27 4 298 425
17 62 30 7 521 603
96 73 20 2 365 471
75 45 21 3 293 577
79 2 21 2 547 639
15 21 15 3 298 377
8 7 8 4 234 350
16 90 13 3 593 731
95 60 16 5 267 342
7 93 11 1 302 562
11 79 22 7 407 675
48 58 18 2 337 398
79 91 18 2 527 714
38 86 15 1 282 457
99 77 25 1 258 422
72 23 18 6 241 454
17 17 21 3 333 548
74 34 20 6 459 618
83 56 18 3 296 468
15 28 22 5 541 619
89 23 29 4 308 515
16 41 28 5 291 411
26 74 9 3 437 709
91 27 15 2 328 568
98 65 24 7 317 607
37 31 17 1 221 483
67 71 5 2 480 621
58 97 30 2 526 740
50 13 8 2 520 728
7 45 25 2 497 759
0 90 29 6 311 386
28 26 10 2 528 666
63 59 21 3 281 493
11 0 13 3 542 753
43 69 24 7 610 797
94 59 9 4 293 429
16 15 14 6 200 320
44 99 7 7 595 655
84 16 5 4 587 716
23 79 8 2 604 701
75 14 7 5 693 753
2 60 11 7 590 732
37 15 9 4 405 557
96 49 26 5 367 568
6 64 17 4 208 392
25 51 6 5 334 504
87 94 8 2 201 306
48 40 21 7 343 575
80 94 17 7 639 798
95 91 18 6 393 692
98 58 15 2 416 601
61 85 24 6 246 365
100 16 28 3 668 737
89 21 18 5 229 485
19 18 26 5 362 443
69 5 11 3 475 558
99 36 25 2 341 604
59 99 29 3 314 510
5 43 23 7 416 703
71 14 24 2 554 710
65 51 5 3 460 585
0 43 17 5 532 649
44 94 24 7 407 628
40 96 16 1 471 606
35 75 7 7 368 509
51 1 20 3 486 568
80 95 30 2 475 758
90 50 15 7 270 550
81 59 28 1 477 586
40 26 10 7 241 443
5 45 13 2 374 655
13 78 7 6 258 448
7 51 24 7 216 366
52 39 16 7 402 484
67 18 24 4 370 629
42 71 8 1 621 793
13 65 15 2 442 544
21 72 9 4 585 766
98 85 21 7 302 589
31 65 16 2 496 650
17 48 8 6 570 637
71 99 11 4 496 742
9 91 10 1 361 494
42 39 6 7 599 721
5 27 6 2 378 627
92 50 15 2 426 488
10 13 21 2 520 580
46 85 8 7 243 539
78 61 25 2 491 650
61 14 15 6 472 751
3 10 20 7 448 576
49 49 14 3 472 562
3 35 20 3 496 781
62 9 14 7 219 333
90 96 23 5 595 714
77 25 12 3 410 611
54 56 23 7 592 792
57 56 24 1 541 740
63 56 19 5 597 799
8 15 14 5 355 451
33 10 6 7 506 616
25 82 20 2 432 512
26 93 29 6 414 492
88 73 22 6 473 558
76 2 30 6 281 458
54 7 6 7 492 770
77 34 28 4 223 297
81 100 19 1 316 595
80 99 16 1 241 456
8 16 29 4 299 384
30 24 28 6 349 438
5 44 27 3 459 712
31 90 15 3 406 595
49 61 17 6 437 722
94 27 7 5 455 573
0 93 25 3 338 480
32 70 25 6 439 582
92 47 5 6 562 757
97 46 29 4 558 745
2 0 22 6 337 448
98 51 30 4 257 408
54 37 7 4 385 570
80 30 20 7 282 547
10 72 19 4 521 711
98 72 19 1 435 629
62 48 29 6 312 382
11 80 11 6 302 370
39 25 6 1 216 460
63 15 28 5 277 381
92 77 5 7 448 605
32 95 29 7 249 396
68 62 11 7 553 621
73 42 13 2 509 608
71 92 17 4 386 515
70 58 10 7 225 428
72 32 20 1 565 706
57 21 19 7 457 684
96 36 30 7 573 779
48 56 18 4 472 547
18 73 13 6 294 484
65 89 6 2 395 664
69 45 28 4 500 715
1 79 19 2 598 726
73 87 8 3 542 756
51 36 29 7 271 456
77 60 6 2 400 638
43 36 13 1 294 520
35 4 5 3 476 681
1 93 25 6 359 516
39 29 28 2 364 542
70 56 11 6 344 482
87 56 22 7 333 447
92 75 14 6 437 651
82 76 29 7 307 505
37 70 21 4 311 420
93 4 5 7 416 579
30 34 9 5 374 665
51 91 8 5 397 465
82 14 26 6 563 697
51 10 28 6 220 417
33 29 18 5 475 600
14 64 15 1 392 607
67 21 18 3 615 734
55 61 23 6 207 415
72 63 27 1 582 711
27 36 12 5 475 617
62 91 15 1 400 484
72 62 28 1 446 619
47 1 19 2 302 421
1 43 11 4 243 377
7 3 19 2 700 788
40 90 17 5 482 769
41 71 25 2 689 785
40 7 30 5 418 651
58 35 23 2 380 507
42 49 6 2 503 628
9 80 22 1 354 459
64 41 16 7 236 476
30 59 26 2 599 699
78 31 15 1 597 673
51 30 23 7 621 750
47 51 15 7 248 453
55 80 10 4 444 626
85 93 25 2 470 682
90 62 21 1 404 638
38 74 15 1 495 668
49 83 5 1 474 666
27 6 25 5 480 598
5 25 15 1 614 740
15 58 29 1 436 688
72 76 19 1 578 653
49 100 19 2 353 515
49 77 8 5 529 598
21 1 13 1 529 660
10 65 21 5 417 594
21 93 29 1 508 721
94 50 16 7 371 445
33 75 5 1 426 671
9 90 12 1 298 533
45 22 18 2 278 559
99 34 23 1 453 623
98 30 8 5 394 669
79 29 21 1 374 542
4 97 6 7 372 629
68 29 20 2 427 690
44 71 12 6 526 714
48 75 7 4 485 606
22 35 7 1 578 669
72 21 12 5 394 644
13 69 8 5 405 562
40 98 15 7 640 728
7 20 7 1 391 649
13 30 23 4 645 716
16 89 22 4 214 277
1 58 26 3 582 771
8 77 15 1 471 722
33 76 18 6 632 733
88 29 22 6 329 513
59 43 23 2 590 796
49 34 18 1 430 582
98 9 8 7 210 459
79 93 13 5 560 791
44 74 5 5 471 702
88 65 13 2 493 726
23 43 21 7 382 466
1 28 12 3 230 367
22 56 10 2 583 661
81 67 30 3 329 568
32 11 22 6 211 316
46 100 29 5 419 551
24 26 27 2 605 782
13 54 12 2 444 534
64 4 10 3 263 542
56 50 7 5 260 550
31 67 6 1 307 559
36 17 28 6 330 617
24 3 6 5 414 535
7 2 19 3 468 565
71 56 18 7 278 504
75 4 20 2 252 391
100 94 13 2 595 717
24 6 15 1 318 536
54 42 28 3 443 532
37 23 9 5 219 430
45 86 6 1 207 447
88 71 13 7 562 755
81 46 28 1 291 480
61 21 20 2 336 434
27 28 12 2 573 645
97 62 19 4 280 442
72 28 22 5 277 366
98 40 27 7 318 411
58 40 14 4 522 684
64 52 20 7 234 409
14 68 17 1 251 419
4 76 26 7 405 589
34 50 30 4 233 492
88 76 18 3 587 658
42 79 21 5 510 584
14 18 22 5 500 738
50 69 20 3 238 447
24 25 27 5 455 525
50 38 29 3 633 773
14 45 9 6 710 795
71 9 30 1 377 559
99 13 8 5 607 770
31 8 13 2 582 712
59 21 22 4 693 798
78 37 20 3 214 360
82 32 30 1 497 754
52 74 5 7 269 427
23 57 5 7 267 530
70 89 26 7 434 574
45 58 9 5 329 401
86 7 21 7 544 701
45 12 23 1 338 467
45 87 5 1 324 596
56 75 11 7 630 795
14 31 20 7 454 536
24 48 26 5 336 500
14 30 27 5 329 446
1 7 30 3 526 782
50 27 18 3 202 454
71 93 8 5 368 572
40 59 16 3 324 518
69 7 13 7 305 488
82 51 15 6 214 301
3 87 20 7 387 552
34 85 14 5 210 340
89 77 10 3 230 298
25 87 19 7 427 491
45 90 16 3 363 528
18 91 13 6 269 496
43 63 16 7 443 513
91 81 27 4 436 527
96 39 18 7 201 374
60 56 19 3 608 689
44 2 8 6 558 626
65 75 16 6 252 537
78 39 13 2 307 563
44 49 14 2 497 644
42 8 28 2 240 524
54 100 14 2 615 712
56 97 11 5 502 708
54 50 19 2 423 575
90 79 23 4 424 659
18 86 27 4 299 399
90 12 13 3 248 383
2 3 18 4 441 641
6 81 13 6 420 544
21 51 16 3 638 706
79 73 29 2 208 451
44 97 21 1 256 359
49 18 27 4 553 668
78 2 13 3 526 645
70 87 8 1 309 558
90 48 11 3 265 531
59 87 16 2 287 464
44 84 9 3 522 761
47 65 6 4 430 714
71 87 28 1 206 407
86 70 30 5 253 335
85 68 22 5 245 342
4 20 23 6 420 598
21 0 18 1 506 759
2 63 27 2 591 653
71 85 7 1 384 540
29 91 21 7 455 700
94 56 18 3 601 787
15 88 20 2 284 446
84 38 17 7 294 502
81 21 5 4 225 317
94 88 17 5 617 681
1 24 23 3 218 406
9 86 11 6 308 486
82 61 18 2 577 747
45 64 9 4 375 560
83 55 20 1 417 586
33 1 14 4 224 329
77 37 28 7 485 643
46 33 28 3 559 736
56 22 23 2 670 759
2 83 21 7 217 368
16 2 18 2 292 354
56 60 30 2 292 550
64 56 24 2 471 565
58 71 11 3 270 407
12 4 20 7 404 610
88 2 11 3 290 378
86 40 18 3 518 714
47 71 28 1 480 634
72 16 9 4 666 789
33 24 6 1 335 561
83 58 22 6 274 454
17 24 15 3 291 472
95 61 6 5 331 411
41 90 8 4 592 680
35 13 28 2 639 757
64 76 20 4 569 667
98 54 16 3 586 654
69 63 8 1 264 450
19 50 23 6 229 352
73 80 5 4 362 505
27 37 18 1 291 470
68 36 9 6 349 586
17 14 30 7 432 696
25 65 15 3 255 514
48 98 14 4 423 564
40 41 7 2 201 333
98 78 7 6 455 745
73 95 22 3 202 484
44 19 13 7 485 752
85 19 24 5 532 725
57 58 7 3 542 706
26 13 17 6 334 436
52 65 15 3 448 595
0 92 8 1 288 369
83 16 15 4 525 650
76 68 24 7 427 630
69 24 18 5 392 575
71 78 7 5 239 301
25 21 10 2 338 525
57 98 25 6 308 554
73 93 25 6 385 488
10 16 25 1 226 438
63 11 9 1 373 598
78 73 27 7 395 639
43 33 16 6 600 799
88 64 13 4 392 487
24 82 27 2 602 767
88 31 30 6 520 707
82 54 16 7 550 793
35 52 16 5 241 503
34 97 18 3 328 442
28 0 17 6 373 608
10 51 9 6 305 521
96 90 8 7 218 410
98 83 23 6 633 740
41 78 8 6 264 380
22 44 18 2 252 381
22 38 18 1 292 483
57 22 23 4 256 496
64 13 7 7 594 703
97 11 9 3 313 485
4 8 29 4 507 703
29 11 8 5 324 521
14 77 21 7 491 777
82 21 10 4 441 522
3 52 26 7 659 788
34 10 27 4 407 628
25 90 7 3 628 702
70 68 11 7 205 286
65 98 26 7 285 355
52 42 23 7 616 682
97 96 25 6 638 797
55 42 21 6 621 705
13 87 19 4 707 769
27 49 9 7 520 732
2 50 15 4 226 313
82 70 25 1 499 564
20 31 30 2 352 427
78 51 12 3 394 556
78 46 24 5 507 680
40 80 15 7 658 784
37 77 11 2 547 769
94 37 9 5 518 718
82 3 17 4 505 598
33 38 26 2 577 782
13 25 17 2 285 531
54 40 11 7 407 565
44 27 14 6 459 707
64 27 14 3 535 692
79 11 19 5 496 714
48 78 16 3 514 693
63 48 16 2 494 597
69 82 6 1 362 476
4 5 19 2 435 711
20 11 24 3 264 404
65 56 25 2 339 557
89 45 10 1 397 562
98 31 22 3 209 271
36 9 17 3 470 678
17 69 29 1 564 785
72 24 23 7 304 378
65 92 21 2 441 612
68 65 29 4 426 592
78 91 7 5 546 630
81 24 20 7 203 483
37 61 27 5 252 466
11 61 20 2 344 490
39 53 8 3 394 535
37 32 28 6 258 513
54 43 30 1 402 531
92 85 18 1 336 488
22 33 13 3 457 653
49 44 23 6 616 742
71 82 11 2 525 662
63 54 9 5 630 791
88 63 25 6 385 658
11 65 26 5 309 488
95 37 21 2 243 318
17 41 10 7 325 524
29 2 7 7 224 422
80 17 10 2 232 353
68 0 11 1 268 532
65 88 7 5 563 695
90 22 21 2 242 343
9 74 5 6 208 413
59 79 14 7 494 752
51 50 11 5 576 765
12 0 24 7 215 284
13 96 24 1 559 655
37 78 17 3 276 413
45 57 6 4 282 444
5 10 25 1 459 699
20 21 14 6 391 672
5 47 23 2 286 450
34 78 18 3 238 479
67 34 30 7 432 541
16 85 14 4 291 409
23 71 21 2 232 423
32 93 30 6 200 386
51 87 10 7 374 577
99 48 26 3 397 492
49 54 9 3 316 506
69 10 9 1 528 592
99 79 6 3 374 576
50 89 12 2 510 736
81 63 28 4 619 770
5 39 29 6 505 662
14 81 19 2 705 770
94 36 28 7 601 772
47 49 8 2 474 633
74 21 7 5 510 755
67 42 22 4 328 401
10 10 10 1 253 395
11 17 21 2 524 629
48 93 30 3 330 422
57 52 13 2 489 627
21 48 27 2 714 793
53 34 18 6 311 447
53 23 27 6 553 757
44 89 14 5 327 546
11 63 6 7 208 349
4 82 25 2 323 611
32 96 16 5 457 725
45 99 7 6 437 608
28 52 17 1 342 415
39 13 5 6 272 571
22 99 27 7 365 494
75 69 21 5 478 684
91 52 14 3 323 595
65 12 28 4 241 514
99 12 12 7 445 552
49 82 9 6 582 778
79 61 12 3 392 656
87 64 19 1 313 519
95 1 6 4 282 514
19 3 7 4 296 399
71 19 15 3 492 723
54 59 10 4 373 617
55 67 21 5 515 591
71 38 13 1 449 628
68 49 20 1 332 437
27 50 15 4 371 503
42 51 14 1 300 464
57 53 17 6 529 751
67 14 17 4 712 782
69 50 9 2 377 556
63 36 17 6 428 558
93 62 9 6 220 379
68 60 6 5 240 328
62 45 22 3 290 508
26 31 23 2 304 380
61 7 18 6 293 408
41 30 21 5 397 685
62 100 6 3 381 563
81 36 29 2 505 661
74 84 7 7 569 643
62 94 18 7 600 695
18 85 25 3 555 770
63 42 30 2 630 724
95 98 15 6 278 383
17 42 27 3 289 503
97 0 19 5 650 781
52 60 20 6 632 750
83 18 12 1 596 677
14 78 26 7 247 427
0 14 30 4 593 772
83 47 24 7 363 482
4 23 13 2 345 596
19 8 13 1 351 448
81 49 5 3 504 709
60 95 26 2 504 595
68 87 9 5 483 686
1 85 10 2 347 505
97 20 7 6 585 698
76 81 10 5 552 729
64 73 12 7 434 668
53 18 29 4 587 759
55 15 30 4 227 367
27 30 16 1 401 642
55 12 10 6 691 768
7 92 5 1 265 434
46 29 10 3 392 600
38 26 22 1 340 449
32 50 8 1 641 733
100 17 17 4 282 501
5 18 23 6 249 520
28 1 7 7 234 404
17 11 20 7 268 482
53 87 8 6 641 740
53 21 23 4 355 507
89 51 9 4 486 780
36 97 27 5 432 732
50 18 26 7 471 728
65 11 25 5 354 533
70 31 15 1 443 629
71 89 28 1 578 663
8 23 22 5 493 565
48 64 5 7 228 391
19 57 26 3 440 666
64 92 22 7 464 677
67 4 17 4 538 729
86 85 7 2 457 631
89 14 20 1 379 595
27 84 12 2 408 481
15 8 25 2 676 792
38 5 12 4 408 526
66 36 14 6 248 452
72 48 28 4 232 470
82 78 21 3 434 500
78 79 24 1 656 800
44 3 24 6 442 632
82 95 11 4 234 305
44 86 17 5 448 674
95 100 24 6 246 339
14 61 23 4 382 682
57 99 27 1 529 657
19 10 13 7 615 746
63 37 27 7 274 350
74 70 27 2 580 735
4 42 7 7 608 780
8 85 5 6 737 797
17 4 17 1 200 314
58 11 13 3 334 421
78 76 29 4 314 465
97 21 20 7 400 494
30 36 19 4 388 667
26 96 17 4 589 682
75 46 15 5 362 460
11 89 19 7 285 575
57 83 6 3 658 739
80 67 15 3 408 532
68 52 17 1 662 729
97 95 21 6 259 342
15 34 8 2 383 611
46 7 26 2 465 676
98 27 18 5 519 724
89 93 26 5 382 478
72 61 12 3 441 614
67 40 6 4 389 653
99 29 28 7 388 504
97 98 14 6 215 284
86 4 29 4 206 460
92 87 10 7 208 289
19 68 10 7 425 673
81 0 20 1 245 464
29 33 17 7 710 794
16 0 30 2 217 363
100 66 22 7 384 536
100 11 11 6 220 353
73 36 15 7 641 793
20 37 15 4 450 585
70 81 23 2 333 445
40 65 8 3 285 348
95 65 22 7 209 460
48 48 27 3 367 493
78 33 12 4 578 641
98 86 21 6 705 793
27 9 22 1 424 610
8 57 15 4 717 800
16 8 24 5 363 431
24 73 8 2 413 679
74 62 5 1 667 791
57 25 29 7 510 695
87 3 13 5 490 775
63 97 10 6 484 706
64 79 12 7 534 748
38 92 15 2 373 503
55 78 24 1 627 687
75 73 12 3 513 625
95 42 7 5 451 533
81 90 24 4 602 741
0 59 28 5 453 549
99 33 17 5 636 800
24 45 11 6 637 798
36 95 7 1 400 693
21 28 22 6 477 574
95 52 19 3 374 468
83 67 17 2 497 616
8 100 16 6 281 512
57 50 26 6 367 530
90 43 17 5 484 576
63 9 30 1 454 694
77 76 24 2 290 415
88 79 19 1 462 682
85 56 9 5 383 596
21 76 16 4 410 550
22 36 30 2 413 500
54 77 9 5 321 386
29 59 28 3 388 619
6 100 20 7 596 726
72 66 15 4 352 592
85 86 15 2 398 556
22 34 24 1 373 434
79 31 11 1 497 674
45 39 18 4 451 549
58 78 23 2 268 449
31 42 26 5 603 681
32 58 6 5 326 414
97 88 28 5 290 356
20 0 20 6 488 549
100 2 20 3 577 690
98 4 24 6 217 393
92 67 6 6 504 597
36 58 7 6 315 585
55 87 8 1 373 604
99 64 23 7 416 536
77 2 28 2 572 769
17 77 9 7 395 641
50 35 29 5 561 677
45 45 25 2 359 468
7 59 15 1 490 572
81 11 17 4 718 791
49 53 12 5 381 533
29 5 19 4 651 723
61 4 14 4 393 591
65 53 5 1 259 532
70 57 8 3 204 317
86 43 30 7 375 646
10 2 11 5 342 515
89 74 25 3 461 639
96 70 9 7 413 599
65 76 22 2 363 562
53 16 27 2 336 519
6 98 20 6 587 685
98 48 24 4 290 432
49 36 30 2 341 604
34 98 18 7 648 762
41 33 6 4 566 669
60 4 27 1 481 670
92 64 8 7 442 564
34 33 8 2 427 557
5 11 21 6 374 491
86 84 11 7 565 663
55 63 26 4 399 561
64 32 9 5 296 541
29 4 10 5 203 347
52 36 7 3 363 604
62 40 23 1 473 695
84 87 13 6 378 586
6 89 15 5 382 500
20 52 13 6 280 484
87 63 15 7 568 667
56 67 22 6 381 634
10 85 10 4 254 470
99 90 19 3 443 533
32 17 29 6 516 705
8 33 9 1 500 714
26 90 18 5 451 658
41 5 10 7 609 753
59 85 20 3 452 637
43 91 8 3 364 603
76 73 6 6 534 725
30 8 12 7 514 701
21 100 11 3 418 693
64 82 11 3 275 413
75 95 27 7 281 376
44 29 21 5 241 434
3 66 6 1 311 501
87 67 29 2 248 483
28 23 29 6 633 739
77 67 20 6 436 506
84 18 26 6 298 359
28 22 15 7 278 463
83 38 5 4 588 681
66 91 7 1 436 716
74 44 27 1 227 295
68 53 16 4 417 617
90 6 11 5 466 577
86 82 27 2 312 464
100 90 12 5 240 302
2 4 13 7 463 679
11 20 19 2 453 741
29 96 15 1 493 755
42 53 30 7 627 692
79 50 16 2 494 599
34 47 28 2 577 725
67 30 23 3 323 569
56 31 20 4 323 589
15 3 12 1 517 717
10 37 14 1 357 442
23 23 13 3 331 614
84 59 8 6 245 430
35 37 5 6 365 463
57 84 22 6 255 382
59 14 26 4 582 665
69 89 15 4 540 788
83 46 27 6 599 764
76 28 22 1 409 554
61 3 15 2 496 648
42 32 25 5 302 412
62 24 11 6 437 725
74 67 17 2 549 646
75 91 14 6 354 420
53 39 25 3 422 549
59 62 11 2 546 787
79 27 17 3 437 502
77 3 17 2 457 660
13 37 10 1 499 782
1 45 24 5 361 562
60 5 12 5 235 332
46 12 24 5 478 670
69 97 6 6 275 341
69 54 27 6 571 646
46 37 28 4 366 643
69 37 5 4 403 625
2 30 26 4 349 592
37 66 26 6 296 517
85 31 9 4 276 519
8 25 21 3 202 491
15 49 24 4 249 342
88 61 11 1 342 509
1 71 28 3 334 559
26 19 14 5 521 725
95 27 10 6 267 399
99 19 10 5 618 727
29 92 28 5 556 788
78 54 7 6 314 602
1 25 26 3 307 502
80 24 26 4 401 598
52 25 10 5 244 348
62 78 8 3 238 466
4 11 28 6 348 516
82 65 23 6 232 304
53 96 27 5 224 447
3 7 25 2 579 729
54 19 13 2 513 659
54 67 27 3 444 536
58 88 18 7 622 711
93 56 25 1 289 383
10 27 21 2 563 786
68 14 7 4 320 538
16 78 24 2 565 694
15 57 8 3 496 564
50 87 22 7 390 536
70 9 10 1 421 613
7 4 18 7 230 332
12 1 5 4 349 415
68 20 9 3 565 660
70 3 23 6 335 479
98 17 28 5 248 502
94 74 23 3 205 409
3 73 12 1 472 635
24 50 29 7 221 303
17 82 7 7 203 329
2 80 27 5 543 770
71 81 5 3 267 478
76 70 28 4 228 332
64 80 23 1 477 559
35 89 12 4 390 586
29 78 16 5 217 459
94 97 20 5 619 707
90 44 5 3 302 570
95 78 18 6 229 324
87 27 16 4 447 607
11 67 25 4 460 641
27 69 9 4 286 531
63 57 17 4 335 503
8 96 22 3 254 386
52 68 6 1 209 486
32 97 19 1 572 778
73 10 11 1 397 694
47 56 22 7 600 756
44 54 6 4 483 724
34 6 13 1 231 410
27 27 24 1 298 481
29 57 29 6 213 361
50 20 17 1 316 554
86 6 26 7 211 453
78 67 16 5 212 315
76 34 30 1 388 566
11 11 6 7 358 433
83 9 17 4 362 650
7 6 27 2 301 546
62 82 8 5 377 615
1 86 20 1 382 678
81 71 29 6 282 460
80 2 7 2 412 492
9 87 12 4 374 660
83 27 29 2 469 651
40 17 27 2 299 477
10 50 14 2 268 469
55 75 8 6 439 505
66 8 11 6 560 646
12 24 7 1 306 477
74 25 14 6 353 567
46 88 21 4 483 642
74 66 17 4 372 629
55 46 12 5 386 496
44 40 11 5 540 608
43 81 9 6 605 683
40 3 9 6 583 694
85 24 15 7 463 614
84 50 17 6 204 352
10 60 21 7 205 348
23 24 19 1 275 492
87 45 23 7 480 622
19 89 12 7 540 632
20 64 9 4 408 483
14 7 17 1 640 721
31 28 9 5 505 582
96 15 20 1 427 710
91 37 13 2 365 664
5 68 8 7 286 491
66 83 8 5 639 708
75 2 29 5 254 319
77 57 26 5 412 686
73 88 7 2 667 781
84 17 14 3 515 690
77 66 8 2 289 561
40 87 18 4 529 720
96 20 11 5 228 310
18 60 14 3 232 499
13 27 6 7 330 596
96 68 6 4 215 487
60 87 22 5 324 518
24 80 30 5 496 578
25 28 9 1 450 633
96 60 23 4 497 746
14 44 21 2 381 475
0 37 10 5 405 620
55 59 25 4 463 751
6 8 21 2 256 379
97 68 17 4 210 504
29 56 25 2 399 543
57 16 10 7 378 541
58 28 12 6 446 721
5 51 17 1 505 773
64 97 26 2 283 346
1 52 17 5 443 704
35 25 18 7 373 525
37 2 17 6 365 448
31 19 22 6 294 534
73 53 11 6 656 735
97 97 6 4 561 753
5 75 5 5 224 340
43 71 21 7 389 519
52 79 27 5 315 432
32 69 20 4 548 788
70 54 30 3 576 680
96 40 19 4 473 583
55 27 12 2 454 608
62 87 28 3 541 682
73 49 17 6 535 728
18 99 15 2 363 526
36 3 21 3 455 529
65 21 15 1 466 661
34 28 10 7 313 506
97 7 9 1 259 333
35 100 23 3 470 534
92 42 8 1 216 338
21 95 30 7 242 418
25 10 15 4 638 794
17 44 19 6 287 549
0 49 10 1 419 498
9 5 23 7 205 504
89 53 29 7 621 682
47 63 7 4 679 778
12 53 26 4 418 673
24 98 22 3 609 742
86 35 29 7 295 531
96 56 10 7 430 580
82 82 9 4 277 518
34 84 27 1 264 562
44 68 11 3 672 740
28 81 13 5 634 734
58 20 30 4 216 313
51 26 11 3 456 538
9 83 18 1 438 654
92 95 16 4 511 591
26 94 7 3 382 645
33 30 27 2 638 737
10 77 12 5 215 293
74 87 19 3 499 797
32 82 11 5 471 544
98 73 5 2 271 468
57 80 17 6 244 530
81 85 17 5 320 387
14 54 27 3 382 522
51 9 25 1 455 566
17 74 20 1 209 304
9 8 27 3 232 292
3 12 7 7 527 762
37 19 11 5 632 710
22 80 8 6 561 680
99 61 8 3 640 788
54 95 23 1 202 319
19 53 13 6 471 570
46 78 24 5 326 519
62 58 11 7 227 378
76 3 6 1 560 785
19 78 20 4 487 572
95 24 13 1 576 764
66 27 18 3 288 579
6 40 30 4 375 444
44 7 30 6 241 468
56 70 9 4 261 363
45 0 26 2 621 731
97 6 27 2 572 679
40 68 29 3 527 799
36 52 19 2 342 599
69 48 24 1 292 422
28 7 5 2 337 590
68 96 14 2 723 795
96 48 22 5 337 497
15 32 15 5 284 354
19 83 16 5 271 524
67 9 10 1 286 521
16 40 5 1 233 311
21 31 7 1 550 670
55 8 6 4 238 535
2 17 15 5 326 390
62 97 25 1 524 737
12 2 18 6 690 765
15 69 14 7 460 689
17 79 15 6 261 322
5 70 12 5 718 780
61 50 6 3 311 400
100 53 29 7 469 656
33 31 5 1 611 751
38 59 18 3 304 375
69 20 5 6 505 579
96 71 29 7 414 530
75 66 11 5 510 574
63 92 9 4 450 625
86 63 10 2 637 715
53 27 20 6 481 659
47 32 16 6 334 564
8 63 22 6 532 596
30 26 24 6 477 537
10 78 5 5 338 417
41 28 16 6 408 652
75 65 23 1 221 451
42 14 24 7 254 483
31 43 6 6 403 558
87 12 6 7 394 643
29 69 23 2 608 743
47 35 20 5 336 565
73 26 7 2 602 786
5 92 12 2 449 590
52 80 27 4 673 770
90 92 13 7 384 611
60 27 22 1 533 628
20 33 22 6 231 404
46 40 25 5 377 661
78 74 28 1 419 572
13 77 13 6 428 544
2 42 9 5 310 569
46 17 21 3 363 617
2 46 27 6 259 383
86 45 20 2 257 486
72 88 21 2 202 480
87 43 7 6 360 467
54 49 26 2 523 755
41 93 14 2 297 471
0 47 14 5 426 680
73 67 14 3 264 350
97 83 7 6 450 521
65 25 15 3 641 720
55 5 17 1 237 376
87 88 9 1 383 476
80 34 10 6 572 669
56 23 22 6 566 795
0 0 11 6 599 682
1 34 5 4 401 601
86 20 7 6 299 546
12 86 7 3 357 591
1 2 26 3 672 797
45 56 21 6 472 588
93 81 12 2 525 723
18 97 9 4 647 792
25 60 21 6 212 327
35 49 8 5 549 712
3 90 13 6 326 544
43 43 7 4 413 667
59 40 19 5 403 642
11 86 14 5 291 563
82 86 20 4 556 638
75 47 23 4 262 395
89 12 16 1 252 384
97 25 29 6 515 748
23 36 10 6 516 666
78 11 13 1 596 796
95 30 26 5 407 699
95 3 15 2 371 604
19 77 29 4 387 684
36 49 30 5 457 682
84 63 24 1 485 638
94 24 5 4 360 557
57 0 10 6 284 417
31 64 8 6 381 527
80 89 10 7 641 754
80 4 27 6 448 662
3 44 23 1 445 711
23 17 23 7 471 557
99 97 29 4 655 735
15 13 23 7 399 569
90 17 15 1 287 565
29 48 29 5 274 432
17 68 19 1 679 740
34 62 25 2 289 483
53 50 25 4 276 562
49 60 23 4 348 466
87 99 8 5 235 402
92 82 8 6 440 574
97 3 17 3 421 581
37 37 30 2 327 473
41 86 10 5 260 425
93 77 28 2 509 690
7 34 7 3 292 466
30 71 28 1 318 378
29 12 22 3 469 692
90 82 19 3 663 759
76 85 16 4 427 508
81 47 30 6 374 476
32 6 13 6 246 546
38 79 27 6 513 757
26 53 8 3 403 586
62 8 19 1 364 606
66 88 21 1 399 682
20 7 10 1 602 761
60 31 11 1 482 711
5 88 19 7 250 516
88 89 16 4 418 701
13 76 25 1 477 598
80 45 16 4 592 704
18 11 23 7 577 755
84 12 15 4 281 388
76 90 17 7 530 641
57 46 13 3 229 454
70 97 13 3 224 401
20 70 6 7 406 543
37 14 7 4 295 592
29 95 16 2 498 627
91 14 21 4 324 424
84 95 5 5 231 489
1 38 25 6 524 759
0 99 13 3 296 374
16 26 24 1 583 795
15 35 5 3 385 583
29 13 6 2 388 525
79 42 6 6 582 669
46 39 6 5 395 646
74 35 12 5 601 663
1 17 11 1 607 698
22 75 23 1 525 719
50 8 20 3 415 599
61 53 22 6 226 366
59 100 9 7 324 403
32 45 11 5 404 622
44 37 11 2 657 725
21 55 8 1 214 386
9 95 24 3 583 662
31 40 25 2 360 508
66 82 5 6 390 468
86 72 10 3 613 726
2 8 14 7 586 796
11 15 7 5 354 427
71 4 25 5 519 777
41 51 26 7 359 458
39 61 27 5 234 391
43 3 28 1 369 448
18 12 7 5 255 512
67 31 16 2 412 535
93 9 17 5 453 740
64 25 23 5 241 311
66 96 22 5 638 701
56 9 8 7 498 739
28 75 19 4 560 743
59 7 7 6 502 701
15 93 20 1 292 368
29 90 6 1 271 352
44 41 26 2 401 612
50 41 29 6 328 562
91 76 18 5 581 784
39 77 28 4 323 449
12 30 16 7 474 665
32 71 13 1 604 791
58 32 10 6 561 629
83 48 15 6 467 580
15 6 16 7 257 506
69 52 23 6 253 381
57 33 19 7 225 511
2 92 27 4 552 614
18 36 7 3 447 564
70 52 12 4 309 514
31 13 13 1 439 714
65 57 25 5 477 558
30 42 25 4 531 779
58 70 27 4 371 433
87 28 7 1 226 387
20 88 10 3 329 425
93 23 10 2 293 581
22 79 28 5 562 724
35 8 19 7 277 504
45 2 11 1 494 628
47 90 16 6 334 505
69 81 23 3 515 752
17 19 12 2 327 544
7 76 20 4 563 708
29 40 18 7 471 566
7 26 24 7 203 419
89 49 18 4 278 417
48 26 9 1 335 504
74 43 28 6 273 526
54 14 15 5 555 795
57 26 22 6 545 656
73 96 24 2 418 483
6 80 6 2 374 652
47 83 8 2 427 606
17 40 22 2 344 603
83 10 26 2 253 540
31 77 17 4 245 435
64 77 11 1 389 551
62 98 24 1 475 619
87 57 25 4 546 765
97 93 13 1 690 770
3 60 17 3 642 775
52 89 26 7 414 669
10 75 24 4 344 586
88 99 28 7 317 391
53 81 29 2 483 714
26 61 20 6 222 338
74 23 10 5 666 779
73 90 12 2 422 699
37 46 20 5 481 713
52 90 8 5 553 670
53 66 16 2 426 716
82 77 19 6 245 526
54 36 8 3 467 545
61 92 30 7 206 413
100 99 19 4 454 564
97 37 23 6 694 787
7 28 12 6 616 699
88 97 23 6 511 583
16 53 24 5 229 402
13 29 8 2 518 606
57 36 15 7 374 618
87 83 15 5 496 636
30 96 19 3 315 377
53 80 6 3 646 720
12 98 6 1 697 784
68 34 20 4 421 625
56 13 17 4 387 529
77 6 19 1 436 524
66 80 8 7 435 665
42 42 27 3 284 399
83 87 14 7 235 527
79 80 22 5 572 718
62 11 27 7 332 529
45 89 19 4 367 644
1 96 6 5 442 631
22 91 8 5 248 324
68 30 16 4 463 711
75 55 21 1 623 707
26 45 19 3 226 437
21 52 19 5 519 736
6 14 23 7 241 333
3 47 12 2 422 516
81 31 19 2 327 394
65 6 6 1 313 489
15 31 28 2 710 781
62 39 11 5 317 564
45 43 10 3 269 373
82 38 15 5 352 458
7 7 6 1 278 543
98 66 23 6 322 608
73 43 18 6 234 492
54 69 6 4 505 601
49 10 29 6 498 699
13 20 29 2 476 721
63 66 15 2 445 555
7 47 15 4 559 762
11 45 29 6 285 520
70 62 6 6 255 462
45 6 30 4 488 700
65 39 9 5 546 631
66 25 29 4 363 618
59 47 22 3 439 669
14 25 13 2 498 682
89 18 17 6 544 774
18 98 27 3 377 619
81 95 17 6 396 539
75 38 5 4 454 569
61 86 25 7 477 692
24 95 26 3 492 563
30 47 22 1 560 645
45 38 24 5 560 743
64 70 7 4 332 468
98 45 6 1 225 382
45 11 27 7 269 377
28 9 17 3 515 694
65 42 7 3 571 653
36 85 12 4 417 525
81 38 23 7 329 596
32 16 16 4 316 494
54 92 20 1 379 463
42 95 15 7 623 704
99 89 27 5 510 702
74 59 27 6 615 767
51 23 16 2 476 707
53 38 9 3 327 463
29 43 13 7 399 682
55 23 16 4 234 439
3 27 20 2 229 466
38 20 20 7 690 771
35 66 15 5 488 764
67 92 17 1 607 775
43 64 25 2 238 524
2 47 30 1 442 724
18 48 12 4 433 521
8 52 7 1 582 793
84 2 16 5 494 749
39 5 14 7 393 487
72 68 30 2 671 753
35 21 11 6 350 613
60 97 30 4 462 544
41 66 25 3 501 697
68 100 16 4 564 630
22 27 16 3 592 736
0 55 21 2 239 456
43 9 18 3 680 752
44 57 21 4 479 707
81 25 28 7 382 527
60 85 20 5 436 517
12 89 27 2 351 584
31 25 30 5 547 662
8 82 19 5 265 453
79 4 5 1 519 626
49 86 15 1 343 537
18 100 17 6 438 663
38 9 19 4 357 582
59 10 23 1 579 671
58 84 9 7 372 531
17 96 7 5 527 684
49 66 12 5 720 791
80 68 18 4 571 699
53 13 28 4 214 420
24 24 25 1 532 663
64 53 13 6 515 752
91 84 7 5 610 700
29 0 28 6 327 542
28 99 20 1 404 493
46 28 9 6 312 390
19 52 24 2 363 457
44 72 23 1 300 492
48 84 25 3 471 628
50 29 7 1 721 792
90 93 23 7 628 719
99 73 21 7 582 659
14 49 5 4 656 738
10 79 8 3 465 552
43 52 28 3 278 416
64 35 6 2 204 268
9 1 5 1 204 410
20 98 27 5 355 571
92 63 7 6 416 652
78 25 5 1 259 380
88 74 27 1 309 569
92 41 16 5 256 329
1 16 30 1 415 696
56 24 22 1 685 757
37 21 22 4 234 450
8 80 29 2 241 527
1 100 30 7 424 545
85 43 23 5 210 300
99 80 26 5 510 606
95 80 5 3 440 614
28 48 18 1 438 632
39 81 6 2 656 738
73 75 28 4 427 609
7 94 25 7 568 734
48 45 27 3 615 760
13 5 5 1 680 748
71 32 13 6 396 669
29 9 20 5 307 482
55 52 28 7 506 635
97 31 30 2 429 600
86 33 20 3 580 768
99 86 20 1 288 382
60 38 17 3 513 675
44 63 6 2 313 607
12 54 17 7 270 533
65 52 26 1 252 443
94 86 19 1 208 306
84 6 24 1 427 497
63 93 18 2 500 637
99 14 9 7 470 623
97 24 28 7 704 795
13 86 8 5 369 656
6 61 13 4 658 768
49 16 6 7 333 402
54 16 10 4 471 704
47 66 29 6 524 713
99 43 10 4 446 509
52 38 15 6 290 402
52 61 6 7 367 605
4 22 26 3 315 556
1 72 9 3 573 675
60 69 14 5 626 748
62 18 9 1 548 716
40 38 5 7 274 466
77 96 8 3 650 773
34 19 15 5 292 398
79 87 30 1 662 741
27 89 10 1 258 500
48 91 29 3 262 553
81 27 23 2 389 512
58 3 16 6 703 790
12 52 22 3 463 710
70 94 22 7 476 578
17 43 26 4 378 652
63 7 29 4 345 450
45 92 17 3 319 535
15 41 29 3 562 733
42 25 23 3 471 760
40 28 21 5 530 791
9 23 21 5 451 618
12 9 19 1 309 478
10 36 17 5 481 773
53 20 28 6 394 551
98 11 26 2 348 565
24 22 27 6 380 670
33 98 19 6 434 513
67 88 21 2 442 723
41 7 24 5 385 517
39 17 12 6 458 526
53 41 29 1 374 531
35 59 7 2 732 795
10 33 22 1 578 758
36 43 8 1 419 532
15 0 12 3 285 519
7 86 23 2 438 504
33 44 25 2 263 447
27 47 21 7 406 683
66 58 6 1 352 622
27 32 14 3 326 503
60 99 22 4 335 498
5 66 5 2 432 550
88 30 20 3 229 328
10 89 19 2 487 739
64 84 23 5 370 525
100 41 16 5 465 591
81 50 11 4 239 386
7 9 10 3 558 738
52 18 27 4 574 739
91 64 23 6 363 435
83 84 8 6 227 427
53 53 19 1 397 492
50 67 30 5 359 634
32 25 14 2 503 577
13 49 26 4 252 328
21 9 21 3 380 591
3 100 19 4 272 424
91 32 27 5 394 489
37 22 26 7 507 641
17 57 10 1 501 788
55 79 14 2 691 799
28 92 8 6 552 740
48 69 9 1 519 734
49 76 23 7 464 667
26 60 17 3 495 755
87 31 24 3 473 599
11 52 10 2 205 447
39 98 15 3 548 666
52 84 19 6 541 787
65 37 13 6 281 487
97 19 6 5 418 652
89 58 15 2 447 631
21 7 8 2 516 714
16 64 30 6 247 488
2 75 10 5 392 622
69 87 26 3 649 748
75 23 13 5 575 766
33 6 9 3 370 482
0 36 25 6 323 589
38 40 25 1 557 747
90 98 16 1 321 408
51 47 30 1 448 727
44 26 6 7 483 663
12 20 12 1 243 451
73 98 25 1 223 416
8 75 14 2 303 379
89 8 22 5 214 452
92 10 12 6 516 729
19 1 13 6 488 633
19 96 15 1 297 531
25 41 6 1 355 434
45 16 19 6 616 781
86 91 16 3 371 479
92 13 12 4 465 595
72 39 18 2 266 347
53 58 13 3 317 399
60 17 23 6 563 708
96 33 13 6 514 585
41 97 28 6 238 428
72 96 14 3 487 676
35 69 27 6 290 398
7 13 17 7 322 495
20 28 17 4 445 556
29 85 27 6 611 779
11 25 18 3 355 565
77 17 24 5 278 415
