1842
1 60 0 0 0 0
57 16 12 1 486 574
41 75 9 7 595 675
1 48 15 5 383 631
39 46 23 7 540 622
95 98 30 4 682 747
57 57 6 6 280 461
44 96 16 6 423 553
30 36 25 3 238 434
41 71 9 6 380 448
48 21 10 3 588 670
30 94 23 5 357 601
35 60 5 6 283 564
37 9 17 7 319 463
70 97 30 4 679 790
10 71 11 7 457 584
11 41 23 5 358 588
56 49 12 2 246 443
36 62 5 3 480 644
67 36 11 2 690 793
89 32 13 6 609 740
16 87 17 4 231 369
65 21 5 6 286 523
55 66 22 4 402 700
18 55 17 1 399 532
63 3 10 6 327 551
55 17 28 2 279 413
15 61 28 3 382 534
87 46 22 7 348 432
99 2 24 1 234 321
37 80 28 1 340 564
100 3 18 4 261 484
85 13 24 6 352 421
81 36 6 4 473 724
74 58 24 3 575 666
20 79 11 4 555 731
48 69 9 5 415 521
3 59 29 1 208 355
18 74 17 1 526 678
32 13 21 3 546 720
59 71 12 5 598 739
83 55 20 5 266 416
46 44 10 4 703 787
59 17 19 4 625 722
27 66 17 6 349 441
26 67 27 3 473 658
97 5 5 2 409 597
84 41 12 6 617 768
96 55 23 2 228 381
33 23 28 3 228 479
10 30 15 2 600 744
36 32 9 7 337 508
96 21 23 4 226 480
5 33 19 5 270 357
11 98 13 1 317 451
95 85 6 5 449 586
45 76 23 2 661 742
50 10 19 4 426 576
6 91 14 3 559 796
29 85 5 6 258 375
100 53 16 4 341 545
78 74 9 7 452 597
95 64 25 6 574 660
72 70 15 7 568 657
35 38 21 5 298 586
71 89 11 2 594 795
100 97 10 1 499 694
72 2 16 4 373 631
74 97 10 5 569 665
77 33 21 3 388 503
5 80 27 6 216 473
18 33 17 1 442 592
65 45 21 2 599 704
17 2 17 6 321 489
61 77 16 3 593 718
81 72 7 4 298 571
67 99 27 4 419 601
18 85 8 6 381 614
0 82 10 2 209 304
89 22 13 4 252 492
86 92 30 4 421 576
13 75 13 1 264 393
36 48 16 1 434 506
55 15 20 3 241 330
8 50 30 4 343 464
45 5 10 4 278 396
15 94 6 7 392 497
27 77 17 2 666 728
36 90 25 6 376 615
19 49 13 3 488 637
98 53 27 1 263 541
23 89 28 6 242 511
2 69 20 1 277 557
7 63 20 5 576 790
17 45 13 2 258 550
99 15 28 1 232 468
100 72 17 5 263 438
21 47 7 4 456 650
90 56 15 1 636 785
76 94 15 6 426 650
36 63 17 2 395 580
13 14 9 5 372 615
8 29 29 1 207 284
80 20 30 3 662 781
97 95 10 7 426 683
36 51 20 3 408 535
42 100 9 6 273 563
71 45 24 3 523 663
40 18 12 1 423 555
44 90 29 4 334 412
61 54 8 7 413 553
32 22 16 1 627 714
51 26 22 1 589 754
88 73 30 1 676 737
1 23 11 2 472 741
24 76 29 3 710 776
38 37 27 6 322 576
4 24 17 5 570 796
13 56 28 2 412 512
55 76 9 5 404 699
30 4 22 2 437 678
54 99 30 1 361 574
74 57 30 4 376 589
12 17 7 3 399 648
32 76 14 6 343 432
78 93 12 5 272 347
16 100 24 4 237 378
12 27 22 1 458 651
51 18 22 4 527 732
56 93 30 2 225 478
46 49 17 6 258 531
40 35 25 7 216 438
90 15 30 7 688 757
68 88 23 3 540 789
60 86 14 5 509 688
43 98 15 1 508 578
88 21 24 7 339 575
52 20 7 6 315 455
29 19 15 5 414 643
58 98 20 7 235 457
30 71 11 7 241 436
72 76 12 7 415 521
31 83 8 6 583 728
62 37 19 3 625 736
76 60 30 2 324 558
88 93 17 3 561 729
43 25 14 2 569 798
95 68 24 2 387 467
73 23 14 2 536 748
9 55 24 2 393 558
48 43 14 6 235 412
34 70 11 7 622 729
32 41 26 3 206 455
69 3 16 1 681 741
45 0 14 4 557 737
51 77 18 1 201 438
36 19 9 3 552 767
0 23 18 3 662 799
6 71 24 5 348 613
70 31 13 7 394 594
85 66 17 5 246 468
32 63 11 3 489 663
92 26 14 2 486 754
72 25 29 2 302 380
90 8 25 7 582 648
97 58 23 6 603 750
40 30 25 6 251 455
29 78 16 6 497 631
38 44 12 4 292 500
26 38 19 7 572 646
48 58 14 5 283 518
33 85 5 1 313 472
19 86 24 2 243 538
55 20 13 6 572 794
67 26 24 3 436 689
46 28 29 3 399 669
49 23 9 7 355 517
89 11 5 6 623 743
87 88 5 1 484 661
27 6 27 2 593 723
88 35 27 6 388 549
86 99 21 7 564 633
88 88 17 6 231 397
84 56 16 7 334 492
14 53 14 7 262 380
69 64 12 6 423 539
94 88 24 6 344 431
24 58 14 6 479 542
67 57 14 7 319 571
85 41 12 7 675 756
63 24 7 2 393 484
5 2 8 5 466 720
12 46 23 7 670 754
50 31 23 2 372 500
4 68 21 3 297 465
52 89 17 1 479 588
47 26 24 2 505 762
12 61 5 3 337 447
63 39 6 6 505 729
28 95 24 4 595 719
6 96 20 7 574 744
71 81 26 5 429 588
39 78 9 4 686 748
80 87 22 1 414 669
79 28 17 2 579 777
88 81 13 2 696 795
77 72 5 4 494 594
72 56 18 1 236 324
94 28 15 2 249 389
91 78 20 6 426 684
75 33 24 3 696 776
92 75 20 4 317 449
18 38 6 2 562 691
97 30 15 2 619 707
48 91 5 1 340 512
91 14 12 2 543 767
24 17 14 3 365 606
11 61 5 3 583 704
22 34 8 7 265 556
87 48 6 2 449 522
25 68 18 3 278 517
1 55 23 1 488 663
41 61 27 6 320 607
87 38 29 4 410 682
62 72 30 6 314 572
74 71 13 7 421 668
96 48 12 2 384 490
61 13 21 7 453 687
24 79 10 5 344 482
40 92 13 7 232 382
92 70 7 5 375 491
73 33 5 1 621 726
7 77 26 1 350 626
3 31 16 4 434 621
32 65 15 6 453 554
89 56 6 7 513 727
43 24 13 3 566 676
66 25 19 7 578 799
42 4 9 4 642 738
57 31 30 7 492 770
3 47 24 6 239 395
36 98 15 3 439 639
77 26 22 3 200 385
34 35 20 2 618 704
70 58 26 3 587 796
13 79 24 2 204 453
8 74 29 3 215 351
31 56 9 3 300 432
19 87 21 5 343 643
34 67 19 2 211 311
83 59 21 4 617 769
17 91 15 1 467 700
57 27 14 4 203 275
24 23 10 5 287 572
87 69 17 7 213 359
1 59 27 4 489 637
100 84 17 5 523 586
72 6 5 1 503 774
78 52 30 3 368 537
86 20 17 5 208 388
83 20 14 3 462 687
68 72 20 3 510 773
86 49 23 2 217 327
73 41 12 6 449 516
83 84 22 6 385 655
45 70 11 2 570 700
9 83 22 3 233 431
0 52 26 3 593 737
34 50 21 7 508 591
53 70 9 4 339 542
40 62 5 5 359 459
60 79 13 6 443 536
49 72 22 3 559 629
71 64 26 2 444 648
50 87 15 4 363 593
72 35 21 5 329 567
6 5 28 5 455 724
10 64 10 4 287 469
81 84 21 2 471 593
95 19 19 6 498 686
67 81 14 1 510 757
18 64 14 2 259 474
70 12 14 1 479 761
35 54 24 3 339 416
37 78 13 1 515 774
24 60 30 1 579 775
28 71 19 6 425 548
1 11 22 5 605 736
50 74 17 6 426 591
23 76 29 7 322 421
43 46 6 6 275 412
2 1 16 4 251 363
63 14 29 1 523 587
81 52 19 3 258 492
79 32 8 5 637 760
7 18 11 4 620 792
31 17 20 1 489 682
50 18 27 4 284 361
90 46 20 3 264 324
35 59 8 3 475 669
3 41 13 2 382 552
45 33 19 1 559 640
81 28 25 2 412 683
56 89 27 2 420 648
22 30 7 4 323 581
10 92 19 1 535 600
45 18 11 7 556 653
24 41 16 5 285 558
78 5 16 2 223 397
65 41 26 6 349 429
16 97 22 3 257 528
0 9 22 3 299 491
29 75 10 1 370 529
55 75 5 5 521 745
90 55 8 2 399 660
100 9 6 6 480 605
93 60 24 4 270 400
21 55 5 5 489 596
1 94 27 6 441 730
48 38 20 4 208 305
33 36 23 2 677 758
17 6 9 5 572 650
13 68 21 1 363 469
68 18 18 6 443 527
2 40 13 2 286 412
43 80 15 4 479 725
18 15 26 4 527 734
33 29 16 1 445 574
76 5 18 3 445 653
49 71 17 7 310 453
46 29 12 4 489 697
72 23 11 4 491 739
79 71 27 7 233 511
35 91 21 6 304 405
21 75 6 2 414 491
3 79 12 5 223 317
2 67 11 1 568 706
67 12 14 2 240 511
72 24 11 7 344 617
82 34 14 3 715 776
72 47 17 4 468 543
8 38 28 1 274 546
95 96 15 2 256 384
92 81 17 3 515 628
60 4 20 3 245 513
68 60 22 1 306 541
88 8 9 5 345 551
13 12 26 3 553 649
89 2 17 6 225 387
33 81 17 4 391 681
78 95 28 1 229 515
81 91 8 4 476 768
80 7 7 2 313 579
84 15 7 7 461 688
99 66 27 7 254 414
40 75 13 1 406 527
81 68 24 2 288 561
95 97 9 6 300 434
4 65 19 6 284 496
63 75 11 7 238 403
75 95 22 4 215 295
36 54 21 1 272 417
57 79 19 1 589 716
49 16 7 4 276 500
63 61 19 4 434 533
49 53 9 2 552 720
9 22 6 2 441 659
13 19 18 6 200 314
4 90 17 2 538 628
9 77 5 6 549 710
24 7 25 3 339 582
19 4 26 3 398 567
55 11 22 1 416 535
52 95 17 6 684 754
70 70 20 4 431 496
68 40 27 6 430 555
57 7 24 7 204 271
55 40 5 7 461 734
65 36 9 6 622 785
82 61 18 6 608 697
65 8 19 5 558 778
100 29 11 7 440 642
25 41 16 7 386 499
51 22 22 7 592 777
73 78 14 4 404 680
80 75 20 7 505 587
57 61 8 1 535 779
58 12 27 6 639 789
58 31 26 6 599 665
78 24 15 1 415 665
95 48 24 4 274 508
88 89 12 7 566 708
50 15 14 7 643 794
42 9 16 1 532 701
55 32 18 4 348 477
46 75 18 6 469 616
14 46 29 5 371 459
41 90 5 3 204 410
68 20 29 2 493 792
57 34 19 2 353 584
93 9 7 1 369 482
2 38 30 1 627 771
79 16 15 5 271 441
100 2 7 5 345 454
68 5 15 7 548 792
80 30 24 5 336 414
99 69 21 4 222 488
77 28 24 3 666 775
28 24 8 2 506 582
20 44 22 2 697 791
6 23 12 1 203 483
44 98 21 2 531 755
41 7 11 3 461 613
44 71 13 3 505 734
87 36 20 3 634 697
58 26 12 1 334 608
59 99 19 6 357 498
56 12 11 6 603 665
43 50 26 4 617 712
21 2 20 7 649 739
38 89 13 6 398 579
45 94 28 5 245 532
62 4 29 2 694 800
64 98 30 5 282 354
54 16 19 5 327 618
24 21 6 7 490 686
4 29 17 6 397 587
56 46 13 6 348 599
33 99 27 4 215 426
88 2 30 5 548 678
20 90 26 4 436 583
20 72 12 1 369 561
33 31 8 3 413 515
72 81 17 5 386 506
39 22 29 2 311 375
46 9 21 2 326 423
24 66 20 6 331 404
29 66 23 1 286 375
86 83 14 3 382 605
95 23 9 1 442 662
15 21 5 7 315 442
47 49 26 7 354 493
70 9 26 7 704 775
82 14 18 3 409 687
20 67 6 6 561 725
3 63 22 7 252 480
32 17 15 6 572 761
8 75 25 5 212 502
73 21 6 5 441 717
65 86 16 5 222 420
49 45 5 2 537 669
49 26 10 6 265 352
15 9 13 7 276 576
2 83 11 7 534 774
47 69 10 6 510 624
7 98 13 4 328 508
88 9 29 6 328 512
84 37 28 4 426 509
27 12 11 2 660 722
5 7 12 3 202 496
30 95 21 3 486 654
52 2 5 5 557 697
41 69 6 2 669 781
14 87 13 2 635 695
76 11 8 2 287 506
37 27 5 7 279 358
30 10 6 2 496 648
85 65 30 2 620 720
80 93 8 4 569 642
95 4 24 2 679 772
43 12 10 1 507 785
32 8 14 3 205 415
59 51 27 1 443 567
57 65 14 7 311 595
9 45 6 6 222 381
85 37 10 4 600 694
1 69 20 7 246 483
42 34 24 5 377 667
44 61 26 1 255 463
78 89 28 1 603 707
25 99 13 5 334 606
18 45 29 5 431 669
84 46 26 1 419 482
35 42 18 3 549 797
58 53 18 4 481 723
98 100 9 1 621 729
61 34 26 1 525 748
67 62 20 6 466 661
76 0 24 3 541 718
34 89 14 4 290 560
11 7 24 7 295 541
12 22 15 1 401 578
77 46 11 1 638 748
47 56 30 2 200 281
89 85 11 1 369 587
55 80 29 7 576 749
66 11 20 4 242 409
34 68 13 3 433 550
97 77 24 1 496 691
60 55 23 4 413 665
11 29 6 4 325 472
13 80 20 2 306 536
30 67 11 5 319 519
3 92 15 7 380 448
27 49 9 5 615 753
63 40 11 5 202 345
14 21 16 5 234 298
100 85 27 6 664 798
74 69 13 7 266 390
97 45 8 7 313 402
48 61 14 2 445 571
4 87 25 4 446 731
70 100 14 1 559 747
71 82 20 5 313 441
46 24 15 4 581 695
78 57 15 4 251 339
53 18 21 4 532 697
35 35 28 3 542 719
58 6 28 5 215 500
36 9 25 6 668 779
12 85 16 2 286 571
17 26 25 1 452 526
7 86 12 6 593 690
15 53 29 2 251 439
13 77 6 2 614 726
100 56 28 3 583 780
69 51 9 1 240 508
12 20 5 4 463 750
60 45 21 4 250 429
44 97 24 1 328 505
73 95 8 2 565 727
92 37 25 3 285 488
22 4 10 4 335 547
91 87 16 3 400 491
6 28 17 7 290 555
38 72 13 6 459 590
6 57 22 2 527 705
85 48 15 1 447 640
83 25 21 1 642 784
85 46 22 3 613 760
74 98 14 2 209 339
37 36 20 7 208 276
64 0 5 2 401 519
18 67 22 4 451 660
56 64 26 4 463 622
33 47 10 7 392 595
98 92 15 3 661 769
97 50 21 6 608 787
40 93 27 1 480 771
84 92 16 4 498 709
4 6 19 1 558 631
27 35 27 5 494 738
82 77 5 7 506 628
48 29 13 3 403 578
6 35 18 1 671 790
82 52 15 7 290 513
77 23 22 2 570 659
84 67 23 3 482 599
36 75 7 6 298 475
79 52 8 4 672 791
7 97 23 1 260 535
45 4 13 3 217 405
89 24 24 6 591 756
62 43 21 4 347 572
19 15 28 5 236 416
49 43 20 1 464 563
66 4 12 6 569 712
80 81 30 3 311 416
17 13 13 6 261 331
57 84 18 4 576 789
65 61 10 4 632 760
12 41 10 1 419 497
44 4 19 2 260 467
58 22 25 6 430 682
34 77 6 4 395 653
92 43 20 2 463 576
94 52 12 6 628 735
60 83 20 6 291 355
94 86 23 4 438 582
71 73 5 1 442 560
65 69 13 6 252 523
87 35 13 5 590 761
35 76 5 2 668 790
65 7 9 5 268 337
60 95 14 6 531 700
47 71 7 2 623 695
77 78 19 2 273 465
78 60 28 2 422 521
10 88 27 4 505 633
53 74 15 5 427 703
65 80 22 6 322 387
96 14 20 4 252 525
12 4 15 7 527 785
98 82 22 2 231 348
48 36 25 2 281 537
46 90 25 2 468 642
7 19 22 7 645 747
97 100 21 4 424 601
17 46 18 4 486 617
23 58 19 1 238 358
60 59 12 1 274 468
94 49 29 7 466 663
30 97 5 6 203 269
23 38 15 5 369 448
34 28 27 7 675 758
28 81 30 5 239 357
41 59 15 1 534 628
17 23 10 5 663 760
0 34 28 5 554 622
57 69 10 6 406 676
64 48 27 4 314 486
7 56 6 3 295 567
35 94 23 4 338 445
29 86 9 5 598 768
9 73 7 2 328 542
16 99 20 2 267 441
86 1 9 5 510 657
69 67 17 5 202 418
1 88 6 1 558 621
81 3 17 4 381 650
25 78 25 2 347 465
56 0 12 4 417 489
99 49 10 5 624 778
79 95 19 2 541 627
56 71 21 1 202 466
80 72 5 4 423 564
34 18 20 7 325 481
88 46 28 5 290 503
16 71 22 6 399 589
26 23 22 5 308 512
87 97 21 5 470 585
14 62 17 1 415 669
58 90 10 5 440 519
90 7 25 4 222 474
61 11 19 3 224 417
43 37 7 5 276 541
82 69 21 5 508 798
63 97 10 2 294 493
77 50 12 2 407 561
78 28 18 1 632 713
48 67 17 4 284 487
42 90 18 6 463 706
92 34 20 7 529 670
27 75 17 7 248 477
41 17 24 2 268 515
92 65 9 7 615 758
81 96 15 5 234 426
51 27 24 4 505 665
11 35 22 7 443 674
99 14 24 5 567 630
88 24 16 1 394 629
63 28 9 7 399 699
68 16 25 1 495 728
63 8 30 3 579 736
96 78 28 6 415 607
51 53 21 5 348 606
64 72 14 2 327 558
73 14 24 4 449 562
97 3 15 2 527 694
86 33 5 5 267 523
31 36 22 4 592 773
98 59 30 7 386 673
96 100 11 4 268 548
59 68 11 5 553 645
13 40 8 1 569 697
43 57 24 7 308 436
55 92 14 4 273 455
35 43 25 7 686 797
11 69 22 5 462 665
42 94 30 3 339 624
29 83 15 5 293 471
78 72 19 1 664 733
90 42 24 7 441 522
63 99 21 6 343 427
37 19 7 3 282 541
69 62 25 2 255 517
45 95 24 4 503 645
90 92 29 1 604 782
13 47 14 5 542 628
21 6 15 6 296 575
42 46 15 6 341 602
59 39 20 3 477 726
48 15 14 6 558 638
45 25 16 6 401 697
85 47 12 4 248 520
45 28 24 1 564 784
7 96 13 3 491 654
62 34 19 1 407 590
62 57 17 7 200 365
54 82 12 3 386 617
54 26 13 5 345 447
23 28 18 4 635 714
55 59 27 7 284 516
12 92 17 7 344 618
69 96 28 3 375 461
12 16 22 6 226 511
51 33 11 1 310 483
53 84 21 7 475 750
30 16 13 2 204 342
17 16 7 2 602 773
43 38 5 4 490 760
88 27 12 6 271 524
60 64 12 3 669 732
54 50 14 6 237 324
11 26 8 4 683 781
68 21 29 4 480 732
11 50 17 4 292 387
50 26 21 6 460 751
18 79 28 6 299 523
16 95 22 4 650 736
59 96 29 1 230 310
80 22 8 2 505 647
37 85 30 4 515 779
69 28 11 7 725 796
84 2 21 5 617 757
51 98 6 1 353 468
19 21 24 4 540 755
65 99 17 6 577 753
44 2 18 4 218 468
46 64 15 5 501 629
5 18 15 4 441 506
45 87 7 6 453 673
6 20 23 7 513 795
21 65 15 5 331 438
95 80 9 3 382 619
66 77 23 5 364 630
28 62 13 1 521 589
52 24 20 1 383 594
94 94 23 4 208 478
70 68 23 3 218 410
77 43 24 7 341 532
45 48 28 7 551 708
0 100 27 3 302 548
48 11 12 6 607 751
63 64 15 5 284 515
68 76 10 7 617 708
71 43 16 4 323 552
15 56 19 3 278 371
85 99 25 1 327 445
44 41 7 3 512 792
72 67 25 6 251 518
21 42 13 6 550 688
47 2 23 7 228 365
8 30 19 3 356 635
89 18 13 4 251 437
87 29 26 1 522 713
20 38 22 4 424 488
70 84 17 3 620 735
59 1 23 4 407 652
21 94 23 6 341 591
7 59 14 5 303 404
82 17 5 4 298 536
83 3 6 6 246 393
77 32 18 1 218 280
28 25 17 3 503 784
23 2 24 6 443 583
25 51 18 3 235 382
67 75 18 1 610 713
48 92 11 4 392 584
32 86 27 1 373 616
2 29 10 7 401 694
39 79 25 3 486 685
37 10 12 1 472 661
86 93 20 6 575 732
86 47 29 7 359 602
19 48 8 6 564 744
49 73 22 1 669 779
57 41 5 3 553 694
74 68 20 1 312 376
80 99 30 4 352 523
87 89 13 4 448 567
0 21 15 2 316 463
5 71 16 1 588 783
78 88 20 5 208 430
23 93 8 2 240 360
46 19 16 4 251 519
3 15 30 6 224 509
56 18 17 6 390 619
53 53 30 1 442 618
17 34 7 5 304 419
47 42 27 4 339 455
48 28 20 5 454 690
7 22 18 1 325 517
35 11 30 3 261 499
56 70 15 6 302 454
87 86 14 5 200 369
43 17 27 6 422 617
35 18 6 4 258 427
51 15 30 3 631 757
35 65 10 4 606 708
23 83 20 6 237 366
75 69 18 6 460 664
30 28 17 6 408 578
65 17 6 2 522 635
67 9 6 4 308 399
96 51 11 5 209 378
28 100 16 4 501 712
82 27 19 1 289 453
6 76 30 5 649 793
69 30 26 3 369 473
14 3 6 1 374 484
28 41 20 6 244 532
54 18 16 6 466 691
49 52 7 4 241 329
79 65 30 2 525 796
56 92 15 5 474 756
64 50 11 7 261 513
32 6 21 1 298 434
79 12 17 4 345 470
99 41 7 3 590 688
8 80 17 5 239 485
56 51 18 2 376 561
41 53 29 4 368 654
14 55 21 3 268 413
2 65 21 2 546 714
41 31 20 6 292 411
49 61 6 3 201 408
22 6 8 5 623 705
41 16 7 7 530 771
17 82 24 5 425 516
63 80 16 3 536 631
0 64 7 3 309 517
84 69 20 5 616 678
59 59 29 3 373 564
49 34 20 7 315 590
14 8 16 3 440 696
64 11 14 5 332 591
64 43 10 6 247 393
47 14 16 2 268 535
76 71 27 5 321 577
22 35 30 2 279 536
27 72 19 3 616 715
11 70 8 3 414 608
43 83 10 3 383 509
15 29 20 1 469 726
9 21 9 1 603 767
6 83 15 7 298 448
89 94 24 7 514 724
40 9 14 2 378 503
99 82 12 6 451 719
85 18 11 2 275 535
98 71 20 5 317 601
64 74 28 5 608 747
21 56 9 7 251 493
35 32 9 3 285 392
49 58 6 7 448 659
91 66 21 6 472 541
64 5 10 5 484 581
9 84 9 4 269 353
38 7 12 5 402 573
55 53 24 7 435 520
99 20 20 6 412 580
98 3 12 2 336 607
53 56 24 7 262 524
59 0 27 3 506 689
45 77 24 7 256 519
2 25 13 4 507 581
17 81 8 4 436 602
43 71 29 7 407 511
84 0 27 5 446 710
32 97 29 5 300 375
30 7 14 1 333 626
7 8 23 6 591 689
73 72 10 3 650 781
65 72 17 6 638 733
18 44 28 1 255 402
89 58 21 3 233 387
23 72 7 5 510 779
29 47 10 3 563 661
47 58 16 4 324 405
61 1 23 1 389 521
65 1 17 7 539 717
12 38 9 2 354 443
37 54 6 1 421 652
21 40 21 5 553 634
10 95 9 7 307 438
26 100 25 7 378 476
5 91 5 1 454 571
6 98 11 6 322 576
36 7 18 2 554 701
56 88 8 5 355 434
87 2 27 6 303 462
71 6 29 1 394 677
33 38 10 1 562 663
59 15 24 7 500 683
74 16 11 7 289 394
54 72 28 7 416 584
100 46 7 7 407 643
81 20 20 1 708 800
34 79 25 5 208 370
82 99 16 1 474 612
58 20 17 5 423 688
19 66 13 3 481 648
30 27 23 3 274 355
50 88 5 1 686 747
13 20 29 4 411 611
22 70 10 2 385 608
27 45 12 2 407 679
66 89 15 3 528 644
91 40 30 5 630 709
63 5 13 3 395 669
85 15 12 6 340 594
42 98 13 7 559 763
32 34 15 4 366 454
30 29 27 2 421 560
51 84 14 3 472 594
44 94 25 1 444 731
51 92 12 7 408 667
43 35 15 1 561 653
66 75 20 4 411 497
17 28 25 1 632 701
31 9 5 4 612 708
80 42 25 2 491 665
57 30 16 7 503 716
34 37 5 7 429 614
67 13 11 2 482 577
26 52 16 5 240 516
13 57 7 7 570 790
51 73 7 3 494 648
14 80 20 2 467 691
90 2 23 7 450 613
26 15 12 2 213 318
87 79 25 3 385 511
5 56 16 6 361 472
47 1 16 2 383 489
60 35 18 7 606 712
21 32 25 1 212 465
68 69 22 3 284 392
3 83 17 5 201 304
49 9 20 7 676 797
2 21 24 6 419 610
13 54 18 7 541 772
86 55 5 7 322 519
86 23 21 1 492 615
72 71 8 2 264 442
50 64 7 4 694 793
12 37 15 4 424 704
89 98 24 3 634 757
39 84 15 7 246 496
19 63 19 3 493 659
11 58 27 6 452 744
10 100 10 1 531 718
99 30 6 7 530 755
70 74 12 7 538 722
41 99 12 4 467 750
29 25 30 3 221 399
83 2 10 1 201 428
41 35 10 1 548 629
78 61 23 7 631 778
75 30 6 5 355 498
98 96 17 3 223 518
20 29 23 5 625 688
81 93 8 5 589 794
95 93 17 6 507 785
62 41 8 7 369 615
12 84 13 4 587 654
90 58 15 1 374 666
40 66 14 4 512 580
26 43 11 5 540 712
61 80 22 4 622 799
97 51 19 4 673 799
17 10 23 2 368 552
70 32 24 4 617 756
52 7 12 1 334 488
2 33 16 7 368 590
82 32 22 4 343 607
99 47 7 5 514 670
69 33 5 7 417 694
91 99 27 6 351 584
16 85 14 6 634 779
3 88 10 5 304 485
3 57 27 1 360 432
69 16 16 7 382 567
15 38 8 5 584 755
96 62 24 3 524 752
68 13 5 7 697 778
10 83 6 7 355 546
32 29 26 7 265 463
51 39 30 3 234 296
87 25 30 3 362 531
50 77 17 5 330 546
100 69 11 2 451 519
77 77 7 1 557 713
60 67 23 7 399 461
36 95 6 6 595 666
61 29 21 7 620 734
87 14 18 6 420 543
64 7 10 4 483 754
61 38 14 3 647 778
98 23 14 5 440 601
91 50 6 7 363 589
50 98 24 1 403 546
2 56 16 7 349 542
97 93 17 1 570 687
37 49 23 2 233 385
75 58 21 2 636 737
56 34 23 7 499 695
89 75 25 5 604 744
11 2 10 7 342 504
64 49 13 3 381 569
1 57 27 3 316 534
38 53 18 3 331 473
37 20 18 3 358 625
24 24 27 3 316 469
84 65 22 6 406 648
80 80 23 7 246 525
4 80 12 3 509 749
14 26 6 1 570 736
89 93 20 2 460 610
48 68 17 2 322 593
4 85 5 4 225 447
62 61 11 2 608 719
2 60 24 2 414 512
86 30 8 5 457 654
90 9 24 4 393 626
39 56 20 2 323 434
81 79 29 4 385 531
100 10 16 2 538 680
95 74 30 5 482 686
80 58 23 7 226 399
42 20 13 5 465 704
30 33 29 5 278 388
53 75 11 1 653 795
75 10 7 5 499 759
86 67 11 1 461 621
22 15 11 1 388 540
61 42 23 7 294 446
43 49 20 5 638 715
18 30 19 3 392 656
14 31 15 4 615 736
37 82 8 1 354 645
45 75 24 2 573 668
49 100 7 5 215 375
93 65 6 1 465 765
51 57 16 5 556 737
87 41 12 6 250 316
17 57 14 6 432 585
83 71 21 5 350 483
76 76 5 3 351 594
64 83 15 6 385 563
18 52 22 3 334 618
8 95 20 1 333 477
57 25 20 3 670 771
28 77 16 3 560 778
15 54 8 1 301 589
38 45 21 1 460 747
33 68 6 4 263 510
61 56 6 5 493 609
27 82 9 7 510 700
40 19 15 2 308 567
69 79 9 7 286 527
57 85 29 6 515 577
75 55 18 1 486 580
84 75 30 3 394 687
54 52 12 3 413 649
3 34 6 7 648 766
33 10 18 4 453 607
75 44 18 3 349 492
86 69 7 6 427 599
27 41 13 7 509 779
39 87 20 1 304 574
49 33 18 3 325 444
20 92 6 4 252 397
23 62 20 1 256 450
79 58 27 1 385 568
72 53 5 1 381 646
23 50 14 7 524 689
46 48 5 3 240 351
93 72 24 5 386 494
53 27 30 4 532 657
25 84 22 4 353 447
1 3 29 4 278 456
42 80 13 6 263 501
80 95 10 7 269 330
4 34 20 5 465 686
57 20 27 7 643 739
45 91 26 5 332 501
43 3 27 5 419 583
73 26 8 4 211 334
75 65 28 2 486 553
77 20 15 6 256 363
30 83 9 2 467 696
54 5 12 1 312 452
5 64 21 5 437 596
4 82 28 2 424 649
84 42 21 2 351 432
83 0 27 3 379 449
97 6 24 7 287 362
73 49 29 7 548 691
6 55 24 3 524 711
77 94 21 4 279 577
78 30 16 6 600 788
90 21 14 4 587 669
95 87 28 1 345 429
34 80 16 5 350 451
65 16 16 2 511 750
10 57 19 3 440 655
94 75 26 4 205 469
72 50 7 3 539 768
97 61 29 7 362 441
81 17 22 1 510 763
61 93 16 7 434 624
80 68 5 4 592 661
39 12 7 4 484 763
28 38 17 7 555 679
47 9 17 3 297 437
24 37 30 5 320 386
5 30 26 3 329 414
52 63 5 4 226 371
92 5 14 2 619 746
82 82 10 6 254 501
63 47 28 6 353 507
43 34 20 1 486 673
86 43 16 7 488 595
71 65 9 4 341 506
73 44 27 3 512 737
47 80 8 4 652 794
83 64 17 7 444 653
51 47 14 7 207 390
70 4 23 4 502 600
64 65 5 4 251 413
4 78 8 6 303 370
4 13 10 6 503 796
97 83 25 5 422 521
4 73 15 5 445 528
78 32 13 1 452 555
69 34 30 3 220 311
0 41 8 2 586 694
78 27 10 5 311 495
44 72 16 2 455 558
18 54 18 4 552 661
4 81 5 5 594 714
67 76 22 5 620 734
12 98 12 1 326 583
75 28 9 2 497 628
48 82 8 3 684 775
72 99 14 5 448 544
6 53 15 7 485 559
69 26 11 6 568 696
27 44 9 6 483 761
9 32 6 6 204 336
94 65 14 4 387 601
50 24 23 2 507 800
16 6 11 4 529 687
24 55 17 4 686 766
49 69 14 7 300 456
81 21 29 5 331 625
24 38 12 1 472 683
82 62 30 7 253 376
72 64 27 1 218 391
23 46 20 2 692 774
54 6 19 7 267 391
28 8 14 5 449 612
53 77 14 4 526 673
71 0 25 5 476 674
100 89 5 3 614 719
35 16 18 2 329 396
67 91 12 6 621 773
4 11 24 5 513 702
21 68 6 2 220 322
87 44 27 3 579 713
92 10 29 2 528 725
49 85 10 2 452 639
56 21 10 1 489 595
13 95 22 4 342 595
28 99 5 2 373 444
85 33 15 6 450 735
98 56 8 3 334 510
96 38 6 1 519 769
99 51 13 6 597 763
74 81 24 5 493 667
76 77 8 3 517 579
2 9 5 4 309 467
92 56 22 6 536 689
42 31 12 6 201 372
28 35 22 1 350 641
49 56 14 4 524 616
47 63 24 5 464 527
38 71 21 6 279 354
81 50 5 4 235 410
49 7 8 6 421 501
92 36 7 6 203 464
39 29 14 3 322 388
6 6 24 6 418 668
16 1 6 2 417 481
68 50 9 3 239 337
73 28 25 4 561 776
72 45 26 7 443 618
9 85 23 7 659 786
100 39 15 3 559 709
69 42 29 3 644 787
67 15 24 2 308 606
61 57 21 2 208 413
31 39 8 6 538 664
12 12 9 7 257 373
63 46 30 2 466 527
45 78 24 3 450 610
81 100 12 7 419 532
83 35 18 7 431 530
54 41 24 3 492 736
25 80 30 3 658 798
61 2 28 7 492 586
100 81 23 3 443 515
23 36 7 4 522 689
87 27 7 5 663 765
95 28 14 6 253 537
49 63 15 5 435 730
31 23 28 4 253 526
92 0 26 3 547 676
81 48 19 7 558 751
64 59 6 3 350 540
62 47 7 1 256 463
90 70 6 3 254 450
37 92 18 3 457 554
9 70 6 7 278 495
74 41 10 5 440 515
54 40 11 6 305 453
5 68 22 7 225 377
31 1 13 1 468 600
55 49 28 3 339 522
81 18 12 1 245 375
11 67 24 4 454 531
17 85 14 4 529 600
27 81 8 3 577 732
68 52 9 5 609 701
27 4 30 2 343 546
49 84 9 3 652 725
39 91 21 3 412 569
54 83 24 5 447 712
87 42 29 2 453 700
58 82 17 5 296 520
91 58 18 2 667 764
66 53 10 4 348 539
77 40 15 3 298 465
48 76 15 2 355 446
29 92 30 2 313 579
85 74 27 2 300 407
55 64 17 7 459 589
16 54 9 1 618 777
74 7 25 2 408 625
0 97 10 4 464 573
32 69 23 6 313 546
91 73 7 1 358 637
33 93 19 5 714 787
25 24 20 7 462 560
69 40 27 2 535 752
7 40 9 4 238 393
24 3 18 2 378 599
78 79 20 1 452 549
16 40 7 4 470 685
4 49 22 1 458 629
17 71 16 4 371 461
94 99 28 3 226 444
47 0 24 1 324 449
11 20 24 5 488 761
35 9 21 4 471 574
79 59 10 7 422 721
95 66 21 3 312 586
3 53 25 2 618 715
18 75 20 5 532 646
85 23 12 4 558 678
21 23 14 7 359 488
44 16 14 2 339 418
11 74 10 1 480 630
56 79 11 3 642 744
85 84 24 2 596 755
100 83 22 6 229 465
26 83 27 4 471 641
78 13 6 5 554 669
50 81 7 2 578 713
80 78 9 7 544 614
3 87 9 3 515 682
46 77 27 7 644 733
11 13 30 1 283 468
14 7 20 3 232 460
61 100 25 6 421 646
57 99 30 7 484 565
15 15 15 3 302 396
94 83 26 5 473 543
51 50 29 7 466 652
73 17 22 7 250 374
52 33 30 3 512 745
17 7 12 7 685 768
39 36 25 5 490 723
14 56 10 3 589 690
95 31 5 6 394 687
1 98 14 6 346 499
45 10 22 6 332 406
88 4 24 2 293 454
10 58 29 6 425 585
98 36 22 2 560 761
68 22 10 7 618 703
68 67 23 5 620 697
80 21 18 1 302 508
13 3 6 6 383 566
14 89 17 4 409 490
0 87 21 2 265 559
18 2 28 1 268 364
76 19 20 3 291 498
23 37 14 5 259 512
14 73 15 7 467 639
21 84 28 7 299 551
4 32 9 7 450 618
6 18 28 3 235 474
44 25 25 5 241 338
24 57 26 2 606 712
10 43 18 7 284 428
74 26 24 2 202 478
1 64 29 3 353 425
17 49 12 5 599 783
12 76 18 1 225 495
85 5 21 2 648 738
4 23 11 4 421 613
85 54 19 6 603 750
73 11 6 3 313 388
18 62 11 5 395 596
54 97 5 7 349 446
87 64 21 3 341 433
95 35 12 2 659 763
96 74 14 5 342 637
70 91 24 1 528 708
36 64 17 1 350 511
33 67 12 1 475 642
18 66 12 1 460 526
88 36 25 4 208 477
25 88 27 1 205 454
59 37 8 4 318 591
65 95 23 3 467 764
35 36 9 5 375 539
92 85 15 7 590 670
71 42 12 2 519 663
79 73 28 3 309 602
26 17 16 2 665 760
47 43 13 1 518 724
32 80 19 7 310 403
33 66 11 3 580 731
88 95 26 7 686 747
99 4 15 7 620 795
74 78 14 3 484 737
26 14 21 3 439 735
13 73 19 4 360 531
1 24 27 4 245 402
24 52 15 3 259 336
24 72 19 3 629 690
20 70 27 3 503 733
38 78 27 7 497 648
25 27 22 2 301 449
85 97 7 4 301 567
55 3 13 2 621 755
74 2 11 1 329 511
60 39 30 3 467 682
34 93 12 7 573 702
11 64 18 6 280 427
56 43 25 6 218 421
11 54 15 3 250 330
29 7 19 7 553 646
93 69 12 1 276 458
65 81 22 3 539 613
15 74 21 5 220 338
73 22 8 4 638 760
22 78 13 4 457 661
36 88 16 1 544 734
59 46 19 6 245 437
12 30 8 7 514 618
90 88 10 7 217 479
99 37 24 3 358 588
13 31 13 2 569 736
37 8 23 3 530 733
57 95 25 1 605 720
88 61 23 7 498 621
69 76 19 5 641 718
82 76 10 2 238 418
35 92 8 3 498 672
46 89 11 4 531 782
59 78 12 4 513 745
20 100 5 5 335 598
51 94 8 7 381 538
16 39 24 7 397 659
97 73 25 6 449 723
15 65 15 7 415 587
92 52 26 1 583 654
19 31 18 1 481 672
37 24 16 3 611 671
0 27 15 7 251 426
95 100 8 6 241 309
0 45 9 6 569 690
12 49 9 4 540 736
29 81 10 1 433 552
88 39 10 7 234 467
51 49 6 1 296 391
64 39 10 3 379 640
56 47 14 4 455 572
61 83 13 7 592 750
65 14 25 1 546 606
49 20 15 1 299 393
43 86 6 6 600 671
37 93 7 5 530 603
27 80 7 4 676 792
17 3 13 5 379 511
26 80 8 1 388 503
64 3 30 2 251 489
97 11 5 3 559 798
76 25 18 2 205 275
95 72 6 4 271 467
92 24 27 6 536 797
89 61 28 5 380 523
83 69 5 2 337 525
78 41 7 4 561 659
89 73 8 2 332 522
57 71 21 6 408 508
85 10 14 1 212 323
31 46 10 4 459 537
39 64 19 6 550 666
15 14 26 2 460 753
2 11 21 5 264 425
18 59 29 3 487 560
0 30 14 5 382 648
50 66 5 6 579 686
92 19 6 5 305 565
90 4 11 3 418 696
54 91 26 6 313 412
60 36 24 5 465 558
48 40 13 5 545 651
3 16 6 2 538 684
51 3 13 7 550 632
80 48 29 1 206 486
58 86 9 4 404 526
95 18 17 5 547 745
79 96 20 5 511 760
95 21 9 3 392 488
100 70 8 7 287 536
40 100 19 3 519 619
69 1 12 7 618 697
7 17 15 2 589 735
26 64 11 6 320 502
18 96 28 2 222 355
78 35 28 7 222 379
29 8 7 1 441 676
18 40 9 4 312 436
98 61 11 1 327 617
2 37 15 6 533 668
13 4 28 2 498 768
0 2 29 1 265 344
97 18 7 6 226 489
93 45 12 4 551 703
17 65 26 1 698 793
89 28 16 6 221 359
45 36 7 1 215 415
16 31 8 6 599 718
98 58 11 5 440 729
76 41 24 6 536 727
72 69 15 2 509 659
9 95 11 6 524 652
49 86 14 2 447 728
26 86 29 3 263 504
6 38 20 1 401 628
75 82 8 4 207 401
51 75 5 3 217 312
1 41 7 6 372 468
48 86 14 7 212 398
64 68 9 6 553 688
80 44 28 3 631 748
48 41 26 5 365 557
38 23 20 7 263 402
71 80 22 7 249 547
55 30 10 3 548 671
39 96 21 1 416 676
40 25 6 6 415 574
33 1 5 7 391 520
99 12 29 3 209 283
51 89 7 7 365 559
20 88 26 1 416 616
5 37 14 6 470 750
33 63 11 6 640 733
55 94 24 1 614 781
57 72 19 3 441 720
83 34 11 3 408 511
64 31 18 5 600 676
98 30 18 3 284 544
28 60 30 1 222 441
53 52 23 5 498 571
57 97 10 3 342 479
58 69 28 7 487 661
24 70 8 3 322 492
100 64 20 6 443 506
24 61 28 7 353 634
2 72 11 1 464 564
78 86 30 3 242 409
89 27 15 7 557 644
28 46 22 2 519 694
52 47 19 1 275 543
100 6 9 7 289 469
40 88 5 6 282 507
66 99 11 4 581 794
71 56 16 2 217 376
99 19 29 2 310 496
32 91 6 6 322 394
53 48 8 7 577 665
11 18 23 2 352 578
35 41 29 5 464 706
27 60 12 6 595 775
3 81 15 2 427 718
52 77 17 4 437 515
30 98 18 1 535 635
36 43 6 4 413 501
35 4 27 1 389 498
18 17 15 5 380 673
76 66 27 5 410 583
38 59 26 5 240 467
26 47 17 3 445 576
91 16 11 7 246 335
65 3 28 6 484 619
87 56 7 3 560 763
38 20 11 5 420 672
64 89 6 1 606 684
97 92 30 7 429 562
84 96 7 7 285 560
28 51 26 2 506 707
49 91 21 7 543 767
22 51 22 3 307 373
27 17 24 5 400 519
69 68 7 7 452 513
11 39 7 2 659 748
57 38 22 1 435 710
83 85 9 2 578 728
31 100 14 6 464 707
11 100 17 7 335 542
72 55 18 3 299 578
68 4 19 5 240 488
94 47 18 6 561 657
3 28 15 7 367 593
79 2 28 2 379 493
63 55 11 6 624 704
75 14 25 1 278 379
97 7 30 6 721 789
79 41 11 2 570 709
1 9 12 4 483 781
70 41 30 5 479 741
33 16 25 5 535 645
93 36 9 6 324 504
96 52 17 3 285 362
61 48 16 3 391 484
90 66 16 1 485 700
39 65 19 3 233 431
62 89 15 4 565 667
2 62 22 3 254 454
76 100 20 2 498 712
42 28 17 5 515 797
67 20 25 6 602 798
68 48 28 7 599 697
23 31 11 5 517 705
74 54 28 4 571 665
26 93 11 6 601 747
42 7 11 3 429 574
15 59 22 5 482 641
62 20 16 5 285 424
86 89 21 4 263 424
94 29 16 5 359 575
37 14 9 4 235 341
81 7 7 2 228 305
43 4 8 5 696 769
37 98 5 6 607 765
69 20 6 3 681 745
73 2 13 4 528 788
67 74 7 5 267 349
56 100 23 5 631 695
34 33 25 4 421 489
73 61 10 2 482 719
76 50 9 2 242 463
33 62 14 1 291 514
32 15 7 5 507 732
93 100 9 2 517 679
12 47 25 7 237 373
37 81 24 3 330 556
14 20 5 1 409 510
46 56 23 6 414 558
88 5 14 5 440 672
62 91 6 7 340 587
81 66 24 7 295 395
19 9 30 7 434 589
100 98 8 5 213 468
74 99 22 4 219 311
37 94 10 1 374 501
58 59 9 3 388 575
100 87 8 7 236 367
60 6 29 6 484 755
26 29 10 2 283 482
70 71 13 7 345 619
38 5 6 1 230 365
6 29 16 1 438 658
80 94 15 7 510 641
8 10 29 6 459 623
95 27 13 6 407 664
90 59 17 4 436 531
15 28 17 6 207 491
3 39 25 2 721 797
79 66 24 1 300 403
53 14 26 2 572 701
44 11 19 7 319 527
81 67 21 7 405 532
31 12 6 3 406 569
8 70 24 4 369 636
70 0 28 5 635 794
53 55 21 6 497 696
16 15 16 2 425 664
81 34 13 4 246 526
39 75 29 7 361 465
53 21 5 2 545 636
98 49 28 2 685 748
6 10 17 2 374 618
45 43 11 1 202 320
25 45 14 6 564 690
2 17 5 7 322 451
85 35 7 5 324 539
78 77 5 2 370 641
43 56 12 4 237 401
77 17 11 5 616 698
67 64 25 7 260 508
99 27 28 5 534 710
61 41 6 4 387 470
17 18 7 2 388 597
30 86 30 3 256 335
23 32 25 4 519 694
37 1 6 3 615 728
66 63 20 7 516 632
38 33 8 7 563 735
14 13 23 4 214 377
75 89 30 4 470 607
31 90 20 7 413 599
82 15 24 5 451 634
25 67 11 4 383 638
84 44 24 5 227 448
49 38 24 5 362 546
34 4 9 7 380 538
87 5 25 2 668 740
9 35 23 6 670 744
3 5 19 7 219 480
55 78 20 3 452 727
4 56 24 1 434 682
94 82 16 7 337 501
5 52 30 6 437 672
36 77 15 7 385 492
87 62 29 6 584 743
26 0 19 4 209 340
37 53 30 6 431 635
38 76 23 2 511 766
24 100 19 7 447 699
12 15 7 1 297 379
24 63 28 5 527 709
58 72 23 5 583 656
82 18 22 2 497 768
10 8 26 5 641 781
31 59 27 5 270 535
16 69 22 3 606 760
98 86 22 7 366 624
27 95 26 5 324 488
25 74 21 1 228 513
94 14 28 3 528 639
90 45 22 3 357 637
91 77 12 1 400 662
90 12 25 6 261 501
50 12 16 1 565 730
55 47 8 4 423 654
61 82 16 1 402 539
43 40 23 3 292 564
77 56 7 5 381 618
66 15 10 2 325 487
45 15 17 6 322 535
82 26 30 4 292 383
0 10 24 3 245 409
68 85 16 6 467 605
70 36 13 6 583 765
10 65 11 2 394 471
8 64 27 2 306 534
13 58 7 4 272 404
34 1 7 2 433 535
60 70 30 2 347 505
68 31 17 1 214 375
76 44 7 4 402 541
59 32 25 5 311 532
87 98 11 3 463 702
75 18 20 1 216 390
62 42 23 3 357 465
46 51 12 5 289 580
18 20 23 7 608 753
47 57 8 2 480 685
37 84 12 1 523 720
76 73 20 5 326 553
100 32 23 4 564 779
78 17 29 1 328 414
5 83 14 1 258 350
18 88 26 4 418 528
71 15 30 7 476 595
32 24 12 6 300 458
68 14 23 7 238 393
58 45 14 2 478 588
74 40 25 5 570 793
92 72 25 4 428 577
66 8 15 2 299 365
55 46 5 2 450 601
11 65 27 7 374 608
99 42 10 4 490 655
82 67 29 6 202 377
83 26 28 6 241 520
75 16 21 4 504 769
32 10 20 1 271 455
11 53 13 2 530 699
61 64 26 6 516 644
19 35 6 6 411 689
79 100 26 5 364 541
82 92 15 7 344 642
27 88 25 3 356 552
94 33 28 2 240 503
66 94 12 6 485 575
1 53 29 6 444 613
23 66 25 1 528 716
1 31 29 3 340 561
38 81 13 2 516 692
23 55 28 7 407 679
98 46 11 2 582 739
43 7 22 5 446 673
39 1 20 7 306 387
51 40 15 2 490 591
14 78 5 3 585 671
75 50 13 2 504 687
22 13 11 6 339 453
37 2 14 6 258 374
4 88 16 5 483 670
36 3 7 2 589 694
70 86 29 3 465 575
90 78 23 2 590 659
46 86 5 1 337 490
41 57 20 7 236 470
60 73 16 1 302 593
34 7 12 7 427 566
41 95 6 7 526 703
55 6 29 3 516 713
95 46 13 5 398 566
86 90 25 6 419 482
48 94 15 7 229 468
80 60 8 3 645 758
69 98 21 5 509 672
1 21 15 5 478 632
54 67 5 5 637 758
93 19 25 7 524 606
36 99 11 2 346 521
5 87 16 6 377 582
93 8 28 5 597 758
4 47 29 6 319 480
13 85 15 1 466 676
82 49 26 4 526 775
64 81 29 4 242 459
96 50 22 2 590 703
25 31 7 3 229 498
66 92 25 7 541 733
44 40 14 7 380 450
24 0 19 6 454 607
18 60 10 5 256 475
36 6 23 4 397 538
26 98 30 3 238 478
19 64 14 6 431 640
79 8 21 4 315 515
78 4 13 3 461 690
94 81 22 3 413 506
80 51 21 5 480 764
80 84 9 6 261 503
76 6 5 1 230 445
71 28 8 4 228 513
81 12 7 7 312 602
14 42 13 2 521 672
86 13 8 3 676 768
33 71 21 7 450 556
79 79 21 3 603 741
58 94 28 1 582 719
10 20 9 5 648 717
34 20 26 7 351 551
73 50 17 5 276 477
58 63 20 1 391 493
100 67 10 5 266 372
14 48 10 1 452 662
60 57 29 7 591 737
23 54 6 3 447 716
26 79 22 4 341 598
94 92 23 6 610 758
98 43 24 1 275 356
28 10 18 2 544 631
29 67 26 1 552 738
5 16 6 2 476 735
46 2 17 3 450 590
49 77 20 6 581 686
38 11 17 1 589 734
47 35 12 2 662 762
76 62 21 3 300 500
59 14 18 5 630 721
65 56 19 1 419 530
65 33 14 6 347 614
96 39 28 6 593 704
2 44 19 3 518 754
74 77 29 5 635 704
2 6 7 4 302 499
8 76 22 1 395 569
7 2 7 6 680 751
18 13 30 7 282 542
10 81 14 2 693 788
55 1 8 5 434 550
37 23 19 5 571 711
76 32 16 6 346 616
52 45 9 3 666 735
4 95 22 7 432 537
91 54 5 1 526 618
89 60 29 7 585 774
95 78 22 3 362 628
62 35 8 5 228 365
55 21 22 6 224 298
74 3 17 4 437 609
42 21 28 6 537 760
1 100 30 3 328 430
34 98 13 5 537 736
35 40 19 4 467 710
82 22 15 3 393 593
88 34 19 6 227 491
7 82 12 7 219 401
3 74 24 2 419 709
68 3 14 7 241 486
72 100 20 6 594 785
55 52 10 2 471 757
31 48 26 6 360 572
99 61 26 4 512 587
58 79 13 1 483 589
17 12 14 5 353 572
87 7 25 6 623 771
24 99 26 6 297 375
88 75 8 1 257 543
31 80 22 5 677 744
20 52 7 3 402 687
34 76 9 7 392 622
26 66 21 6 300 514
35 23 27 6 379 596
44 68 27 5 307 376
44 38 30 2 339 587
37 16 21 7 255 425
30 17 20 3 253 441
