1886
86 4 0 0 0 0
29 1 11 6 390 610
43 88 8 4 310 479
88 64 15 1 293 498
95 50 18 3 213 436
9 14 6 2 378 641
58 14 12 2 214 443
79 6 15 1 677 794
22 11 5 5 420 629
14 10 11 1 317 403
53 87 10 5 305 404
2 94 14 1 253 472
92 13 13 1 314 473
6 26 17 2 265 373
55 47 12 5 499 561
94 33 9 2 663 761
72 46 28 3 330 507
66 47 29 6 392 526
69 47 15 3 536 707
40 65 21 4 550 776
1 17 26 1 214 308
58 74 6 7 481 559
33 100 19 7 290 351
94 41 21 2 235 312
26 11 6 1 564 675
10 53 18 4 308 403
41 31 10 3 382 512
12 25 7 2 583 788
16 1 15 7 512 652
39 19 24 5 519 703
3 51 21 7 283 578
45 8 15 6 514 663
20 94 25 2 425 638
68 92 23 4 595 793
74 79 28 2 644 746
50 78 20 6 262 396
39 12 22 6 299 429
70 47 6 1 516 751
88 37 30 6 497 620
42 2 16 5 200 430
52 25 25 4 325 603
54 68 23 4 473 547
40 39 17 3 410 673
83 65 28 3 391 654
93 38 8 1 402 510
71 59 28 5 361 440
24 39 23 3 437 729
48 96 24 1 336 621
73 10 17 1 386 568
12 87 11 5 366 509
97 55 14 1 516 747
64 83 7 7 557 766
99 12 27 1 615 765
23 44 27 1 651 797
94 58 24 4 478 759
59 71 10 1 440 720
0 76 7 4 393 564
72 4 30 7 677 739
96 64 24 7 615 696
66 64 14 5 413 634
3 87 5 6 715 785
75 11 5 4 374 530
73 4 11 2 579 739
3 75 20 7 360 473
87 82 20 2 300 532
2 2 23 1 301 588
5 89 16 2 460 607
43 59 24 3 497 766
81 34 8 1 496 641
12 47 9 5 346 524
70 95 17 3 339 533
87 79 22 6 413 477
95 67 29 7 487 588
80 34 19 1 344 547
22 44 25 4 518 742
82 14 28 3 486 655
100 62 28 7 328 537
95 87 9 1 223 294
11 65 22 3 224 455
79 16 13 2 385 464
70 42 26 3 247 352
73 16 27 4 507 751
47 8 16 5 282 505
65 56 13 7 626 748
36 23 12 1 208 355
65 3 14 7 665 756
9 5 11 3 536 676
16 83 27 1 425 678
85 38 25 5 225 351
10 22 24 4 316 535
13 51 30 3 337 509
50 2 17 4 358 425
95 27 6 3 421 580
91 62 6 4 536 694
8 60 17 4 488 764
81 89 27 4 261 459
8 64 22 7 274 405
16 52 30 6 318 464
91 28 22 2 251 548
63 58 10 6 255 459
53 47 24 4 218 500
61 91 6 3 391 468
19 13 25 6 386 642
40 97 19 2 621 700
62 16 7 4 340 440
50 52 12 5 514 590
74 73 9 7 616 740
90 32 26 2 578 790
64 73 9 6 361 459
54 44 26 2 357 646
64 6 27 6 352 609
74 53 16 3 334 547
53 66 16 3 314 509
87 80 14 6 315 411
15 23 19 2 301 565
17 6 21 7 357 619
67 6 17 6 245 370
77 100 6 5 277 482
95 1 24 5 646 758
85 49 14 5 239 451
43 55 14 2 386 566
91 71 21 1 458 702
24 68 7 4 339 517
96 18 29 5 406 595
18 10 26 1 569 695
36 36 17 5 404 681
58 64 24 3 270 441
60 8 27 7 426 656
69 53 28 5 429 558
45 83 10 4 579 791
35 84 30 7 381 596
4 24 20 1 279 551
85 39 9 7 336 579
61 77 12 3 511 773
76 64 18 5 440 675
87 43 26 2 464 735
25 69 8 6 299 401
34 60 17 7 688 758
21 92 6 5 410 507
30 27 19 7 505 607
77 72 17 2 216 304
21 11 27 1 641 724
9 33 10 1 626 752
84 5 7 7 301 476
100 13 8 1 597 753
86 80 15 2 500 624
82 40 29 2 289 417
74 26 26 2 302 475
69 64 26 4 468 625
33 70 25 5 499 765
38 52 24 6 342 587
3 91 28 7 364 623
61 87 21 1 493 605
92 22 28 5 391 646
96 67 19 7 470 625
65 27 24 3 236 312
57 78 15 3 207 462
61 54 12 3 294 536
14 12 25 1 289 395
5 70 29 3 283 546
57 81 8 4 347 422
60 22 17 1 360 474
50 22 28 3 463 731
12 100 20 6 270 335
96 89 6 4 247 356
20 59 30 5 540 799
80 97 21 6 524 592
42 62 18 5 678 749
96 2 12 4 441 535
47 38 10 5 580 788
69 83 24 5 459 616
27 60 13 5 483 728
95 57 10 2 349 633
43 39 26 1 303 378
82 26 27 6 385 541
9 77 6 1 294 463
49 76 12 7 517 794
56 83 8 3 353 619
60 13 25 4 320 512
81 35 23 6 306 551
65 100 5 1 451 551
7 39 11 3 570 658
99 25 6 1 204 358
73 14 24 5 212 410
44 46 15 7 507 598
48 65 28 6 294 434
58 26 29 4 362 608
90 86 24 4 693 760
70 75 10 2 450 706
51 32 21 2 344 620
21 33 28 2 419 592
22 64 19 4 209 443
44 61 18 5 256 368
79 35 8 2 249 549
57 4 13 7 533 765
76 8 17 5 275 478
26 100 6 1 460 651
15 43 24 2 582 687
41 55 10 2 273 366
56 85 19 5 510 771
55 85 25 3 383 602
79 19 28 2 568 793
88 79 25 4 245 363
90 75 22 6 334 443
6 32 7 4 531 720
55 66 11 5 360 614
53 13 18 5 469 636
28 34 24 5 632 693
6 46 27 6 458 616
98 44 16 2 536 625
97 21 15 5 525 760
90 23 5 6 535 661
87 54 24 3 358 545
2 14 26 6 211 341
51 42 17 3 426 670
46 39 16 1 548 689
55 14 18 2 310 467
63 25 13 4 580 768
9 6 23 6 203 331
44 92 18 1 231 392
65 62 30 5 552 633
44 39 13 6 499 791
58 52 21 4 601 664
36 67 20 4 276 408
68 100 26 1 296 376
38 60 20 3 231 521
31 64 8 4 586 721
38 57 28 4 663 792
68 38 21 2 324 398
71 45 15 2 356 590
77 8 27 3 514 667
84 11 6 6 535 774
26 14 21 6 482 657
51 64 18 2 241 528
76 22 13 1 669 749
56 19 7 5 361 590
58 56 6 4 306 547
72 62 20 3 296 453
87 31 17 3 437 505
39 31 19 4 610 747
20 87 14 6 506 695
7 34 24 4 318 415
39 96 7 6 256 518
33 22 24 1 501 572
84 70 27 4 496 777
52 99 27 3 202 472
30 100 9 2 725 790
41 15 21 1 468 751
44 85 18 5 395 589
3 45 25 3 211 340
6 57 24 5 490 763
72 69 30 3 386 640
9 76 22 7 386 530
27 51 15 1 259 527
50 43 25 6 246 408
41 93 17 2 244 454
56 61 29 2 433 700
60 28 14 2 454 724
77 65 26 7 488 566
31 94 18 4 363 487
46 1 26 1 441 678
57 25 23 6 358 591
94 91 24 6 679 791
51 30 11 2 314 614
17 97 21 3 521 708
97 32 17 5 504 660
81 17 13 5 517 590
47 99 8 5 564 800
53 93 28 6 337 409
30 54 29 7 615 775
30 62 15 7 474 551
33 51 7 1 305 548
31 30 17 1 282 566
25 40 29 1 381 675
35 69 6 2 648 799
92 1 22 7 650 762
36 68 22 1 345 525
91 12 27 4 364 662
42 10 6 6 658 770
35 96 12 6 647 760
15 17 30 1 378 674
18 75 19 4 203 291
9 45 30 7 391 583
61 23 7 1 521 783
23 15 26 6 334 438
33 10 30 6 225 307
5 25 19 5 236 427
59 54 27 3 430 600
43 53 28 4 446 717
30 26 28 3 640 768
99 2 21 2 267 567
37 18 25 7 431 661
79 28 9 6 357 576
51 50 23 5 245 402
1 53 21 2 209 307
31 76 26 3 225 462
59 34 6 1 276 482
31 98 6 1 398 518
34 28 23 1 492 718
32 46 13 1 247 518
52 93 22 7 314 542
99 62 12 4 603 789
93 72 24 5 336 598
36 7 30 5 308 387
40 7 10 1 452 547
95 53 10 4 377 643
11 51 26 7 231 295
19 78 8 6 286 444
80 52 6 5 206 302
26 43 28 1 285 452
34 66 16 7 473 744
83 90 10 5 492 693
35 71 23 7 544 630
67 1 23 5 290 532
21 3 23 2 595 776
10 87 15 5 302 473
51 37 17 4 404 625
91 1 18 1 588 697
39 42 7 4 200 404
11 94 9 5 302 502
26 26 8 1 545 748
21 36 20 2 248 500
57 23 30 3 407 667
84 99 27 4 222 448
77 56 25 1 573 704
78 5 20 3 466 742
88 61 9 6 282 383
90 8 22 5 461 676
12 1 20 3 712 772
93 51 12 2 365 460
74 89 29 4 485 746
32 49 11 4 688 772
99 93 27 7 438 515
32 99 26 1 634 704
95 21 8 7 363 638
42 26 30 7 327 566
55 31 6 6 431 723
91 52 29 3 469 551
57 17 14 3 335 461
76 47 7 3 306 590
83 5 21 4 454 740
31 90 27 4 559 641
50 68 13 4 399 622
99 41 25 4 229 480
46 81 13 2 557 673
0 12 9 6 609 673
12 59 23 2 475 718
90 15 16 6 490 782
33 58 8 2 359 651
17 87 13 1 413 576
10 52 11 6 294 454
20 16 27 6 367 504
7 81 8 6 246 433
43 80 28 2 471 615
35 40 25 2 376 543
67 74 28 3 251 311
72 0 22 3 348 628
12 56 15 6 361 522
66 88 25 5 296 467
81 20 12 6 671 785
15 26 18 7 502 740
79 17 17 5 318 492
96 69 13 4 423 485
48 49 25 2 522 673
5 21 11 7 447 560
57 49 25 1 340 515
97 26 22 2 589 726
10 35 6 1 217 308
28 29 19 2 299 502
10 65 29 3 541 788
71 40 11 3 406 624
79 26 13 1 450 741
96 25 6 1 384 542
72 67 21 6 560 646
65 8 30 4 364 475
53 11 25 7 430 676
61 94 17 4 482 775
13 24 7 6 247 387
60 20 16 6 325 413
2 79 7 3 249 518
75 24 23 2 512 744
25 79 13 6 286 565
53 64 22 3 581 655
59 15 7 4 325 613
43 66 7 4 388 529
79 89 15 7 370 634
30 59 10 6 454 517
10 64 29 3 473 643
77 59 20 6 595 660
75 63 5 1 542 659
5 61 24 5 574 708
80 10 21 4 407 519
6 7 12 4 483 565
61 75 25 6 572 650
63 62 10 2 383 483
85 65 8 1 247 384
19 74 7 6 301 540
25 24 17 3 419 562
11 19 5 3 438 581
88 1 27 6 358 531
52 50 17 3 482 590
4 36 22 4 324 466
83 80 13 3 225 488
22 94 12 2 250 423
76 17 14 2 393 612
8 63 24 5 300 366
44 36 18 1 389 453
74 44 25 7 203 465
100 7 26 1 641 777
3 82 29 7 232 477
30 44 10 2 265 328
24 51 12 7 574 734
91 60 10 1 253 420
34 18 13 3 429 590
56 86 16 1 629 700
99 48 10 4 210 503
20 35 22 4 581 709
8 7 5 4 502 770
40 1 23 3 320 616
12 84 9 3 301 371
43 17 9 3 315 566
50 12 15 7 219 317
45 97 12 7 302 400
100 48 18 4 362 434
24 77 18 6 202 434
99 37 13 4 490 569
89 46 24 5 514 720
29 16 23 1 229 469
23 46 15 5 659 779
14 75 17 3 551 692
52 64 7 5 611 676
51 54 20 6 205 302
95 31 10 4 299 563
16 28 11 7 388 678
19 50 10 6 679 797
25 64 6 2 461 531
31 60 30 5 575 765
58 54 7 5 508 597
90 77 18 2 308 500
88 7 29 5 469 764
9 88 30 3 432 545
84 0 24 2 302 469
97 60 11 6 394 458
18 57 30 2 289 455
3 57 30 3 206 368
98 76 22 2 268 354
28 64 19 2 507 735
44 27 12 3 206 409
31 88 25 1 477 585
66 44 21 1 368 579
9 10 15 5 476 565
44 74 14 3 410 685
51 40 6 1 416 538
34 97 26 7 324 411
58 5 17 6 264 505
94 56 14 5 473 687
68 83 11 5 684 770
53 94 24 4 272 420
80 46 20 7 559 645
88 53 22 4 328 474
24 45 5 3 435 569
36 66 11 2 321 587
91 27 6 7 532 688
21 82 12 5 282 436
25 16 26 1 569 636
19 7 14 3 327 595
29 48 6 6 604 782
46 17 23 4 238 446
75 77 15 4 507 732
48 78 7 7 322 402
88 65 16 6 476 674
26 34 27 3 374 617
62 47 20 5 291 562
16 67 20 1 353 489
91 74 29 7 287 512
59 68 7 1 419 637
25 25 21 4 466 675
23 50 24 1 423 692
33 57 22 3 373 616
48 11 28 3 455 719
45 50 11 2 674 793
73 88 30 4 309 393
34 56 24 4 581 747
36 54 5 3 495 643
71 5 7 6 239 425
61 83 15 7 224 483
91 88 13 7 555 725
70 88 20 2 208 282
92 77 14 6 463 592
18 81 30 5 496 618
12 64 14 1 565 707
94 81 14 7 411 658
58 31 29 3 275 339
45 55 19 2 492 711
95 14 22 5 417 601
25 35 20 6 532 707
45 79 22 2 622 747
31 5 18 3 560 687
3 78 10 2 351 562
86 1 22 1 440 569
33 15 24 4 532 752
66 20 25 2 452 597
99 54 25 6 487 566
11 27 11 4 319 575
67 82 26 5 268 545
8 14 30 2 277 550
56 73 6 3 226 428
60 44 24 6 619 707
75 68 28 5 472 671
68 8 19 6 453 529
20 57 5 1 284 435
34 44 12 7 576 766
54 21 15 5 305 427
23 45 27 4 274 370
15 65 6 2 200 475
53 4 30 2 384 625
48 43 18 3 266 430
90 65 11 4 385 593
45 78 12 4 321 616
71 50 7 3 226 348
61 70 8 5 416 698
50 74 21 3 619 738
37 85 13 1 586 677
17 2 17 6 585 745
30 86 15 2 579 720
63 73 25 3 452 670
73 86 26 4 687 749
32 65 25 3 362 568
44 30 22 6 350 569
31 81 24 6 241 339
26 85 30 5 256 533
38 93 18 6 599 794
91 96 28 5 711 783
18 83 19 1 578 684
51 31 6 6 385 530
49 18 18 3 475 689
46 88 7 7 404 474
46 34 16 6 234 466
24 80 21 1 539 692
74 54 20 3 348 510
71 3 8 3 607 775
98 83 23 5 257 394
37 7 22 7 408 634
2 6 21 3 410 574
59 14 20 2 270 530
20 97 20 4 414 710
13 58 25 2 292 439
38 68 21 1 232 319
70 55 22 4 288 504
67 52 19 4 453 540
28 23 5 2 512 724
11 47 11 5 557 794
27 73 15 2 405 670
19 67 16 4 596 705
55 100 24 2 524 703
35 29 30 3 368 645
33 27 26 3 300 436
2 33 13 5 429 638
53 48 14 3 471 670
62 23 9 6 366 645
43 7 25 1 305 492
88 87 9 3 257 465
2 65 7 7 594 725
13 47 25 7 585 692
30 69 25 2 256 357
20 3 22 6 404 587
95 36 30 2 495 737
60 57 8 6 227 471
19 91 26 5 421 526
93 32 9 1 541 636
78 50 27 7 279 446
41 50 25 3 439 599
98 65 22 3 338 480
92 83 17 4 383 478
2 5 17 2 461 673
73 94 17 2 351 601
78 88 11 6 668 773
20 60 24 6 424 691
46 35 23 3 622 798
57 95 11 3 243 540
88 74 12 7 264 440
92 46 5 3 252 446
80 84 20 4 248 483
44 21 13 7 440 703
7 78 12 4 247 491
94 22 18 3 592 659
58 25 24 5 530 698
7 62 6 6 513 748
70 64 9 6 358 655
59 100 30 4 550 624
27 84 18 5 387 514
66 65 9 1 573 760
93 50 11 1 311 384
76 16 7 5 430 704
39 69 25 5 433 661
31 21 13 4 240 456
17 56 16 7 279 478
49 86 12 5 323 554
85 16 19 6 445 544
91 93 29 6 549 760
84 81 8 3 287 402
71 87 19 5 279 514
40 80 7 3 323 505
87 75 24 4 442 671
77 30 23 2 448 623
69 68 11 5 569 788
49 73 22 5 446 535
97 13 14 5 540 652
62 42 17 1 670 753
82 58 23 1 212 463
5 27 15 5 205 304
65 81 27 7 633 742
96 11 12 2 551 792
20 9 6 4 599 761
24 6 28 7 266 362
15 90 8 4 209 489
98 97 17 1 639 701
71 53 5 4 512 599
10 34 29 6 423 490
64 95 26 5 351 488
89 41 24 4 406 674
41 68 24 7 287 409
10 46 7 4 434 503
49 72 24 5 478 600
39 20 10 5 580 653
54 49 9 3 467 570
81 40 14 5 467 643
45 89 25 5 516 712
58 83 5 4 611 793
83 40 6 3 610 687
68 47 26 6 408 589
78 12 25 4 243 323
62 12 27 3 429 550
43 46 16 5 244 440
1 52 18 7 235 415
97 10 13 3 261 332
11 83 27 7 465 564
74 94 20 6 313 396
78 59 16 7 296 391
58 18 21 7 243 489
33 45 26 5 273 521
22 2 9 3 286 502
80 95 16 3 501 790
69 75 6 1 467 762
18 0 14 3 683 778
6 75 25 6 692 764
20 53 30 3 372 665
84 19 14 3 449 629
16 55 15 5 335 621
55 33 26 1 454 545
50 31 8 2 393 490
57 6 16 3 679 787
83 14 5 4 467 737
4 80 24 3 487 639
7 56 15 7 232 354
66 69 26 4 508 574
71 91 12 2 207 364
89 20 8 6 546 715
67 66 24 7 426 522
58 46 27 4 392 605
46 55 29 1 276 490
55 96 15 2 298 589
100 87 22 6 386 616
81 12 16 7 558 652
90 42 24 7 466 626
97 88 23 2 409 699
22 4 28 1 633 751
85 17 25 4 621 701
56 22 22 1 242 351
39 47 25 6 596 674
5 80 12 7 412 664
70 83 27 6 255 316
85 12 17 2 241 510
87 7 25 6 222 453
59 95 15 5 306 465
18 44 24 6 606 789
82 81 26 7 307 499
30 4 21 6 297 584
71 39 25 5 454 664
40 52 6 6 437 628
78 2 9 7 456 690
0 100 25 4 268 435
43 78 22 3 443 644
87 57 13 4 397 669
52 69 28 3 238 463
97 25 13 4 497 601
81 42 21 5 264 411
19 69 13 2 468 625
56 37 24 6 316 515
72 63 15 2 429 593
90 73 14 3 372 466
31 25 5 2 378 604
75 83 16 5 308 452
37 37 8 2 426 528
85 86 30 3 262 561
4 92 18 7 266 558
83 81 10 6 677 767
69 93 10 1 533 638
63 51 25 3 224 360
86 41 22 5 415 707
20 46 8 6 272 516
48 17 20 4 234 314
44 1 29 1 591 763
83 56 21 4 321 609
25 45 25 5 500 581
17 12 8 4 388 470
86 89 21 1 483 625
91 9 7 6 353 458
20 64 21 4 342 491
92 98 20 7 547 785
94 16 10 3 396 466
55 5 18 4 356 606
82 46 30 7 244 387
81 84 19 6 448 600
76 40 24 1 464 725
46 38 11 5 547 742
1 29 18 7 383 587
89 79 15 5 502 788
51 21 23 1 305 400
39 68 14 4 320 407
17 4 24 4 313 484
50 79 28 1 352 496
40 24 17 2 307 428
33 72 21 7 226 309
78 16 16 3 272 521
28 14 18 6 209 331
66 59 21 4 284 537
5 57 11 6 423 642
66 86 20 1 301 559
28 75 5 6 710 787
37 16 29 6 370 538
54 92 22 6 417 516
5 97 12 4 594 738
33 16 14 3 475 738
53 74 28 7 463 550
93 35 18 2 442 544
77 87 29 2 226 387
80 83 20 2 402 631
43 37 11 5 295 497
85 24 24 5 544 729
59 50 19 1 611 771
42 48 27 6 500 624
49 29 27 1 251 353
89 89 24 3 480 693
30 23 17 1 349 606
2 88 17 1 457 693
19 26 26 2 401 495
92 7 16 4 467 540
86 30 14 1 591 790
58 12 29 6 396 583
16 43 28 3 317 603
34 88 11 2 409 557
100 44 22 6 533 656
27 93 10 7 294 572
99 8 25 4 368 528
94 19 26 4 293 429
70 4 7 7 361 563
75 32 28 6 501 661
6 33 20 6 310 606
17 59 14 2 319 542
88 38 19 5 622 728
0 97 26 2 554 665
98 73 26 7 235 495
35 81 17 2 256 390
86 97 19 6 569 652
28 47 7 6 421 637
68 75 16 2 483 676
23 24 11 4 212 338
63 3 19 7 367 532
54 5 30 1 239 526
10 31 5 5 497 618
31 19 29 5 372 537
63 83 22 4 302 554
92 14 23 3 209 374
83 73 29 4 447 725
96 77 18 2 334 590
65 45 19 3 363 663
1 98 25 7 481 754
8 84 7 1 285 575
22 25 27 2 269 412
68 82 26 7 606 675
4 61 28 6 546 732
71 9 5 6 204 367
60 87 10 5 453 709
42 33 27 4 429 518
19 57 9 5 438 634
21 85 9 5 221 462
60 86 6 5 439 632
48 42 23 5 252 521
60 69 18 7 618 786
54 81 30 3 673 765
58 100 15 4 548 800
83 7 24 2 463 553
57 32 17 4 482 597
41 40 11 5 347 412
86 51 14 2 254 359
61 8 13 1 381 587
99 45 24 5 204 276
64 65 21 6 255 316
10 72 5 7 281 531
47 56 7 5 413 579
78 6 20 4 437 615
79 7 19 2 454 656
73 30 6 6 395 509
95 73 14 4 305 405
52 40 10 1 219 322
70 36 28 6 366 568
72 3 8 6 251 397
2 0 18 7 507 681
92 25 5 1 376 578
48 92 25 1 399 485
70 49 26 7 289 408
52 26 27 5 305 605
96 16 16 4 264 485
24 74 23 7 459 653
44 63 19 7 360 421
50 59 18 4 320 612
62 18 29 5 215 431
38 42 21 4 525 750
31 70 23 4 244 506
23 49 9 3 375 668
75 86 14 1 676 771
78 61 21 5 453 700
39 67 25 5 369 509
47 48 26 6 498 798
74 60 20 6 213 338
40 95 21 7 385 448
15 79 15 6 430 684
64 81 10 3 632 730
49 28 22 5 434 522
82 19 14 2 664 742
27 19 5 6 559 628
21 59 30 3 495 731
83 60 7 6 248 390
1 21 12 5 446 587
73 92 11 2 537 631
80 22 9 7 352 634
16 91 27 4 209 343
41 33 5 5 239 421
89 97 11 4 288 487
37 8 25 2 273 472
22 3 7 5 412 611
37 57 20 7 458 680
77 14 13 1 558 667
69 76 9 7 309 435
48 41 9 5 454 661
77 95 22 4 434 532
50 42 18 7 485 771
29 54 5 1 620 772
53 99 12 3 698 791
95 49 9 7 546 617
46 57 6 5 340 631
4 54 9 1 561 728
71 16 13 5 460 646
47 94 6 6 300 543
52 20 26 1 350 587
87 41 11 5 326 523
91 83 26 1 391 620
62 35 10 4 610 725
72 43 16 5 295 446
50 17 5 2 276 557
33 54 27 1 658 718
94 92 19 2 502 733
90 43 24 7 340 583
92 80 28 7 352 569
23 84 16 5 512 634
46 14 28 7 326 606
18 33 26 3 487 719
41 42 14 7 438 568
52 79 28 5 228 312
58 47 24 1 305 578
98 92 28 2 281 535
100 85 30 4 589 741
45 58 26 6 401 661
93 42 14 2 429 618
11 3 28 7 461 554
84 96 26 7 313 420
100 18 29 2 570 678
98 90 26 5 259 544
19 8 6 1 290 550
44 93 13 5 206 462
42 88 29 1 516 686
0 45 7 3 625 755
12 97 6 7 610 779
0 81 24 1 623 695
84 64 29 5 343 612
65 98 21 6 204 334
28 25 16 3 514 619
71 7 8 5 376 619
51 61 10 3 360 563
65 66 24 5 508 664
15 74 11 1 515 583
28 58 11 5 517 751
23 99 16 7 394 638
93 11 7 5 392 476
52 97 26 2 616 704
58 77 26 2 563 678
64 77 10 7 352 644
11 71 28 5 234 370
31 52 21 3 364 648
94 37 8 2 210 431
17 65 13 3 627 739
74 23 15 5 328 412
96 55 17 7 435 676
89 53 22 6 278 490
6 35 14 7 488 606
26 62 24 6 540 620
22 18 16 3 411 668
16 69 15 2 598 791
97 35 29 2 650 764
25 15 23 6 229 430
72 56 10 5 358 477
13 0 6 7 361 556
3 10 18 5 592 750
100 65 27 1 312 377
25 30 9 7 610 685
80 37 23 1 317 442
28 44 13 2 586 691
93 47 20 7 219 331
97 53 10 7 232 308
18 27 22 7 467 586
99 63 8 1 591 672
18 88 5 5 285 391
85 52 20 4 214 344
54 0 16 4 677 759
15 38 18 1 667 795
68 97 5 2 214 433
86 72 12 6 616 707
60 77 25 1 394 466
66 28 9 6 245 312
10 79 14 1 285 577
84 75 16 6 546 758
35 45 25 4 631 720
2 82 19 5 570 783
37 63 10 5 581 795
11 43 8 3 321 460
64 18 6 3 290 560
90 64 21 7 258 447
77 71 20 6 207 341
46 60 10 3 304 604
98 93 14 4 267 398
21 45 15 3 367 632
24 20 14 5 501 681
16 27 27 5 332 576
92 93 24 7 477 541
94 62 26 2 208 486
70 1 17 6 503 647
4 56 26 3 286 584
98 55 28 1 299 401
84 83 17 7 608 784
68 37 12 6 454 721
3 35 26 7 431 507
39 35 27 1 368 573
87 72 23 3 526 618
72 20 20 2 443 578
63 63 8 4 498 755
28 79 16 7 599 706
10 18 22 7 478 568
85 60 8 4 320 573
26 24 7 2 668 796
19 52 7 6 540 645
59 74 26 3 419 502
98 24 29 2 424 574
62 91 9 1 570 751
46 3 24 4 402 614
36 94 14 2 220 341
32 70 28 7 707 785
49 3 13 6 548 727
7 18 17 2 434 576
62 95 15 7 507 583
44 90 11 6 572 702
2 38 12 4 393 678
79 95 21 5 626 759
46 84 20 2 253 523
62 25 13 6 552 760
8 27 5 2 268 347
35 37 23 3 458 733
99 0 28 5 479 728
25 100 16 4 381 603
57 5 15 6 332 446
51 34 23 2 319 460
12 94 16 1 290 374
74 5 18 5 436 669
11 37 22 7 683 770
20 13 10 6 272 489
39 70 29 6 401 533
61 6 21 4 514 767
90 56 15 1 367 519
44 57 18 2 274 361
6 19 28 5 224 373
77 50 8 7 531 752
48 2 17 5 211 320
53 62 13 7 398 497
67 9 20 5 428 577
52 47 22 3 459 537
100 50 30 5 487 741
22 55 14 4 633 709
40 18 21 5 479 562
0 30 7 5 320 440
3 63 12 2 278 507
34 13 15 1 341 508
54 89 22 6 588 750
60 91 18 3 320 450
29 34 30 5 506 672
57 51 8 3 374 513
33 76 18 4 357 420
16 74 6 5 318 444
75 92 10 2 353 587
28 9 19 3 703 785
18 35 14 7 300 518
94 34 9 4 556 755
10 2 26 2 478 542
50 3 14 6 524 648
45 98 16 3 267 456
92 75 6 2 495 750
47 83 15 6 359 588
38 8 23 7 555 762
63 52 30 3 399 498
24 84 19 2 522 767
97 63 5 2 367 589
9 91 9 5 477 689
19 5 22 6 273 493
67 86 5 5 291 421
50 28 16 4 548 729
18 85 20 2 222 469
63 20 7 7 272 472
37 24 27 3 666 747
70 92 12 1 422 656
2 52 9 2 609 676
93 18 21 4 272 571
68 17 28 3 440 684
12 61 19 5 267 480
27 5 10 3 336 558
3 64 11 7 514 694
49 1 9 3 450 574
95 26 23 1 232 531
83 29 29 4 398 663
79 73 8 2 348 589
76 12 5 6 348 585
73 71 16 3 537 735
63 9 24 2 414 693
81 77 26 5 237 305
68 67 19 3 328 457
24 7 14 5 334 565
4 97 27 3 253 476
76 9 9 2 402 615
61 58 9 5 298 397
54 31 21 1 319 379
4 34 7 2 710 780
71 99 18 2 621 695
7 93 24 4 586 729
25 94 23 6 248 534
34 94 23 4 295 524
47 90 17 7 535 683
63 48 16 1 377 555
45 62 24 6 208 361
59 36 21 2 540 727
76 78 27 5 281 576
4 86 16 6 454 665
10 50 18 7 440 676
30 91 30 3 455 572
33 26 27 7 425 717
63 47 21 3 301 590
91 87 26 6 400 549
42 36 6 2 492 772
55 24 14 2 234 533
39 7 20 2 473 725
51 79 6 3 261 439
76 87 17 4 310 560
15 10 19 4 211 327
23 91 10 4 302 552
75 6 21 4 656 772
89 42 28 3 494 748
87 55 5 3 374 596
85 7 30 7 349 635
10 24 25 4 392 669
69 24 8 3 255 433
0 14 28 1 586 668
44 42 10 6 376 572
43 89 14 7 381 666
80 89 18 3 263 543
71 84 10 1 291 474
99 53 22 1 449 743
67 77 27 7 228 318
25 81 11 2 284 506
80 93 29 7 463 541
66 7 25 1 411 644
39 79 20 3 374 454
94 35 15 3 495 742
36 55 30 3 474 620
19 51 29 4 324 532
4 49 11 4 322 382
98 53 25 6 290 570
7 42 8 4 438 719
67 94 14 7 367 601
1 45 25 1 453 739
40 58 29 7 407 580
36 21 30 7 237 481
70 58 6 1 215 410
100 67 30 4 487 619
70 72 21 6 661 736
23 97 6 5 218 385
49 34 23 4 300 459
47 72 30 6 278 404
85 2 20 3 556 754
98 10 23 1 519 730
37 46 7 4 265 454
61 41 27 4 331 396
86 49 15 5 561 705
27 69 21 1 469 752
42 24 13 3 425 683
85 9 6 2 531 772
39 26 19 4 611 722
74 8 23 6 237 380
89 47 14 5 424 673
64 58 6 5 330 458
15 56 14 6 529 617
49 90 17 2 264 325
32 23 12 5 401 618
46 76 8 6 322 384
11 8 29 5 210 300
65 42 11 5 450 587
47 31 9 4 581 668
48 15 28 5 601 764
87 16 26 3 535 782
51 25 5 6 448 727
99 40 18 6 445 564
73 1 17 5 542 681
58 42 27 1 462 674
4 3 10 7 404 618
35 50 10 5 598 695
2 39 5 2 642 742
84 66 12 4 269 488
43 1 6 1 344 564
26 75 13 3 298 593
8 74 5 7 432 595
75 28 21 7 636 723
79 93 21 3 477 699
19 72 21 4 490 704
37 34 11 3 265 351
40 64 7 4 560 775
60 80 6 5 246 399
44 35 11 4 444 716
46 53 7 7 578 711
69 26 29 2 376 588
16 87 11 6 477 593
52 94 29 4 692 776
9 19 26 6 512 610
29 91 29 1 385 508
50 54 9 3 407 670
17 5 6 2 291 475
58 73 16 7 332 599
8 26 20 1 321 613
18 32 17 6 414 517
51 45 6 1 401 511
41 24 18 6 487 653
69 65 12 4 551 611
39 40 15 5 352 648
71 96 14 2 207 396
45 100 21 2 313 420
20 6 18 4 353 478
91 7 24 5 552 799
71 86 16 6 279 489
12 40 5 7 427 538
15 87 20 1 273 390
37 26 29 1 556 705
77 92 26 2 430 608
62 5 23 7 266 335
57 27 25 5 609 718
1 3 13 2 581 659
63 44 15 6 340 423
35 100 6 7 474 739
16 6 12 5 396 642
51 57 25 7 426 722
52 41 20 6 509 686
82 59 18 6 263 430
31 66 18 1 217 514
52 7 21 2 377 452
39 0 14 5 249 458
46 95 16 6 436 601
25 17 27 5 361 614
95 86 21 7 251 400
24 44 26 2 352 420
72 45 16 5 377 499
0 43 24 7 484 762
24 69 24 2 432 662
14 18 25 3 592 714
47 2 30 1 302 444
58 6 21 2 420 666
27 8 8 6 526 797
9 50 9 1 306 544
88 97 16 2 310 419
11 32 20 7 629 779
84 31 30 3 250 383
83 2 7 5 313 600
64 96 5 4 480 629
99 7 20 6 373 444
73 91 16 7 536 745
28 5 27 2 546 736
4 32 25 2 483 694
60 63 5 5 347 499
55 50 19 1 453 574
72 37 8 6 318 502
87 59 7 4 546 793
20 39 27 7 377 596
67 46 15 7 555 638
22 33 19 4 238 359
66 27 13 4 684 792
17 42 18 1 494 686
57 72 6 1 238 519
63 24 25 2 644 744
95 66 23 5 329 423
59 45 13 4 332 598
63 26 26 1 608 747
43 42 27 7 551 631
72 97 20 1 326 481
17 31 26 2 617 686
20 73 23 5 227 452
68 46 25 6 336 553
24 57 17 1 363 658
38 50 12 1 230 411
1 84 29 7 324 558
63 49 20 6 231 527
9 74 26 4 247 405
100 17 10 4 214 410
8 54 22 5 506 682
16 71 14 6 405 683
58 2 6 5 349 575
66 62 6 1 252 316
24 36 20 4 368 444
25 78 26 3 325 622
63 1 10 3 601 785
77 42 14 3 211 408
61 97 24 4 437 501
12 8 14 1 402 682
61 66 16 6 280 540
47 1 25 3 222 403
3 38 22 4 314 424
27 76 23 2 365 627
60 61 29 1 291 580
27 40 29 4 525 595
66 31 7 4 252 382
30 21 6 7 239 324
84 91 13 2 280 487
6 36 7 6 288 354
47 93 20 4 370 622
30 79 16 1 472 736
47 25 25 5 375 654
98 16 12 2 329 491
72 7 17 4 277 395
33 24 15 5 354 467
71 6 5 1 201 410
51 83 28 4 412 672
33 42 6 3 431 687
42 91 29 3 645 764
23 51 15 3 395 618
89 45 15 7 402 480
37 69 9 2 373 529
40 70 19 2 238 313
89 61 6 4 259 429
84 3 19 3 514 742
36 78 28 7 649 736
54 13 5 2 639 762
53 17 23 1 209 298
0 74 16 4 392 520
88 89 25 4 441 728
6 11 16 5 467 547
76 72 12 7 257 428
8 30 6 3 615 739
15 66 23 2 584 712
31 40 12 4 441 569
63 87 10 1 547 656
75 15 28 6 276 555
10 44 18 5 455 580
6 100 26 6 483 579
89 2 5 7 255 384
36 82 29 2 350 458
91 94 10 7 534 794
43 11 16 3 347 439
21 87 12 1 369 431
47 28 19 3 383 516
49 54 6 1 710 796
38 21 17 1 518 715
14 100 11 7 511 599
71 63 6 4 336 477
51 23 16 4 533 759
4 27 10 1 467 759
7 95 28 1 448 665
10 30 27 5 481 646
13 32 13 3 264 344
90 79 23 1 458 547
52 51 28 2 393 645
6 66 26 7 304 528
81 90 16 5 449 580
60 33 15 7 446 533
10 0 20 5 302 456
47 55 8 6 311 494
77 7 22 5 472 747
8 76 30 4 432 627
98 51 9 5 477 613
81 26 22 2 573 641
38 90 25 3 567 691
61 21 18 5 376 626
93 63 11 7 527 787
9 90 15 4 475 549
80 20 25 4 288 401
94 39 27 6 264 369
40 78 12 1 449 665
23 31 13 1 511 729
6 13 23 1 343 521
2 77 10 6 447 730
34 34 8 3 312 396
99 23 23 3 692 794
33 37 24 6 362 433
10 54 20 4 517 687
52 70 11 1 489 758
41 96 14 5 367 517
62 59 28 5 277 511
79 9 21 3 497 758
47 50 27 6 491 657
31 29 30 2 336 633
37 31 17 7 276 543
78 15 9 3 307 568
85 0 8 5 740 800
47 37 8 4 437 734
23 39 12 6 418 657
84 13 9 5 282 546
54 90 25 1 554 720
26 58 30 4 524 662
81 18 10 2 392 533
32 96 23 2 318 403
13 15 10 6 332 533
40 36 27 4 648 800
100 36 27 5 376 606
30 41 24 5 291 590
67 64 17 4 321 504
82 74 17 5 715 796
88 91 30 6 328 614
76 79 27 4 492 764
71 30 5 2 336 453
76 27 22 2 258 403
39 22 7 3 465 732
0 36 11 6 395 688
55 51 12 2 312 385
84 16 25 1 466 602
14 98 22 5 647 773
94 13 14 6 516 765
38 62 12 6 522 725
24 50 26 5 512 587
15 30 12 1 301 490
9 65 22 5 472 559
8 97 25 6 450 541
50 18 26 5 455 624
39 72 8 7 409 539
2 4 28 4 333 573
88 98 23 1 429 561
38 7 27 3 357 527
6 44 15 5 410 569
19 2 7 7 321 492
28 90 19 6 418 478
40 87 29 3 244 310
92 58 20 6 620 737
99 29 18 5 533 632
0 31 17 6 336 503
65 95 28 4 244 319
28 69 14 1 302 571
77 89 20 4 531 761
15 0 28 2 228 366
34 40 16 4 286 456
41 88 25 4 381 527
45 65 21 5 408 651
39 93 13 4 380 455
95 72 26 7 450 739
94 63 7 1 626 761
51 33 27 7 236 387
97 81 7 6 303 592
86 76 19 4 551 715
73 8 20 3 299 576
19 99 24 6 488 594
14 69 13 6 368 544
66 9 14 7 220 324
12 10 23 7 505 586
70 25 25 7 510 697
16 70 27 6 405 641
60 7 9 3 541 653
20 81 6 4 408 495
65 79 9 4 388 523
38 56 8 3 275 437
33 56 23 2 322 524
41 0 22 7 607 793
1 7 29 1 234 377
15 77 25 3 529 792
52 88 7 6 291 464
48 61 27 3 733 797
80 67 28 5 442 615
46 29 7 5 345 436
11 68 29 3 436 680
10 36 23 1 551 707
54 70 5 3 242 367
82 10 27 4 227 472
7 79 10 1 432 528
88 60 16 7 478 673
94 6 18 7 479 543
8 20 14 4 447 596
66 41 10 1 502 774
87 46 22 4 342 451
61 53 30 4 274 337
1 1 11 5 534 697
46 40 22 2 377 514
76 14 28 5 275 346
20 0 24 1 417 513
6 85 14 4 418 508
83 55 10 6 465 545
41 63 24 5 589 660
21 90 10 2 367 504
73 44 18 2 266 426
8 66 22 1 417 628
31 57 21 6 385 622
78 17 7 6 344 548
74 75 29 7 626 717
87 34 21 4 378 584
53 81 8 6 505 790
69 80 23 3 628 752
10 77 6 7 375 435
98 67 29 5 443 544
53 42 14 4 361 514
21 20 27 5 211 507
64 17 19 2 377 468
17 37 16 6 431 588
91 99 19 2 246 340
38 44 17 5 353 428
4 2 20 1 543 714
68 54 6 4 558 679
39 44 6 1 463 659
23 17 22 4 220 410
88 48 29 5 517 592
44 67 14 3 420 529
96 43 6 4 208 485
47 29 24 3 517 667
64 16 20 6 417 549
44 0 23 5 385 503
13 95 6 4 276 448
3 72 26 1 548 707
25 68 30 6 632 758
4 4 17 4 305 494
7 24 20 4 496 741
40 16 6 2 526 742
93 30 26 7 419 643
42 90 10 1 331 460
5 94 21 4 408 606
29 76 25 5 375 490
60 15 11 7 323 566
92 69 20 5 532 653
78 62 19 5 459 629
39 71 10 3 255 461
87 24 16 6 219 414
29 12 23 5 252 406
96 23 10 1 291 552
86 64 22 5 468 740
65 74 22 6 443 505
38 69 23 1 489 608
73 24 7 6 618 700
90 5 25 2 508 608
17 3 21 3 697 775
82 92 21 3 563 700
20 23 25 1 497 786
18 30 17 3 607 710
77 58 14 3 468 682
23 78 28 7 294 482
7 100 8 1 420 583
98 54 17 6 352 588
86 100 12 4 213 500
8 87 21 5 403 476
25 54 30 1 577 704
21 46 8 4 272 413
7 85 5 1 499 768
72 15 27 2 511 574
13 64 20 3 201 275
73 0 14 1 331 565
86 93 19 1 454 641
22 43 11 2 241 496
6 25 19 6 204 504
18 79 25 7 620 733
13 54 24 3 251 337
70 2 18 6 334 586
63 40 24 2 412 582
17 17 6 3 424 548
50 46 20 1 543 726
18 7 8 3 491 716
47 19 9 1 603 725
80 90 26 2 350 455
79 72 14 3 370 591
6 60 25 4 427 585
56 44 9 5 713 777
54 79 5 5 259 350
53 95 21 1 232 417
19 32 30 4 564 686
35 53 16 3 398 655
38 94 27 5 434 647
24 89 28 7 580 750
76 83 25 4 405 596
79 94 15 5 635 782
64 41 23 5 490 695
60 55 22 2 527 709
88 17 15 6 452 577
81 60 5 6 411 608
94 70 28 4 448 553
63 32 10 7 242 519
77 21 12 5 540 765
56 88 11 7 523 694
82 1 24 4 517 726
70 40 24 1 371 573
35 1 13 2 681 790
62 79 23 7 371 623
50 38 27 5 307 450
6 50 21 5 255 472
56 72 7 7 224 329
56 0 16 2 412 666
87 15 25 7 273 397
9 29 16 1 304 428
96 14 30 7 222 491
56 69 6 4 269 523
66 43 26 1 401 467
13 6 29 2 641 704
98 8 12 4 546 799
31 37 28 1 547 743
10 29 5 4 353 416
8 72 25 1 527 590
74 82 19 7 219 496
94 52 30 7 419 701
45 63 25 4 226 440
67 62 17 4 202 443
95 29 25 6 728 797
82 35 21 5 264 492
77 75 5 7 402 632
66 72 25 2 491 785
65 2 6 2 522 589
19 56 18 7 525 793
19 38 8 7 327 445
30 55 21 5 297 488
2 50 27 6 598 669
95 7 17 3 289 452
66 75 16 4 477 549
17 30 6 2 438 525
99 91 15 1 272 430
71 15 12 3 406 540
23 40 5 3 541 796
55 56 16 6 375 492
18 54 7 6 493 661
65 46 9 7 405 631
1 63 9 1 279 461
100 10 22 3 318 493
57 45 14 3 220 400
23 43 14 7 378 508
96 36 25 3 513 794
56 90 30 3 627 723
46 77 12 2 526 680
89 54 22 2 391 612
30 25 26 7 690 800
87 50 22 6 439 735
2 69 13 6 213 362
9 69 27 1 451 702
7 25 25 2 514 641
31 82 16 5 439 525
49 10 21 5 548 617
87 27 7 6 285 569
87 20 5 2 420 545
95 42 26 6 481 644
89 74 28 2 535 775
8 96 7 2 596 783
33 92 27 3 625 722
69 95 12 6 443 620
52 68 22 2 302 601
43 99 26 6 289 350
88 77 14 1 437 710
45 12 26 1 483 632
35 36 20 3 571 663
18 23 17 5 639 788
76 89 23 4 536 606
35 73 26 3 415 618
17 13 21 1 234 493
77 85 22 5 688 779
67 95 30 2 270 515
32 98 12 3 390 568
32 16 21 6 337 616
25 28 29 5 440 584
32 53 30 2 387 487
75 27 22 4 609 718
100 81 16 7 469 548
10 19 20 5 235 317
22 60 26 1 258 428
66 21 10 7 512 687
62 92 16 1 269 483
21 73 8 2 324 460
29 92 29 2 372 628
58 98 29 6 428 631
9 0 13 4 516 597
17 63 15 3 474 548
19 92 10 5 340 453
78 51 28 1 556 741
67 33 16 5 236 367
49 36 17 6 303 582
79 18 22 1 417 581
36 47 16 2 201 434
36 89 18 5 695 791
66 66 7 3 234 505
31 100 16 5 316 423
46 52 19 2 526 589
34 52 16 2 266 355
39 37 18 5 611 685
90 44 13 5 621 730
76 70 13 5 693 794
84 1 27 2 445 693
40 29 7 4 661 727
12 24 27 3 251 442
90 55 27 6 476 730
58 69 23 5 329 518
21 60 21 2 420 649
71 48 7 6 304 415
62 0 25 2 277 556
81 95 8 6 491 733
12 16 6 5 287 440
70 52 22 2 534 598
86 43 13 4 363 512
7 94 17 3 563 648
31 45 16 5 353 448
25 14 16 5 297 509
63 10 9 5 560 657
71 41 16 1 403 587
25 93 10 2 359 616
33 77 9 4 511 697
30 40 22 6 644 782
4 31 13 1 319 532
32 51 6 3 333 542
50 71 23 1 456 718
39 54 13 3 432 720
35 34 29 2 482 752
48 71 15 1 263 384
85 37 21 1 297 422
75 97 12 7 209 370
71 0 23 5 288 369
52 77 10 1 422 502
11 9 22 6 235 385
53 51 30 7 347 559
47 6 10 3 381 492
95 69 16 2 444 654
8 33 14 7 489 684
55 54 7 3 333 555
11 25 29 3 226 389
48 31 9 4 697 770
88 78 13 1 442 580
61 15 28 4 275 337
39 56 25 6 304 395
85 59 9 1 273 474
14 93 24 6 379 475
67 72 25 5 361 509
62 66 16 5 505 773
46 21 20 5 483 722
87 26 25 5 356 602
52 73 9 6 514 787
12 15 25 2 268 499
3 62 18 5 217 475
65 28 7 1 289 529
30 96 23 2 363 594
13 76 7 4 338 572
33 0 5 2 491 678
42 94 5 1 484 598
32 57 9 1 499 585
45 87 11 6 223 385
98 27 30 6 200 260
64 2 23 1 425 699
80 18 7 5 514 664
84 67 12 2 483 595
34 23 14 2 267 348
49 89 14 1 217 297
91 58 6 3 361 514
14 92 6 1 408 657
50 20 19 3 234 524
93 24 5 2 281 446
47 18 12 1 501 698
54 55 7 5 567 691
56 81 9 6 471 739
36 100 22 1 368 502
89 15 27 7 501 608
5 98 18 3 355 597
88 47 6 3 388 580
8 42 20 3 461 607
32 82 8 6 565 655
35 76 15 2 535 746
8 82 22 7 525 633
23 70 23 6 429 726
46 62 8 3 305 560
76 61 8 5 454 587
61 61 6 7 531 651
93 14 7 5 471 605
81 51 10 3 399 614
49 7 18 3 714 783
75 94 10 6 237 518
50 100 12 2 436 577
11 88 14 7 347 469
40 0 12 7 669 747
94 98 16 3 226 319
20 28 10 4 452 520
46 50 11 7 270 404
48 4 12 4 409 583
38 78 25 7 514 734
74 31 17 5 274 519
80 63 10 3 534 700
94 23 5 1 481 579
74 91 10 4 347 506
20 47 24 2 469 742
4 83 24 3 486 743
70 51 27 2 438 615
42 5 24 5 450 601
22 66 18 7 255 527
88 18 11 3 491 682
53 90 17 4 581 695
52 58 21 5 271 551
11 35 29 2 271 545
16 10 27 5 420 497
23 94 19 1 454 646
48 28 8 2 479 658
16 53 19 4 638 758
60 92 14 1 538 757
99 98 25 1 346 578
89 51 16 7 295 546
10 9 29 5 487 733
74 72 9 6 423 487
77 37 15 1 232 354
12 48 6 2 435 642
28 0 28 7 217 381
58 86 23 6 274 501
59 81 25 5 309 566
29 73 24 7 518 694
39 14 28 3 287 502
70 35 23 3 205 475
34 10 18 4 231 447
92 70 14 4 453 680
57 26 14 6 288 457
20 90 16 3 357 450
87 49 11 2 472 651
31 95 21 6 349 621
58 84 22 2 276 378
57 39 17 5 406 674
22 19 9 4 345 604
21 9 7 6 383 577
44 41 23 4 548 766
61 78 15 5 233 389
72 84 11 5 531 756
25 80 29 2 292 469
5 73 23 1 200 302
46 37 22 7 596 700
44 29 22 7 429 524
63 43 21 7 435 612
3 52 12 4 329 509
98 2 8 3 324 426
95 90 9 3 376 606
64 60 14 1 361 607
15 68 5 3 279 346
96 47 24 3 328 608
64 39 23 1 231 323
82 20 13 4 330 459
35 20 14 7 213 471
91 59 16 5 627 770
79 12 24 6 463 622
36 20 21 1 202 391
29 86 7 5 516 625
22 16 20 4 241 332
51 8 27 6 270 474
100 73 11 5 249 400
98 31 13 7 562 779
82 49 16 3 629 800
77 4 22 1 370 615
55 59 23 6 428 645
51 95 9 3 393 539
24 60 11 1 470 762
89 24 28 6 508 657
21 16 8 6 373 600
72 44 17 5 633 792
100 40 9 6 434 650
85 41 19 7 677 792
73 74 26 3 403 642
6 17 12 5 679 741
88 80 11 6 206 289
44 25 28 1 312 493
59 17 29 4 336 414
66 58 11 3 353 609
43 94 26 7 343 438
7 72 15 1 475 706
79 11 13 2 572 713
76 49 27 6 660 744
100 34 16 3 496 698
55 49 17 1 550 782
94 87 15 4 336 475
19 19 10 5 652 785
76 71 24 3 438 592
27 3 21 3 289 437
4 75 14 7 543 716
28 22 24 5 259 508
90 2 17 6 551 745
43 60 27 4 453 531
32 83 13 7 485 572
16 99 18 6 210 297
30 80 11 5 651 753
95 0 26 3 235 447
79 81 27 5 246 363
44 20 22 6 492 557
33 3 10 1 282 535
83 68 15 3 662 780
58 30 15 6 419 603
35 24 26 5 456 561
94 69 24 7 414 512
80 53 20 7 528 772
49 30 13 3 423 587
2 20 8 3 374 595
99 99 26 4 226 526
30 49 12 7 397 474
38 3 20 3 533 720
1 60 13 3 451 513
5 68 5 6 226 516
28 6 16 5 283 570
69 35 22 6 557 645
18 28 13 3 315 558
27 87 26 4 444 670
41 14 13 4 340 553
19 33 12 2 402 559
7 88 27 5 637 761
51 43 24 5 277 518
46 48 18 7 596 743
78 36 27 3 400 526
67 21 11 1 371 667
31 73 6 1 240 457
36 38 10 3 203 307
67 61 26 4 440 715
51 12 17 6 296 542
37 39 23 1 382 469
86 98 22 7 614 684
86 90 7 3 462 665
34 48 18 6 502 776
2 71 23 1 273 346
50 57 10 2 437 642
25 50 16 6 412 626
98 48 9 2 472 600
29 52 7 6 256 324
61 85 25 1 347 547
65 12 27 3 407 629
99 17 28 7 220 365
33 83 7 3 589 768
46 80 18 2 296 464
22 73 22 2 212 488
12 32 26 6 719 781
57 48 5 1 481 707
45 54 26 4 287 487
92 88 11 5 347 503
47 41 24 7 542 717
12 81 30 5 375 497
88 72 7 4 242 412
20 54 29 6 399 571
93 57 17 2 276 417
56 96 24 6 466 685
99 21 12 1 430 653
87 76 20 3 622 752
29 30 27 2 364 434
74 87 18 6 438 724
4 29 22 5 494 664
25 10 23 3 637 738
53 29 20 4 554 709
70 84 18 4 578 720
2 8 10 6 331 546
89 44 16 2 274 350
45 33 6 6 544 793
71 69 20 6 244 385
70 12 14 2 497 713
38 70 6 5 385 449
12 62 10 3 231 516
6 71 22 6 514 734
69 29 19 1 387 477
1 14 10 4 354 616
36 63 15 3 386 480
29 56 18 7 463 659
52 37 12 3 300 513
80 72 11 4 242 324
38 87 5 3 485 721
92 15 9 1 290 396
70 81 21 3 383 628
2 96 30 6 231 362
