513
16 7 0 0 0 0
18 81 14 7 564 744
3 20 29 7 339 635
32 0 11 4 309 381
58 11 5 2 278 476
21 39 20 6 341 629
33 41 23 3 299 584
38 5 13 5 502 767
63 68 7 7 505 693
41 44 30 5 489 632
81 87 29 2 495 756
23 87 25 6 300 516
22 28 9 1 575 711
15 48 18 5 503 751
53 0 18 2 507 775
72 64 6 7 507 754
69 6 27 7 640 796
73 96 8 3 254 540
50 29 15 7 200 306
9 37 26 4 264 371
93 40 12 6 306 466
71 4 24 2 515 759
12 83 16 6 564 751
60 80 25 1 301 542
73 58 19 3 470 537
90 100 30 2 460 726
75 69 12 2 241 534
22 0 27 4 553 695
73 26 29 7 629 747
18 3 13 4 489 712
0 81 13 5 264 557
92 42 15 7 267 480
10 11 14 2 261 349
96 94 6 6 674 770
21 72 16 1 509 747
11 54 24 2 401 591
17 72 15 1 208 488
90 67 26 1 481 594
99 56 11 6 520 736
4 77 20 2 518 734
10 56 10 5 363 619
90 52 30 6 275 508
42 26 27 5 269 474
63 47 12 5 644 755
59 82 8 5 279 463
58 42 12 4 405 544
6 48 24 6 413 598
93 71 30 3 286 366
47 31 19 3 513 689
94 31 23 6 488 629
81 6 5 1 524 720
74 80 10 5 212 309
91 25 24 4 366 621
29 91 22 6 336 563
36 95 10 7 667 736
36 61 21 7 618 691
32 93 9 4 208 376
17 36 16 4 723 795
88 24 8 6 392 487
26 64 13 7 408 685
15 52 25 7 639 786
88 45 11 2 643 712
77 7 13 5 512 622
95 5 22 2 600 759
34 100 15 1 229 314
46 89 13 7 277 382
32 49 20 5 331 454
43 75 11 1 348 433
16 77 27 4 364 445
58 1 26 3 404 639
11 10 13 6 625 795
32 71 13 1 667 772
96 8 16 2 341 457
11 94 5 6 212 437
23 11 25 6 448 714
84 31 26 3 518 685
12 61 6 6 299 548
45 15 23 4 476 756
68 66 6 3 459 597
57 36 8 2 341 605
38 80 13 5 476 691
17 37 6 7 313 610
88 87 22 7 210 402
54 48 20 7 328 453
15 23 10 4 443 520
17 40 22 3 688 770
37 95 11 2 506 741
3 64 10 5 241 426
49 49 8 2 583 713
96 63 11 4 410 536
82 45 20 1 202 390
20 66 25 3 234 377
93 43 28 1 279 359
49 80 24 6 572 706
7 82 17 1 290 578
31 48 15 5 222 406
88 80 29 4 277 544
0 59 27 4 471 655
79 32 14 2 409 621
46 60 6 2 518 698
82 42 14 6 361 462
59 57 24 2 282 485
68 75 14 3 578 657
75 23 9 1 259 328
9 82 5 2 406 490
67 96 29 7 545 753
44 37 10 3 499 667
90 65 19 3 625 732
90 90 22 3 494 726
77 39 16 4 208 439
51 19 25 6 652 749
93 42 7 5 250 332
9 68 17 4 567 708
36 38 10 5 202 269
31 3 8 1 371 590
6 11 6 2 338 511
53 65 12 5 693 763
84 48 18 6 427 627
62 51 30 3 487 674
61 76 7 2 305 535
69 33 17 4 244 400
55 63 26 7 311 565
63 1 30 2 207 468
85 27 24 1 452 609
100 79 28 6 348 457
67 63 19 3 485 695
46 57 17 1 215 299
2 52 24 7 612 752
68 96 6 2 283 529
93 31 14 1 295 566
69 52 12 4 220 325
20 65 7 4 405 693
91 53 17 5 488 684
4 91 26 2 356 631
92 14 5 2 608 708
67 60 20 7 204 342
57 0 28 1 410 582
19 87 22 5 321 507
18 46 14 1 237 474
100 100 17 3 398 471
2 6 12 1 212 309
54 58 18 2 649 721
70 50 26 2 230 459
79 59 18 4 453 659
30 8 14 7 389 620
32 14 6 6 304 560
55 99 11 7 379 665
3 86 29 3 345 607
10 22 9 3 393 612
37 81 27 2 477 747
14 61 7 7 352 626
85 47 6 6 416 523
4 87 7 3 336 424
64 78 26 3 349 435
3 77 21 4 466 662
0 60 17 6 573 780
91 87 29 1 412 659
20 6 5 2 575 706
14 86 7 1 483 675
56 28 18 1 447 588
51 22 23 1 594 706
53 96 26 2 590 707
90 27 5 6 247 381
80 73 8 3 693 753
41 82 28 6 273 399
47 10 13 1 533 767
92 62 18 4 278 396
26 38 18 2 637 747
44 98 28 6 228 453
5 5 24 2 409 668
53 24 27 1 693 773
58 60 17 5 671 751
49 81 30 7 415 535
35 56 15 6 546 685
82 80 9 3 389 468
61 83 26 1 435 537
40 76 15 3 494 764
52 78 6 1 490 729
28 53 20 6 271 432
13 19 20 7 292 357
23 14 19 1 280 342
43 67 11 2 461 602
65 61 25 5 261 534
6 41 7 2 259 427
28 41 27 7 405 596
91 50 6 1 394 531
2 88 16 7 328 393
57 81 18 3 676 746
44 76 22 1 411 689
1 70 29 2 293 461
12 97 19 4 244 509
82 65 13 3 734 796
69 31 16 5 250 416
80 68 17 3 282 572
47 87 7 4 417 590
9 65 11 5 292 489
90 91 10 4 413 670
98 77 25 6 482 666
52 68 5 4 619 701
62 52 13 6 423 566
63 67 22 5 459 756
70 18 27 2 256 514
78 42 6 1 226 392
16 81 29 5 249 345
73 69 13 6 533 670
12 99 29 3 569 662
91 49 21 1 412 701
41 48 25 5 436 549
64 18 23 2 641 798
92 22 21 5 459 657
46 43 20 6 563 655
32 63 14 3 337 554
92 54 15 6 409 564
0 53 5 5 204 329
0 42 12 2 601 661
51 21 17 4 345 429
29 33 30 3 389 510
19 76 5 3 424 721
29 96 29 5 534 619
78 38 7 6 439 729
82 84 29 5 385 602
17 41 20 4 342 602
64 97 12 4 319 446
2 50 22 3 439 669
28 32 25 5 240 329
36 42 24 3 252 425
15 0 18 1 513 678
5 23 17 3 617 775
14 47 13 7 240 325
98 24 21 6 440 731
84 47 6 4 336 428
12 89 22 5 450 726
5 1 15 7 535 699
49 64 29 4 397 539
0 10 6 6 271 399
12 85 30 4 203 423
64 20 21 7 262 512
66 80 24 2 503 629
13 94 13 7 237 327
73 93 27 5 340 470
49 30 5 7 396 659
29 24 20 7 529 708
98 88 23 4 474 632
50 10 30 5 373 452
74 38 16 1 208 508
14 97 23 7 256 443
3 6 21 2 493 719
16 97 9 7 577 674
1 58 6 5 281 457
30 30 25 3 433 586
68 95 11 2 241 426
54 43 25 7 302 419
29 65 25 4 290 489
15 14 10 7 517 590
57 33 28 4 695 782
32 36 24 6 251 537
67 23 25 5 467 534
13 68 16 7 330 416
96 27 23 6 682 761
89 14 22 4 319 507
71 57 25 6 217 371
42 48 6 2 475 576
3 87 11 5 533 742
37 55 16 1 225 516
56 96 7 1 274 354
62 73 17 1 655 771
40 38 21 2 267 539
95 12 16 4 359 448
69 0 27 2 461 723
3 27 7 7 365 440
7 55 26 1 553 797
100 16 23 1 528 747
21 21 28 4 642 775
73 13 20 1 570 702
23 2 30 3 407 700
36 48 17 6 311 443
79 22 9 6 232 528
60 45 29 5 670 751
43 29 17 5 321 518
31 0 6 2 212 482
14 30 25 1 436 606
92 32 5 5 398 658
29 63 14 7 402 519
63 44 27 6 236 440
66 85 12 2 421 688
60 7 19 3 588 798
4 16 17 4 262 358
92 41 27 4 358 650
33 58 16 6 405 670
38 93 16 7 304 601
92 46 25 7 360 588
68 78 21 7 622 719
19 35 16 6 416 487
37 3 19 5 495 640
99 98 16 1 350 552
2 68 10 4 274 353
15 59 30 7 341 512
50 18 16 6 388 537
95 78 25 4 621 777
2 37 15 6 272 561
15 47 10 1 535 764
73 31 30 7 247 537
24 55 15 2 494 696
2 99 9 2 585 685
4 3 25 4 397 471
98 37 5 3 346 522
81 74 10 3 308 565
84 91 26 2 539 666
5 82 14 2 680 764
27 78 18 7 544 723
18 26 14 6 545 767
100 98 13 3 607 722
52 45 13 1 377 663
62 47 14 1 269 412
41 49 5 4 413 639
99 63 11 1 417 641
2 80 5 5 294 530
19 6 16 6 687 798
28 25 30 5 498 608
93 75 22 5 330 504
85 89 28 7 499 647
37 62 15 4 257 336
67 74 9 6 455 753
43 2 8 5 291 570
89 64 16 2 341 631
33 17 18 7 365 578
71 3 21 4 405 654
53 28 16 2 468 560
31 75 13 3 592 724
50 62 27 2 579 760
45 26 28 7 366 592
61 10 17 4 285 563
64 62 20 7 382 563
92 5 11 5 293 367
34 13 5 5 385 457
35 4 22 1 207 327
75 35 6 3 612 791
55 58 9 7 218 441
93 85 29 1 496 704
26 32 15 3 541 695
54 16 13 7 227 307
84 52 9 5 368 594
50 72 27 1 329 550
55 17 15 3 472 646
8 68 21 3 442 563
63 97 17 5 580 655
60 57 9 2 284 578
9 31 12 2 464 616
86 93 11 1 214 484
77 37 21 5 414 579
98 12 20 5 428 635
53 1 21 6 204 390
4 4 26 7 520 612
71 68 19 1 486 570
49 92 12 4 594 664
60 38 19 1 329 571
70 39 20 1 244 506
19 92 27 6 279 515
87 86 5 2 231 429
88 0 13 3 256 349
92 11 29 5 555 698
73 19 5 2 404 551
48 30 27 5 408 704
28 26 25 7 442 666
54 85 27 1 535 717
27 88 30 1 303 453
66 71 26 4 557 648
73 80 20 6 644 790
85 44 20 7 376 622
71 47 16 5 429 569
79 12 8 6 286 415
88 4 24 5 332 424
63 0 8 2 577 699
99 40 6 4 212 310
6 31 8 2 569 660
58 78 28 4 467 559
59 39 10 6 543 612
49 23 22 6 556 793
75 91 15 6 476 627
19 86 7 4 609 759
18 84 5 4 208 421
92 29 5 4 269 464
95 52 28 1 397 629
35 23 17 2 642 739
82 69 22 7 419 559
79 18 11 1 436 584
100 86 18 6 488 704
100 1 10 2 240 467
2 44 16 2 304 595
74 43 22 1 266 444
80 55 22 7 491 718
97 1 19 3 316 494
1 82 9 7 501 694
76 82 16 2 510 599
100 12 24 2 428 512
78 20 17 3 544 619
37 61 30 6 420 537
21 97 12 7 373 661
59 74 8 4 424 545
74 100 11 1 369 602
10 20 21 3 515 594
28 23 11 4 524 647
1 69 23 3 253 384
97 0 19 6 533 773
27 53 25 7 675 779
86 36 27 3 242 304
15 76 28 6 217 291
70 8 10 7 500 562
50 61 24 7 316 469
70 72 26 5 546 674
38 1 30 5 468 661
98 85 30 4 458 594
78 58 30 5 342 539
65 29 16 3 600 735
37 19 13 6 401 480
38 88 24 4 302 413
39 23 20 6 387 640
39 1 22 5 450 735
20 36 29 1 604 699
6 14 7 7 505 698
67 45 21 1 561 639
26 8 30 3 297 569
59 88 29 7 294 458
77 74 11 1 220 479
79 99 7 1 271 443
15 60 6 3 611 745
80 56 16 4 471 587
2 42 12 3 368 619
46 87 30 5 407 632
19 37 15 2 574 715
85 99 17 2 489 608
44 62 10 5 503 586
0 22 9 2 525 730
73 61 25 5 219 397
56 56 26 2 313 547
6 24 27 4 536 774
76 72 18 2 480 754
7 32 17 2 627 710
56 84 29 7 470 648
60 89 12 7 571 634
87 92 13 2 445 631
24 62 15 4 676 771
43 64 12 5 279 366
95 88 27 1 456 705
1 50 11 2 455 626
85 76 11 6 245 422
11 46 16 5 562 628
8 20 29 1 303 466
34 77 26 4 214 416
63 40 13 2 349 490
84 28 29 2 341 637
80 15 5 3 548 775
4 43 10 6 456 664
48 75 20 4 587 725
6 39 8 4 339 450
30 78 16 7 437 692
39 22 8 3 572 734
16 24 7 1 290 522
50 13 29 5 328 576
11 16 29 6 379 451
31 56 14 7 568 776
67 79 26 6 681 761
17 3 21 7 685 786
20 86 25 7 593 742
74 28 10 4 413 620
41 81 14 7 458 618
61 34 5 4 597 735
54 72 20 4 206 447
91 60 5 2 279 451
93 87 20 7 691 779
99 19 19 7 532 742
45 28 29 3 631 765
92 17 10 2 370 539
96 3 8 3 550 678
20 75 7 1 395 533
32 65 26 4 313 605
44 41 25 3 325 609
5 9 17 4 442 631
21 38 16 6 224 308
45 9 9 1 285 408
66 95 19 7 320 494
70 58 9 2 227 370
21 0 22 2 544 761
28 39 21 2 659 800
2 17 23 4 660 752
57 34 13 4 327 436
93 69 26 5 666 769
50 52 7 2 281 553
19 70 12 4 510 794
67 47 10 3 297 595
31 23 16 1 584 757
9 32 6 2 340 535
48 47 18 6 300 519
86 54 14 3 305 461
76 3 16 4 444 705
47 21 28 7 358 475
91 51 8 1 316 400
14 75 7 4 434 642
29 95 11 4 445 598
66 36 25 4 506 625
9 17 17 1 257 352
13 18 25 6 561 649
78 44 13 3 664 728
81 77 13 5 229 421
31 80 24 2 308 551
72 57 10 5 562 635
18 15 27 1 588 658
27 59 20 5 335 420
85 41 9 1 571 772
87 35 20 5 681 766
50 38 28 5 279 410
69 5 14 5 418 586
74 33 20 5 426 535
