669
81 73 0 0 0 0
52 53 20 1 675 762
24 77 11 6 362 422
82 45 22 1 255 456
52 76 5 2 503 800
11 7 30 7 602 707
2 39 15 4 248 488
43 75 11 5 454 593
48 31 15 6 485 561
5 31 27 7 540 699
1 49 26 4 212 331
87 4 28 4 328 548
49 22 26 6 389 689
93 60 15 1 238 429
60 52 14 7 522 767
0 18 9 4 639 794
12 59 14 1 309 464
14 7 6 5 370 652
97 93 11 7 504 683
5 56 14 3 636 769
21 65 29 2 215 352
51 41 10 1 283 558
81 72 8 6 394 535
56 6 27 2 497 698
57 32 28 7 332 465
0 33 16 6 387 493
88 49 21 6 455 651
19 14 8 6 366 471
56 65 24 6 588 792
71 53 15 2 389 569
76 88 15 5 219 326
97 16 22 5 219 447
69 68 25 5 404 479
62 12 20 7 526 656
100 93 13 3 494 732
15 78 16 6 210 393
41 64 10 3 612 689
95 72 12 1 316 520
58 78 14 7 551 613
21 61 11 2 245 317
74 19 23 5 517 704
67 60 21 6 325 540
76 74 10 1 611 787
26 95 25 5 338 562
44 6 18 4 531 644
38 12 16 7 393 572
43 43 12 2 507 637
38 67 29 1 405 585
8 3 17 4 496 684
83 97 30 7 292 578
73 41 10 5 557 653
44 74 20 7 247 454
80 84 5 7 244 500
69 3 23 5 315 614
48 20 19 2 535 659
53 62 8 4 413 650
67 76 29 2 209 390
56 74 6 4 545 785
70 52 27 4 423 652
87 54 11 3 395 622
67 94 8 2 305 503
70 29 19 2 492 733
94 35 15 4 428 515
5 88 25 5 608 772
6 58 21 6 380 658
73 42 25 5 422 679
98 73 14 5 250 311
19 2 22 6 423 589
52 2 8 7 511 584
40 35 11 1 255 469
10 14 9 7 506 779
6 80 30 6 273 568
79 51 25 3 624 758
33 24 11 7 683 785
88 4 6 2 331 531
89 85 27 3 318 517
73 70 15 1 263 560
73 69 24 1 592 695
100 6 9 2 509 675
23 61 26 5 322 400
98 76 27 2 532 660
60 1 10 7 224 360
60 31 17 1 503 669
14 61 23 1 551 633
52 96 17 6 492 785
23 79 8 2 252 433
7 17 7 6 309 557
40 34 19 2 703 775
24 80 27 1 510 584
81 48 28 7 306 585
93 76 11 7 413 530
99 17 17 1 355 445
27 28 20 2 379 656
14 38 15 1 262 335
48 71 23 4 452 651
97 53 11 2 613 714
99 79 10 4 508 629
33 2 23 6 382 448
70 84 13 4 249 341
75 2 6 3 487 648
2 35 14 7 321 608
19 30 9 6 233 356
71 23 14 5 576 744
42 1 22 7 607 800
5 80 23 5 441 729
89 51 13 2 262 544
8 20 28 6 329 493
85 0 6 4 523 677
77 39 10 6 350 425
22 35 20 1 238 446
9 68 6 3 261 445
45 11 8 7 267 465
96 43 10 4 239 376
26 30 10 4 285 372
23 52 13 5 307 453
100 7 11 2 431 614
22 6 21 2 504 608
12 24 30 2 581 791
8 76 7 7 626 710
3 45 8 1 471 752
97 5 8 3 226 420
27 47 5 1 319 385
24 86 23 6 561 664
24 99 24 2 223 498
67 6 27 7 542 749
88 29 8 6 216 452
9 89 16 7 559 716
46 30 26 7 572 770
25 76 30 7 355 514
57 1 7 2 410 631
16 54 6 2 554 702
37 62 19 2 456 586
20 57 6 2 658 743
51 82 29 4 200 290
10 32 7 2 295 361
43 41 27 2 222 427
52 40 13 6 302 464
91 97 18 7 317 415
25 85 30 4 705 765
25 52 11 4 549 684
63 75 11 6 382 503
45 89 12 3 415 627
12 99 28 6 257 349
87 82 21 1 546 673
30 20 21 6 311 596
77 51 26 4 347 463
90 85 10 1 228 484
60 91 8 3 607 753
66 24 30 4 681 786
20 99 9 2 610 772
3 46 30 4 680 770
30 10 18 2 414 578
40 36 5 1 648 734
69 40 12 1 449 741
57 65 5 7 575 775
62 57 16 2 535 611
98 2 23 7 541 781
33 73 12 4 372 618
10 51 21 1 615 798
24 93 18 3 564 759
16 11 16 2 236 307
28 83 16 2 313 551
49 37 11 3 440 658
49 46 27 2 395 660
89 41 28 4 594 674
37 6 12 5 450 594
41 71 28 6 476 698
97 12 8 1 411 507
19 95 12 3 634 783
7 62 17 7 237 450
71 57 11 5 345 562
7 30 14 1 232 434
19 31 28 6 201 344
87 6 15 5 282 518
77 86 19 1 509 678
22 97 22 3 523 611
23 12 11 1 567 794
0 24 28 7 494 717
96 39 22 3 367 604
77 5 17 4 592 733
90 91 20 3 477 773
53 89 14 7 271 510
27 80 23 2 625 784
41 42 14 3 254 410
54 18 27 5 202 428
39 34 7 4 495 657
0 99 18 6 303 414
98 16 18 7 323 407
33 21 7 6 531 708
11 12 25 3 378 571
41 69 14 6 349 556
48 65 8 7 403 522
27 79 12 1 424 560
60 64 22 5 526 603
39 16 24 1 334 437
68 18 24 2 653 778
18 98 6 7 703 786
32 54 10 2 248 313
76 0 20 7 278 577
59 45 7 7 565 719
47 69 10 5 281 436
60 87 13 3 447 638
85 82 25 1 384 553
31 37 12 3 223 374
93 56 15 5 299 378
4 12 9 3 267 467
44 76 27 1 431 592
72 1 10 5 690 771
98 53 19 3 231 465
22 1 25 7 351 426
32 55 21 4 408 545
80 99 11 6 292 561
26 98 28 1 350 425
43 90 19 1 314 412
97 70 27 1 444 736
91 23 10 2 441 704
43 47 25 3 223 303
73 98 15 4 395 542
6 40 15 6 306 374
10 77 16 6 519 601
83 49 7 4 293 514
21 51 24 2 200 409
54 91 30 6 310 564
83 32 7 5 532 744
89 49 17 6 208 386
72 11 26 2 264 426
74 80 28 6 522 719
20 12 10 4 477 551
24 34 17 4 625 743
81 99 5 1 565 684
57 57 10 3 510 781
60 84 10 3 280 474
3 67 21 4 443 663
50 31 30 2 316 498
90 53 16 5 346 481
52 44 8 5 338 489
78 37 29 5 689 762
99 25 11 1 297 437
46 94 20 2 312 486
28 69 14 4 492 650
72 53 19 3 661 800
3 4 23 4 533 596
55 28 29 5 407 623
50 82 16 6 372 555
40 60 27 7 245 387
22 91 25 7 287 416
29 48 16 7 297 485
62 67 27 3 210 437
34 44 23 7 424 641
18 34 10 3 502 618
57 79 27 7 379 647
90 39 21 4 271 570
32 87 15 1 415 507
97 46 22 4 454 629
37 8 29 2 502 596
8 63 10 1 434 622
28 24 16 6 440 552
80 77 20 1 373 435
91 81 16 4 444 581
32 99 17 2 307 504
74 44 8 6 571 725
82 44 13 7 533 767
68 60 6 6 408 588
84 40 25 6 652 753
27 88 30 4 272 337
14 48 15 1 471 600
8 93 24 2 615 717
91 53 30 7 283 554
100 31 22 6 289 494
99 66 25 7 632 727
46 3 14 3 247 408
32 83 30 1 393 621
32 2 22 2 239 516
74 2 29 5 284 389
78 7 23 5 418 517
0 100 17 2 680 756
97 60 19 2 227 479
56 89 20 7 475 687
17 85 16 3 477 765
20 83 25 7 517 714
50 7 6 4 416 588
90 20 10 4 312 573
53 100 7 4 313 432
84 100 13 4 226 403
44 4 17 4 251 455
69 48 15 1 378 677
100 62 14 6 303 591
0 31 13 2 344 478
81 36 12 2 593 721
17 95 10 1 326 578
49 81 26 5 428 666
43 46 17 4 278 395
75 86 30 4 419 630
41 7 22 2 692 753
84 24 19 7 425 721
75 42 6 4 460 659
15 29 17 4 315 391
0 48 20 3 300 509
82 95 16 2 280 369
31 1 23 3 389 593
96 37 15 3 528 740
92 55 12 4 242 469
60 82 24 3 331 522
21 59 8 3 349 419
8 65 22 4 277 381
48 83 24 4 358 591
52 97 23 6 677 786
84 42 17 6 581 645
31 62 10 1 467 598
4 5 22 5 474 668
56 68 23 5 449 610
90 95 23 3 279 522
95 68 14 6 463 529
74 45 5 3 327 500
3 79 28 3 313 475
6 54 26 5 237 504
80 96 22 3 432 629
1 25 30 4 297 419
5 43 22 2 665 784
95 23 23 1 483 614
94 76 26 2 655 743
82 14 8 5 472 578
2 30 26 1 486 655
11 23 15 2 257 431
62 82 12 1 309 404
2 89 12 4 348 589
59 27 20 5 491 572
92 21 25 3 493 649
53 50 14 3 276 533
65 26 7 3 250 466
40 63 24 2 524 601
100 77 22 3 438 707
34 1 5 7 317 604
34 67 6 5 430 696
56 32 30 4 346 440
13 46 25 4 603 672
72 62 24 1 345 541
22 45 22 7 475 570
46 20 16 2 400 579
52 78 17 6 225 471
80 57 24 6 533 608
37 51 17 6 222 381
87 16 16 5 696 794
50 86 7 6 439 634
45 96 5 1 244 361
28 71 7 6 250 544
19 4 21 1 266 353
58 45 17 1 356 499
33 3 23 3 247 540
51 26 9 1 210 435
61 53 20 1 254 523
96 74 8 3 578 754
21 14 5 1 554 637
86 97 15 5 397 563
75 18 25 5 203 283
17 26 16 4 617 761
100 11 28 2 687 759
96 16 24 1 259 336
73 51 29 6 536 751
34 78 20 6 311 547
76 26 11 5 245 469
74 89 16 6 536 710
70 1 25 2 256 517
93 27 26 4 381 574
84 31 21 7 579 768
72 78 15 4 466 624
93 52 17 7 377 456
54 13 13 7 474 578
14 26 9 5 202 265
84 87 17 5 247 543
58 98 24 1 402 552
58 66 14 2 233 476
97 88 19 6 488 737
77 23 20 7 559 752
99 78 27 5 302 538
74 1 21 4 288 473
77 11 19 1 328 480
49 68 11 6 290 495
6 23 25 5 355 527
62 77 28 3 302 452
42 57 19 2 360 615
72 57 12 1 267 398
55 11 24 7 498 755
66 30 29 5 529 700
15 62 8 4 493 736
76 89 25 5 544 625
64 72 5 3 202 470
70 47 21 3 419 638
2 15 25 1 525 617
62 36 6 4 200 475
25 34 15 5 603 758
44 58 20 6 283 494
42 76 14 1 400 522
15 13 6 7 314 407
89 17 25 2 582 755
92 8 25 2 446 633
56 47 27 1 335 514
8 51 18 3 370 565
58 39 17 6 584 677
24 19 27 1 527 612
75 50 10 3 495 647
60 18 10 7 369 439
70 37 23 7 246 444
37 95 23 5 344 599
36 35 17 7 476 601
78 99 18 6 332 481
81 31 12 1 214 495
70 44 26 2 480 591
78 5 16 4 340 632
63 22 11 3 377 667
58 32 15 2 446 740
33 89 16 7 380 447
26 84 6 3 452 664
73 25 30 1 459 537
79 52 15 4 330 574
48 72 14 7 362 443
39 59 5 2 591 677
55 49 30 1 235 326
64 89 21 2 317 454
63 98 12 3 509 702
23 11 23 2 448 528
72 6 14 6 312 516
99 73 29 7 295 492
68 76 21 7 417 573
50 49 11 6 425 627
60 27 24 1 641 764
96 90 11 4 633 785
36 50 26 1 354 632
60 66 9 6 232 317
6 100 22 2 452 570
25 89 12 2 490 589
98 11 9 3 427 708
42 47 23 7 307 407
52 82 26 3 467 766
34 25 6 6 481 632
89 4 14 7 440 702
69 36 24 7 327 493
86 96 20 1 409 544
16 71 20 7 275 452
33 39 27 1 534 618
18 62 20 3 288 350
63 9 26 1 432 571
10 4 23 5 367 634
51 7 22 4 352 459
82 23 17 5 465 679
11 57 25 6 253 472
86 44 7 6 572 675
76 35 8 3 204 471
93 50 23 2 680 794
41 68 16 6 591 769
58 54 9 3 525 592
100 16 9 4 216 398
55 84 21 4 203 481
46 56 27 4 446 687
30 78 25 4 464 691
96 56 26 3 611 757
98 68 9 6 389 604
82 3 8 4 330 568
87 83 20 5 368 561
61 94 9 5 219 325
10 52 27 7 368 503
56 20 14 6 308 371
84 70 10 3 233 532
73 53 15 2 555 696
70 54 28 4 250 323
33 60 19 2 500 653
61 21 23 4 354 620
89 67 22 5 443 638
36 0 22 4 429 653
20 3 16 4 309 559
36 96 16 6 279 554
68 66 5 3 635 787
63 23 5 6 467 682
83 65 17 2 675 780
47 15 12 6 389 672
69 96 26 6 274 365
66 64 6 2 244 472
39 67 29 1 660 752
49 76 20 4 597 761
40 67 5 4 699 784
13 100 14 5 245 500
69 54 19 2 414 580
44 59 18 5 415 668
22 82 21 2 254 498
89 92 19 3 398 645
14 94 25 5 369 583
43 16 19 2 370 642
62 32 16 4 484 686
78 64 6 4 486 679
0 56 11 3 317 463
95 18 15 3 562 745
61 0 20 6 672 766
53 18 10 6 399 578
50 6 5 4 325 562
62 46 10 1 470 723
31 7 17 1 521 742
89 74 8 1 236 321
10 48 15 6 600 795
71 89 21 1 336 500
22 81 8 5 267 507
74 79 15 7 461 689
29 64 21 5 580 777
99 83 26 5 396 677
16 43 7 5 484 666
60 48 7 5 227 363
63 51 13 6 276 359
13 40 17 4 353 482
47 36 20 1 405 543
32 56 21 5 441 522
95 44 9 6 531 771
68 75 8 2 490 786
34 75 22 4 405 596
12 25 20 1 372 458
15 59 16 1 409 511
3 40 17 1 209 388
54 33 21 5 291 472
36 19 18 7 295 584
83 62 23 7 234 455
43 38 23 7 505 742
19 16 26 6 422 577
11 28 5 4 366 548
69 23 11 7 247 488
27 10 21 3 311 443
75 87 16 5 226 429
77 34 6 5 348 553
83 77 19 2 316 544
22 14 25 7 248 372
9 35 25 7 473 660
5 58 22 5 467 584
59 48 24 6 258 530
40 61 16 2 277 349
7 68 30 2 630 711
98 7 24 1 517 767
75 5 20 6 398 462
12 9 23 1 387 636
12 16 29 2 512 704
38 13 27 4 661 770
57 38 27 2 551 643
57 77 5 1 286 374
4 24 8 2 221 317
88 99 9 3 612 688
59 54 9 7 257 556
56 24 8 4 208 281
51 94 26 1 527 719
35 95 12 4 233 312
99 74 25 6 363 431
29 80 26 6 367 596
50 48 12 2 700 763
63 35 24 3 396 593
18 66 15 7 279 422
92 5 20 6 324 529
18 21 11 5 488 779
72 21 23 3 279 379
73 40 16 1 612 789
40 17 14 2 291 451
56 5 7 2 673 799
86 52 26 5 338 578
49 6 28 5 507 685
23 85 21 6 435 509
27 75 29 2 225 374
61 85 18 3 503 634
3 54 24 2 605 768
24 51 27 2 617 701
20 54 26 4 538 645
43 28 7 3 515 683
3 92 5 3 455 702
19 26 16 3 200 299
65 53 21 2 387 570
65 80 15 4 225 384
43 1 22 3 525 699
78 42 11 7 495 684
49 27 18 2 214 290
44 20 21 5 711 794
40 43 17 1 622 734
6 63 21 7 257 503
96 41 29 6 560 688
60 12 29 5 363 468
93 91 23 4 381 508
97 72 6 7 278 369
100 99 8 6 315 569
66 14 10 7 514 624
52 73 25 7 254 432
55 31 15 3 276 398
22 2 25 7 407 680
54 8 16 3 284 404
3 5 8 5 278 540
59 43 21 7 475 687
2 9 23 2 279 397
8 21 17 5 213 377
5 89 20 7 573 675
51 46 18 3 379 588
58 12 26 6 376 560
40 44 13 2 249 520
82 96 7 5 600 758
59 49 30 3 673 734
13 62 12 1 617 690
36 13 6 2 365 503
51 35 28 1 521 711
12 26 20 1 326 592
61 52 12 7 211 510
73 36 16 4 235 457
83 17 29 4 313 580
54 57 23 1 389 544
66 27 28 4 225 287
42 41 6 3 314 398
16 35 14 6 287 398
1 27 23 2 347 408
93 74 28 3 414 564
29 91 19 3 511 678
8 16 15 6 488 619
39 7 14 4 300 599
95 88 6 4 510 693
23 24 20 6 481 607
42 43 25 4 377 586
95 13 12 7 309 373
21 80 5 5 230 365
48 57 24 5 480 779
56 33 16 1 582 695
26 21 28 2 457 676
23 50 24 6 457 566
13 7 10 3 348 515
58 46 29 4 282 532
2 32 8 2 483 739
35 54 5 3 672 785
97 73 12 3 361 524
62 24 25 6 269 397
78 92 7 4 317 437
38 23 7 6 330 457
21 13 15 2 492 585
6 50 17 3 549 690
58 44 16 5 250 317
20 21 30 5 534 661
76 55 22 2 552 721
14 9 13 3 290 456
24 95 11 3 419 607
24 18 21 4 267 372
34 80 22 3 265 363
37 23 6 1 292 361
15 92 21 7 483 621
29 15 12 5 290 571
68 9 11 1 340 464
34 14 7 5 444 526
43 14 10 3 473 737
74 40 26 4 608 792
48 39 8 7 406 600
38 69 16 4 424 609
9 13 13 7 346 566
23 74 7 6 685 778
79 35 11 5 315 503
44 37 19 7 561 703
8 10 25 1 500 721
54 92 20 6 325 455
24 84 12 4 524 624
16 21 24 6 437 663
44 44 26 3 363 545
10 25 7 1 308 476
79 91 21 5 461 578
69 52 11 1 335 589
10 36 12 2 449 716
48 30 18 3 316 483
15 74 21 6 421 721
75 16 11 5 626 740
51 13 17 4 356 419
51 88 9 7 336 522
8 98 25 6 498 763
0 63 18 4 382 564
72 93 13 4 291 400
85 27 14 6 569 657
78 79 8 1 501 580
