1094
82 46 0 0 0 0
31 12 19 7 219 517
70 1 24 4 554 710
62 48 30 3 458 612
64 64 20 1 397 524
96 15 16 3 511 725
44 10 30 1 319 454
10 87 25 6 431 577
20 31 24 5 283 411
58 84 29 5 247 399
64 85 11 7 400 644
39 2 28 2 511 633
82 2 8 6 498 735
90 31 27 4 463 563
79 72 26 7 498 656
54 19 25 5 298 431
49 61 6 1 526 775
85 19 16 4 294 558
85 49 13 2 564 795
71 55 22 7 236 397
97 34 26 1 595 679
96 18 6 1 617 723
3 15 30 5 443 649
100 23 17 4 732 794
80 85 22 3 209 401
97 55 14 3 342 588
69 94 7 7 298 592
17 17 25 4 647 769
96 81 28 3 353 523
50 99 13 6 337 419
76 66 6 6 493 671
93 14 25 5 272 459
66 53 14 3 383 663
89 83 22 6 494 628
64 94 27 6 511 782
43 62 16 6 288 528
76 93 26 4 578 720
51 88 9 1 396 586
68 81 9 7 425 548
33 76 18 2 535 786
97 9 20 4 532 674
16 82 21 7 301 544
77 34 17 2 616 745
97 24 16 5 404 464
64 71 17 6 352 468
50 37 6 6 435 666
26 32 16 2 408 483
31 87 16 2 334 632
58 58 5 2 482 710
68 93 6 7 429 687
71 77 15 7 612 740
45 53 14 6 480 776
89 33 19 1 305 411
98 34 28 6 653 749
91 42 7 3 671 756
23 36 27 4 441 620
77 32 17 5 465 619
43 32 25 4 212 428
43 95 6 2 579 759
55 70 6 5 658 758
5 20 23 3 671 741
13 74 24 3 297 414
31 13 23 3 376 495
48 81 8 6 696 790
10 24 16 6 652 757
49 51 20 3 213 324
63 9 10 7 534 748
34 85 21 3 417 626
95 90 19 2 355 604
5 54 17 3 310 460
66 69 7 2 503 591
76 78 25 6 608 741
61 46 22 3 560 668
15 40 5 5 426 656
78 97 8 6 258 417
16 6 21 2 259 462
28 57 8 2 536 675
5 21 25 4 410 652
43 1 28 2 220 377
32 73 13 2 404 549
12 88 14 6 593 703
13 68 24 7 237 396
29 79 9 5 549 782
65 20 19 5 593 738
78 5 17 4 332 564
96 0 5 5 320 538
38 42 18 5 244 533
48 5 27 3 320 570
96 19 5 7 318 518
70 80 13 6 219 492
81 43 8 5 613 800
54 80 11 3 476 601
91 5 25 6 630 703
7 64 26 4 408 702
71 42 27 6 470 693
16 22 9 2 306 574
4 95 14 6 239 427
35 71 12 1 627 740
91 96 21 4 438 691
70 47 18 6 242 326
78 71 10 2 296 476
36 84 20 3 454 524
56 4 30 6 686 798
78 81 26 3 473 724
81 29 22 2 330 418
37 73 8 1 595 785
75 99 20 5 546 736
18 48 13 3 373 451
28 71 18 6 607 687
37 56 14 5 452 687
94 96 22 4 434 525
75 81 28 6 228 436
44 32 22 3 494 786
94 79 24 5 240 538
39 95 27 5 315 595
38 86 28 6 263 336
70 61 24 1 256 417
48 19 22 1 255 369
95 98 23 3 223 498
46 46 22 1 500 692
47 91 5 2 515 589
38 68 24 3 209 343
86 79 6 1 285 502
71 99 6 6 212 382
94 72 27 3 435 542
23 24 12 5 201 400
5 88 9 6 643 797
43 70 10 4 654 788
64 48 17 6 364 643
10 67 10 4 284 401
62 78 6 7 466 715
76 90 15 7 312 421
43 26 30 5 559 762
42 13 14 6 257 335
32 81 17 3 265 549
84 68 26 7 431 498
10 69 11 7 473 741
86 74 16 5 427 671
16 71 29 5 204 389
99 20 29 2 412 481
14 33 12 1 343 421
33 22 19 1 500 599
7 77 24 6 620 687
86 68 15 7 426 606
4 31 7 2 399 679
43 61 5 3 384 621
64 53 15 5 275 448
20 76 24 5 216 419
95 68 12 3 355 469
0 96 9 3 389 638
86 13 6 3 254 447
17 87 7 4 486 559
4 82 29 1 338 510
11 4 9 5 307 379
64 67 21 7 331 520
41 25 26 4 287 573
76 72 12 7 417 591
51 37 12 2 487 747
2 20 22 7 265 534
85 39 19 3 633 786
14 42 28 1 402 669
7 98 19 4 481 557
67 44 27 3 517 631
83 72 17 1 386 679
100 60 13 5 304 517
78 32 29 2 283 395
77 61 13 6 563 741
39 53 6 2 529 691
93 60 25 6 323 623
57 77 23 4 409 659
64 40 8 4 394 631
74 60 23 1 617 798
80 9 29 7 255 510
10 39 28 6 380 608
89 14 27 2 543 623
29 57 10 1 652 729
69 0 28 6 258 333
88 8 24 5 286 498
58 96 17 2 562 721
94 63 25 4 232 458
30 99 9 7 464 686
49 32 25 1 362 633
89 48 5 4 350 447
94 13 11 7 245 421
98 36 16 7 598 768
36 66 8 2 294 391
9 37 14 3 216 375
7 10 6 1 462 727
45 7 13 3 658 781
64 28 9 3 397 651
9 38 19 3 299 544
49 62 20 7 446 650
36 7 13 6 450 701
6 81 13 6 227 378
18 49 17 3 241 432
12 32 8 2 303 532
52 20 11 2 215 277
56 46 22 5 330 608
38 40 5 7 389 587
51 87 27 4 343 457
98 46 5 7 466 738
47 54 17 3 303 409
83 9 13 1 493 662
81 20 24 7 613 782
83 68 22 7 290 494
83 28 23 6 283 374
22 81 25 1 473 717
96 57 15 6 498 602
97 85 27 7 329 482
52 73 6 3 204 370
27 57 7 4 398 613
6 67 20 6 254 454
77 40 10 3 325 610
31 28 19 7 219 440
71 91 28 5 617 711
50 85 16 5 219 475
6 46 19 1 262 337
87 54 29 2 293 534
95 7 13 6 361 650
24 83 20 4 217 456
89 71 10 4 288 452
46 2 13 7 311 457
65 55 11 1 205 341
23 93 26 2 482 642
54 43 13 7 420 698
79 93 24 3 610 729
55 43 10 5 524 772
33 45 29 7 283 519
3 66 19 2 407 507
15 10 27 6 243 336
14 21 22 4 214 349
8 84 23 2 313 387
18 69 29 6 308 574
98 32 20 2 614 730
11 47 15 1 657 789
83 29 17 7 371 615
51 59 13 2 363 621
100 27 13 1 681 791
28 77 11 3 280 430
41 88 22 1 396 607
32 57 23 2 521 683
87 31 18 4 329 476
29 59 17 4 464 645
5 45 6 3 456 529
36 91 24 6 379 632
52 19 7 5 486 680
81 60 13 1 266 410
17 95 10 6 266 371
88 46 8 6 497 664
45 48 23 2 413 646
0 82 21 5 378 658
31 1 7 5 319 421
26 86 29 7 455 719
4 94 6 4 595 756
38 58 12 5 338 595
0 67 5 3 369 569
77 84 9 3 583 751
34 98 11 5 397 488
48 64 24 3 426 504
41 43 29 1 254 315
82 60 7 1 456 733
73 51 18 2 460 740
54 67 7 1 207 463
21 52 10 3 274 343
67 52 13 5 478 594
0 37 18 4 316 571
11 55 8 5 483 741
62 89 9 2 270 352
71 83 7 3 586 704
35 55 9 1 625 755
70 17 12 4 439 536
85 14 6 5 497 565
91 3 29 2 633 716
20 55 18 2 358 528
56 31 8 3 453 526
83 24 20 1 276 493
83 51 28 6 335 525
3 36 19 3 268 386
6 6 11 1 383 544
86 48 27 2 437 567
57 78 25 5 314 576
50 9 16 2 205 476
18 19 19 6 256 397
90 92 10 5 341 524
57 86 26 1 350 517
41 80 28 1 559 647
94 42 28 5 523 690
28 97 19 2 382 630
43 73 11 4 610 711
71 41 11 1 235 378
8 16 16 5 611 697
52 62 18 6 395 562
78 89 28 7 328 521
8 22 27 1 384 545
50 82 20 5 565 687
10 54 8 1 267 508
93 87 11 4 225 370
9 12 30 1 320 566
47 29 21 2 430 730
33 16 21 3 297 364
69 17 11 2 206 435
35 27 27 1 360 586
86 41 18 4 207 386
15 31 28 3 273 401
71 94 9 1 419 568
69 29 13 7 334 437
62 3 24 2 517 739
79 73 11 6 360 513
77 78 16 2 285 523
70 93 5 6 422 716
67 47 10 1 601 769
98 1 28 2 484 759
3 70 9 5 471 710
15 30 20 1 548 733
71 45 5 2 255 419
61 14 22 6 380 673
1 58 9 3 553 783
96 95 20 2 416 698
9 39 19 5 261 558
35 29 11 3 591 794
42 1 8 5 244 497
9 73 15 6 410 539
44 17 12 1 402 465
15 53 22 3 446 624
37 89 18 5 601 673
30 93 11 5 432 523
37 80 19 5 200 313
53 98 21 7 500 691
38 17 23 6 399 506
98 85 18 1 673 789
13 82 13 7 311 529
54 71 5 4 492 779
57 73 16 6 367 646
43 56 8 2 404 554
0 78 16 1 528 607
5 100 14 3 239 400
52 87 17 3 249 342
4 38 10 1 357 448
98 94 19 6 240 399
51 8 14 2 518 696
20 65 10 2 367 531
33 13 10 3 535 757
20 52 9 3 312 430
99 22 8 3 201 388
34 62 23 4 324 572
73 99 18 3 291 466
21 43 23 7 414 649
47 60 5 1 623 728
82 1 29 7 318 589
82 59 10 6 595 666
25 24 28 2 398 565
79 58 18 7 470 707
69 69 16 5 264 349
97 41 25 7 645 712
96 96 28 6 414 667
40 23 29 7 600 731
88 62 19 7 375 526
38 22 5 5 528 638
79 45 30 1 565 764
6 85 14 2 500 795
43 44 14 3 310 520
28 38 28 1 606 673
65 18 11 4 319 535
13 96 9 6 389 531
69 96 23 3 460 578
10 86 9 4 475 670
49 65 26 7 237 320
6 76 6 1 231 458
10 2 22 2 458 596
30 49 22 6 488 649
45 30 16 3 561 668
71 1 20 7 348 463
81 99 25 7 534 730
67 24 24 6 681 743
80 88 25 4 374 501
12 87 29 5 286 486
25 38 16 6 250 548
15 69 9 4 405 514
35 89 25 5 613 750
55 8 23 2 476 591
25 25 27 4 335 407
25 61 18 7 334 464
27 74 16 4 673 734
38 76 10 2 401 683
23 59 24 4 524 671
51 99 7 3 541 785
40 76 5 7 534 767
19 34 29 4 530 629
91 72 9 6 249 355
13 65 14 4 304 594
89 79 27 4 530 764
37 96 7 7 521 745
12 62 26 6 489 727
3 32 13 5 431 660
13 52 28 3 431 630
61 4 10 7 443 523
84 18 6 4 230 511
6 45 26 7 611 708
50 66 12 3 423 536
26 63 21 3 394 474
27 36 28 1 525 699
99 38 24 7 412 572
57 49 10 2 433 678
40 7 15 2 250 315
40 75 18 6 268 414
99 0 30 3 218 474
51 12 29 7 279 347
15 3 26 4 328 427
71 87 25 4 254 372
40 50 17 1 612 696
62 42 26 5 338 456
83 35 18 2 385 648
30 14 28 2 496 711
49 99 26 2 377 481
30 70 18 4 312 494
76 9 16 5 639 789
62 65 13 5 440 621
2 45 20 1 313 598
51 11 15 1 232 363
50 69 18 1 446 587
1 84 18 6 435 615
34 28 13 5 493 655
77 79 5 5 576 636
51 0 21 6 381 477
99 15 20 4 217 387
23 26 19 6 451 560
24 52 21 1 223 350
16 38 29 1 364 517
24 66 23 4 484 767
18 39 17 2 296 366
28 27 25 7 293 550
21 46 29 7 246 331
47 93 16 7 563 763
27 44 23 3 611 795
37 62 5 7 607 674
11 48 23 2 593 692
54 38 26 6 454 514
85 90 12 3 215 339
16 8 29 6 307 577
7 51 9 5 290 351
63 68 14 5 334 512
31 80 16 5 598 727
34 34 27 5 393 597
66 95 17 5 348 450
83 78 28 3 356 435
20 16 8 2 482 565
64 75 25 7 259 358
32 43 27 4 292 590
67 9 9 5 416 642
22 22 14 2 351 594
71 12 11 4 229 511
82 67 19 7 248 388
27 28 11 2 507 797
61 42 17 1 638 760
95 33 12 5 674 751
3 50 11 4 235 430
98 14 12 1 579 717
82 54 23 5 405 499
88 27 18 1 256 409
54 95 6 2 402 624
25 17 16 2 351 533
24 79 15 5 501 564
93 57 25 1 490 771
13 8 22 4 463 542
75 95 8 7 358 543
96 13 29 7 380 492
44 40 30 3 533 673
20 68 28 7 556 634
100 67 22 4 233 342
9 10 9 5 221 436
14 63 17 5 396 462
92 1 27 2 642 708
33 98 21 7 580 747
63 87 17 5 328 561
16 15 26 4 575 715
2 87 26 6 466 677
6 77 21 6 376 478
23 55 20 2 698 770
29 62 17 4 312 379
86 4 29 2 428 572
32 26 30 2 345 466
9 85 11 1 628 740
77 25 8 2 606 788
14 85 30 1 663 764
90 21 5 4 232 523
46 40 18 1 422 702
4 2 23 6 532 610
94 8 13 2 597 675
62 10 25 4 352 650
5 67 11 1 383 477
14 18 25 1 302 422
42 69 8 2 342 443
10 90 21 2 510 639
49 72 19 3 401 611
17 49 15 3 455 581
41 13 29 5 415 674
11 42 13 2 636 782
52 26 6 2 525 731
62 68 19 6 308 444
20 99 29 6 391 627
43 78 6 1 496 656
43 2 13 2 586 680
96 78 19 4 398 629
27 48 24 5 548 610
38 26 7 1 466 590
47 98 28 6 372 647
21 22 23 1 478 548
76 34 14 6 465 583
67 34 17 3 496 637
84 25 21 1 654 721
64 93 13 3 616 770
45 59 18 7 447 616
35 36 6 3 457 548
58 9 11 3 540 649
64 14 15 7 706 793
70 38 10 2 481 620
89 3 11 1 411 696
95 10 7 5 573 765
76 74 21 7 340 622
39 75 18 6 210 289
57 23 12 7 660 756
77 44 28 7 303 566
66 9 25 5 242 440
30 29 23 5 519 618
86 46 7 4 312 419
77 49 25 3 567 682
32 38 21 4 689 786
42 65 8 3 333 403
78 92 29 1 426 690
22 19 11 6 582 701
80 19 5 3 296 385
26 67 24 4 518 697
47 18 22 7 330 407
81 78 10 2 226 514
71 24 11 4 473 554
24 98 6 5 439 568
96 97 23 2 315 447
32 12 16 7 261 338
51 63 24 3 454 651
87 4 25 5 327 391
52 82 28 6 525 761
70 24 27 1 574 799
15 52 14 6 391 644
15 35 11 5 225 303
92 57 15 3 232 440
88 55 18 1 223 324
45 40 17 7 605 757
36 6 7 1 663 794
35 34 10 1 490 569
25 46 11 3 270 562
53 48 28 4 571 647
48 31 20 6 520 598
1 7 14 1 492 642
43 82 17 7 200 437
84 24 11 2 357 539
60 73 20 5 237 531
72 29 24 6 348 486
52 54 16 2 262 341
100 68 30 6 409 506
77 45 10 4 303 511
31 67 14 2 404 503
31 42 13 1 211 400
60 52 24 5 297 438
26 89 12 3 407 546
84 97 24 1 523 609
3 49 22 7 529 685
17 52 25 2 403 608
54 70 14 1 319 436
0 99 15 1 419 708
66 82 23 1 227 520
74 38 10 4 563 714
87 29 13 6 435 517
11 30 9 1 689 773
28 16 23 5 395 540
59 52 25 1 467 597
64 1 30 1 528 780
36 8 6 7 374 499
60 97 25 2 386 575
23 56 25 5 697 759
31 91 6 3 542 762
44 9 27 5 394 565
35 9 25 3 255 453
44 7 10 3 394 545
48 34 22 4 388 508
72 4 15 6 355 513
6 61 22 5 243 418
46 44 15 3 521 640
72 13 7 3 206 363
58 68 29 5 326 625
40 30 22 6 476 537
40 80 11 6 246 350
31 11 11 2 227 319
33 59 16 3 441 543
33 3 22 7 512 592
32 18 10 5 330 540
78 78 27 2 495 664
72 60 23 4 447 684
66 100 19 6 306 485
23 85 22 5 555 754
88 100 9 5 203 313
99 86 24 4 280 369
40 38 30 5 482 700
4 73 23 7 487 630
28 90 21 6 230 378
46 52 25 5 448 667
64 8 7 3 486 785
37 97 30 5 425 623
19 22 30 5 632 793
81 31 10 2 515 580
19 38 23 6 445 610
16 98 5 6 494 610
58 74 28 7 260 558
89 16 6 1 442 660
1 39 10 6 445 593
54 53 25 6 305 404
0 55 23 1 419 695
92 16 29 2 621 696
32 87 9 1 328 410
82 69 18 5 375 644
79 19 9 5 356 594
20 15 10 1 266 558
58 100 12 7 626 736
59 37 12 5 217 513
30 61 26 3 423 538
52 60 19 1 217 395
25 51 17 5 536 733
13 18 9 6 515 690
17 19 9 6 275 420
16 80 23 3 281 423
14 93 28 4 386 603
60 98 22 1 272 505
80 70 12 4 257 486
72 78 21 3 472 650
97 60 14 6 327 519
78 44 18 5 217 431
100 3 13 4 551 742
70 78 29 2 303 523
11 61 19 3 347 614
95 55 21 3 223 442
98 8 5 7 449 604
50 98 30 5 494 782
81 54 8 1 225 360
96 9 24 6 440 672
62 60 19 6 291 361
12 13 21 4 385 637
9 97 21 5 416 568
71 38 7 7 293 508
54 58 22 1 562 669
0 17 13 1 305 447
7 82 6 7 310 531
99 57 13 4 415 574
25 76 15 5 677 744
24 6 29 7 602 669
97 31 7 5 296 434
10 60 11 2 209 274
4 100 17 7 702 766
43 16 12 7 206 491
84 89 5 5 536 708
79 17 23 4 249 377
100 33 10 2 445 631
65 25 8 1 468 727
89 66 22 7 634 722
50 100 16 2 339 400
35 98 24 7 482 624
89 2 24 5 509 658
88 94 8 5 394 506
11 1 11 2 394 616
32 96 10 5 696 793
27 59 6 5 264 357
83 23 27 5 626 710
32 68 13 1 485 777
58 43 16 7 498 563
26 85 7 5 508 778
15 82 22 2 286 503
89 47 7 6 357 417
9 94 26 1 367 614
10 8 26 2 544 605
17 51 11 2 319 470
20 95 29 5 539 710
82 50 23 3 487 681
31 97 27 7 202 358
85 46 26 1 378 607
95 71 18 2 255 500
39 67 6 6 521 718
13 78 20 6 599 774
52 35 14 1 357 535
26 76 29 1 350 643
62 28 21 1 657 746
93 94 9 4 381 645
31 0 5 6 266 443
34 36 27 1 365 502
12 69 20 4 429 714
88 37 14 1 481 625
63 100 17 2 471 578
12 5 24 6 436 661
54 27 21 6 279 465
39 29 9 3 691 790
23 32 28 5 647 769
24 70 21 5 317 555
61 28 7 7 317 545
92 97 12 3 547 639
24 56 6 6 233 302
18 61 10 1 295 567
50 1 22 6 433 544
52 96 28 7 316 480
99 9 20 3 224 518
85 95 28 4 495 734
30 22 29 3 529 785
91 34 12 1 558 689
74 59 6 1 351 552
57 31 9 5 356 655
0 12 8 5 385 646
9 70 28 4 468 653
30 38 27 7 485 652
20 62 7 7 379 499
38 27 25 2 499 589
32 80 6 1 211 455
83 89 11 2 630 707
27 66 12 4 352 478
48 28 19 4 502 774
77 100 10 7 530 723
34 38 8 4 499 661
90 78 18 6 252 343
20 87 27 5 417 604
56 95 7 2 304 436
56 63 27 2 490 663
100 31 26 1 526 630
98 45 15 2 704 770
91 83 18 7 621 728
2 49 27 2 280 472
10 47 21 6 225 323
83 8 16 1 361 489
80 97 30 3 516 731
43 21 12 7 568 728
67 74 16 7 552 730
53 49 22 2 494 607
31 29 18 7 339 629
51 55 7 6 524 630
70 76 17 2 434 536
61 81 17 7 226 470
15 62 29 3 269 360
97 32 26 6 560 698
33 95 28 1 316 395
65 46 16 4 472 568
39 15 8 2 479 610
29 64 14 1 487 718
25 86 21 1 551 710
31 52 8 1 262 328
84 70 26 2 360 612
31 6 15 1 379 446
40 98 15 3 623 714
89 100 16 1 509 712
100 76 14 2 553 721
31 57 8 2 535 700
49 60 16 3 313 477
52 37 20 5 598 790
42 79 5 6 239 373
41 79 17 1 501 614
40 99 19 2 436 697
57 13 29 5 404 656
83 97 8 3 657 778
67 18 30 1 387 660
98 4 17 5 399 477
92 4 30 3 297 358
1 76 24 5 356 570
44 79 18 4 362 635
26 20 26 7 643 725
100 16 30 3 265 497
76 12 15 2 577 733
40 24 9 2 616 731
60 26 6 1 679 790
58 93 12 4 216 288
16 65 14 4 362 615
21 45 8 7 451 525
80 71 19 5 553 722
79 16 28 2 566 679
53 68 15 3 307 569
18 1 23 3 272 434
12 99 29 1 425 501
37 63 30 4 388 576
37 55 26 2 379 532
1 96 16 3 252 350
56 39 29 3 249 543
43 87 12 5 448 596
91 2 20 7 465 652
55 96 28 3 415 658
60 23 15 7 441 668
66 28 19 1 341 468
89 68 9 1 238 498
10 65 13 1 531 637
84 49 13 6 606 739
91 7 21 2 395 466
38 41 29 5 269 376
90 19 15 6 620 768
15 64 27 7 513 672
37 91 22 4 380 677
40 27 12 6 264 400
67 38 24 6 459 622
63 64 20 6 357 528
73 76 28 7 291 518
84 96 25 2 394 515
84 43 14 5 385 509
68 33 15 1 609 775
79 87 7 6 637 778
19 96 22 6 352 614
34 68 16 2 414 563
83 36 20 7 219 498
79 100 10 7 271 439
17 69 17 2 545 786
90 3 9 1 627 712
46 51 15 3 615 743
15 70 11 4 276 370
26 21 13 7 543 655
85 27 17 2 421 625
27 5 17 3 377 523
45 43 13 1 493 744
35 60 18 7 422 661
68 94 9 7 257 497
14 94 9 6 374 442
42 53 12 5 588 726
18 80 19 5 288 479
14 2 16 2 208 343
16 70 24 6 644 752
23 79 21 1 591 743
77 3 13 7 605 687
61 97 11 6 294 397
92 8 14 1 347 407
66 64 5 4 312 372
43 86 23 1 675 776
49 95 18 2 325 540
65 99 10 3 402 681
16 68 15 2 544 706
23 87 27 1 513 610
11 83 15 3 610 738
15 79 23 1 272 478
60 13 5 6 210 410
56 80 11 7 349 493
95 100 22 5 264 560
78 41 13 6 346 639
99 75 28 7 206 470
19 42 18 1 262 532
99 96 24 2 278 482
17 42 27 5 300 585
41 63 9 1 441 591
14 31 8 5 501 766
85 82 21 3 522 746
44 56 10 1 564 696
29 9 13 4 591 686
81 84 25 2 640 734
46 71 28 1 574 747
76 43 12 1 325 408
69 77 10 4 335 395
98 12 6 4 448 707
53 44 20 3 227 322
17 1 17 3 231 445
66 62 7 3 596 791
53 25 9 6 341 597
45 77 7 4 440 525
53 46 8 3 308 395
84 6 19 3 580 644
58 2 11 7 301 558
60 8 13 3 235 444
25 95 18 5 397 555
34 86 11 4 381 477
45 75 25 5 617 701
50 60 14 1 206 443
9 30 30 6 419 590
93 71 22 3 456 635
71 76 5 2 374 635
67 20 22 6 652 788
83 62 19 5 314 599
71 8 11 4 279 403
23 40 16 6 492 663
85 53 24 6 282 365
30 65 22 4 211 379
35 64 28 5 224 407
94 3 13 6 482 698
1 42 22 4 204 400
21 69 8 4 363 452
25 87 19 7 333 419
56 28 27 3 335 577
18 14 15 3 436 647
5 53 16 1 448 511
14 39 7 6 267 556
71 23 12 1 213 301
49 57 16 4 459 633
62 41 12 2 205 307
55 33 18 6 409 699
48 96 29 7 475 650
43 53 20 1 405 556
85 81 21 2 559 692
78 3 9 2 670 783
78 85 21 4 567 660
51 21 30 4 404 690
6 86 7 3 613 748
88 60 7 6 353 483
39 14 22 2 411 615
80 68 17 4 422 640
49 38 14 7 697 779
1 18 17 1 317 549
4 9 10 4 217 282
10 27 7 5 379 515
88 11 28 2 527 691
16 40 25 5 553 692
71 96 23 1 595 726
0 94 8 2 240 433
12 57 6 3 381 656
5 44 16 6 433 626
36 89 11 2 266 516
5 73 27 2 601 704
94 27 5 4 355 519
85 89 17 2 568 777
90 54 20 3 339 633
94 56 11 4 259 419
89 38 20 2 325 535
22 79 18 3 586 781
45 97 5 2 334 590
82 74 28 5 584 646
59 87 6 4 437 529
12 2 14 4 271 411
11 89 28 5 483 623
74 28 8 5 368 430
5 89 22 3 457 523
75 87 5 1 258 543
88 47 5 4 205 385
75 75 5 1 351 645
81 47 12 2 609 764
46 91 11 2 619 704
56 33 12 5 544 770
94 91 26 6 459 677
37 72 5 4 453 752
15 86 5 5 255 448
88 59 30 7 419 656
63 74 6 3 354 647
35 84 12 3 383 646
25 93 30 4 264 448
100 64 24 3 594 658
50 74 20 5 222 505
11 37 26 2 512 685
49 79 8 1 316 575
31 81 5 4 628 795
74 9 15 1 213 448
92 88 8 3 264 542
88 72 10 1 445 704
0 93 22 2 392 478
100 9 17 7 472 557
89 24 26 6 374 459
77 35 26 7 550 743
71 74 16 3 505 677
15 45 25 4 501 719
95 80 8 4 540 677
13 10 21 6 359 656
87 13 15 5 384 468
41 9 17 2 494 583
95 47 13 4 457 590
24 33 27 1 478 588
45 90 6 2 648 728
33 34 26 1 469 553
24 60 23 5 266 486
40 18 8 6 204 351
28 12 22 4 387 544
75 52 29 6 274 518
67 72 8 1 389 674
29 21 17 4 387 531
27 21 18 5 396 478
92 72 24 7 366 563
18 4 15 1 600 717
29 56 24 1 347 604
95 39 11 5 482 767
20 27 28 5 657 754
0 87 28 2 318 481
79 89 20 2 262 346
31 14 19 1 404 636
46 8 27 1 270 560
77 38 30 4 304 553
59 29 28 5 261 411
11 45 29 4 246 328
51 5 19 1 435 567
65 81 18 2 606 737
95 60 18 2 435 686
58 89 11 2 245 531
24 92 21 4 563 771
54 30 28 5 303 414
39 21 27 6 210 406
44 23 29 2 515 614
22 34 8 2 437 579
57 59 30 3 438 664
69 91 11 5 657 797
34 81 6 2 470 652
7 20 12 3 484 647
48 65 12 3 288 397
57 8 29 3 209 456
93 38 15 4 510 617
28 43 16 7 272 380
1 3 9 2 443 540
43 30 5 5 248 428
5 25 19 6 241 497
2 66 15 4 222 470
93 8 16 4 215 509
69 72 13 7 606 699
24 49 5 5 359 626
70 71 18 2 307 533
5 68 11 7 277 462
91 38 22 2 521 645
73 75 29 6 503 636
42 89 30 1 477 568
58 10 26 2 414 683
33 100 30 7 489 650
66 63 9 2 310 386
15 50 12 6 702 769
10 89 11 7 568 778
26 53 24 7 538 663
29 96 17 3 238 322
74 97 25 1 212 500
98 24 7 7 561 800
19 44 8 6 616 739
98 33 15 3 511 716
48 75 23 2 361 635
46 0 24 7 232 530
100 85 19 5 322 561
80 79 6 2 423 679
27 52 29 6 352 546
58 75 21 6 260 551
81 2 29 5 295 388
72 53 16 3 238 379
92 84 18 1 570 744
29 90 17 4 378 565
57 6 29 4 338 440
46 86 23 3 241 528
95 61 18 5 666 740
70 33 30 2 570 782
70 67 10 6 243 469
27 69 24 7 502 586
28 0 21 2 368 457
15 8 28 2 415 520
21 36 16 2 280 424
48 72 7 3 360 569
67 11 28 3 213 360
11 86 12 7 520 592
40 97 28 5 205 483
27 19 14 4 354 538
80 96 17 7 529 780
71 66 17 4 229 425
43 54 6 1 245 402
15 89 27 2 528 707
93 20 18 5 524 611
76 100 12 7 715 783
71 32 26 3 529 717
32 35 14 6 682 765
92 76 21 4 630 737
36 82 22 5 375 466
3 63 17 5 482 667
57 17 16 2 434 597
69 88 19 1 335 450
8 33 20 4 637 727
6 11 15 4 405 653
14 71 11 2 584 767
67 0 30 6 511 588
77 17 26 2 678 753
96 51 6 4 670 800
2 84 24 3 223 350
54 73 30 2 517 664
81 7 21 4 243 360
74 70 30 1 356 472
64 87 13 4 369 666
33 64 25 6 229 401
4 91 10 4 328 577
41 5 27 6 336 473
14 38 29 1 549 713
58 44 21 7 664 798
28 23 26 5 523 623
2 4 10 3 202 460
93 64 17 7 410 700
9 17 28 4 468 726
8 57 30 1 477 700
36 97 7 5 495 785
82 77 15 7 355 639
96 8 10 3 393 663
46 99 29 4 348 617
83 38 6 3 494 785
90 38 5 6 335 625
30 90 9 1 446 634
56 92 18 3 612 776
56 36 19 2 385 517
87 63 6 5 340 539
42 97 23 4 659 747
75 10 12 1 514 604
8 64 27 7 360 553
99 40 7 7 256 493
82 63 23 2 322 607
66 15 5 5 305 400
17 22 24 5 308 380
46 33 11 7 458 567
32 86 19 2 213 356
