888
19 88 0 0 0 0
71 87 12 5 263 457
77 4 28 2 433 528
95 80 21 6 283 529
15 70 15 1 490 670
56 72 6 5 577 799
56 84 9 5 294 395
54 67 26 4 698 782
70 40 20 6 444 587
14 83 23 4 287 436
2 50 23 6 477 641
37 35 27 1 406 594
9 23 13 1 306 600
34 8 10 1 237 388
71 88 10 2 371 513
9 10 19 4 409 569
30 33 24 4 282 434
34 31 15 3 386 588
58 48 21 6 419 656
69 57 18 6 398 464
87 42 23 2 308 438
90 24 10 5 205 341
82 31 25 2 402 639
64 100 14 3 476 694
69 97 15 4 335 595
14 1 25 2 351 510
0 95 11 6 527 644
52 88 28 2 332 434
51 47 19 5 548 741
71 15 11 1 387 627
64 32 29 6 511 659
53 30 21 3 428 550
20 3 15 2 426 609
76 77 13 5 395 609
3 24 9 2 382 515
1 7 9 3 562 760
71 71 11 4 502 743
87 39 9 2 292 370
78 10 26 1 502 684
46 2 10 5 521 629
2 34 8 2 555 772
31 80 10 7 474 657
53 82 22 7 552 684
85 62 26 6 438 526
47 30 18 7 502 666
69 53 10 5 446 594
5 17 11 6 544 753
64 78 12 1 304 488
33 7 20 6 282 550
36 39 23 2 524 771
27 12 30 7 543 652
22 5 22 4 443 713
58 53 16 3 430 538
42 38 15 6 269 457
40 100 11 1 662 790
27 33 10 3 407 486
9 0 11 1 325 607
82 26 6 4 427 544
20 47 7 3 292 577
42 34 28 2 528 711
56 83 18 3 655 763
98 6 5 4 573 751
23 40 26 3 469 675
17 79 29 1 401 638
51 78 6 4 529 708
91 54 18 1 654 791
77 42 28 3 371 634
3 45 14 3 396 556
56 33 23 1 337 576
98 29 30 6 618 749
21 1 28 2 401 690
87 91 22 1 371 598
66 19 6 2 489 749
58 99 7 2 224 300
75 35 9 2 404 637
82 0 16 2 488 561
18 80 5 7 352 599
91 64 12 3 265 465
0 16 6 2 279 465
47 17 18 7 474 598
79 32 9 6 702 783
76 13 26 7 213 361
91 98 30 6 545 729
23 14 28 1 329 534
88 87 13 7 646 783
52 30 24 6 449 697
53 81 14 2 288 442
8 9 18 1 473 573
75 74 9 5 403 468
36 60 22 3 265 366
55 12 28 6 490 702
40 18 26 6 434 577
92 49 23 3 202 405
16 0 10 1 207 505
55 88 9 4 273 566
14 81 27 2 667 780
30 24 18 6 487 619
50 26 22 7 481 629
78 32 22 5 509 665
99 100 11 4 604 722
97 84 29 2 302 426
0 18 14 4 371 445
22 83 25 5 209 294
32 49 13 2 286 395
32 38 26 5 234 354
42 13 17 5 288 490
22 8 20 7 523 727
58 87 6 6 305 526
52 2 24 4 364 545
2 15 12 7 250 389
61 19 7 7 392 682
72 76 26 7 577 679
78 80 27 1 304 588
71 73 10 7 330 540
31 93 21 5 278 494
82 41 26 5 349 608
74 98 11 6 459 550
67 3 19 7 451 645
55 3 7 1 515 793
78 84 30 2 203 386
11 35 22 2 503 670
96 28 10 1 618 689
70 89 10 7 418 655
82 73 11 3 302 483
75 79 30 3 636 793
32 0 14 6 471 561
34 81 5 7 216 471
41 98 29 3 506 631
43 44 13 2 377 475
38 2 19 2 561 788
26 9 13 7 385 626
82 72 9 1 486 630
3 83 10 2 499 769
8 95 11 7 695 776
27 72 29 4 296 417
76 6 9 1 375 645
35 55 13 4 241 508
75 12 14 5 220 445
37 26 15 2 336 608
86 100 5 6 599 734
43 24 12 1 249 533
1 88 16 4 437 500
87 75 27 5 285 419
66 98 18 1 216 359
30 81 16 4 230 412
22 38 5 7 648 771
87 96 10 5 265 439
6 82 10 6 302 401
44 32 6 7 430 712
89 80 13 2 393 565
91 83 28 3 257 464
65 18 26 1 532 740
25 77 17 3 550 720
43 51 27 2 332 541
29 97 10 3 203 397
8 21 14 3 488 624
77 48 10 5 623 721
27 11 28 5 655 794
18 28 28 6 294 585
32 37 10 1 427 553
71 80 11 6 206 319
56 81 23 3 332 443
15 1 5 3 711 789
61 17 28 5 422 543
61 0 6 6 283 581
4 9 18 4 621 693
74 20 21 2 555 780
99 60 28 7 550 797
61 21 7 7 604 689
29 19 29 6 425 670
76 97 18 2 312 398
60 54 17 2 568 705
1 82 21 6 415 674
6 46 28 1 473 706
17 53 11 5 264 564
15 26 7 5 538 766
0 88 24 5 465 620
31 5 8 4 593 724
64 63 5 1 431 706
45 56 20 4 376 539
42 56 18 5 569 689
68 78 11 2 427 712
55 15 20 4 628 745
56 71 16 7 472 590
32 39 12 4 524 769
37 80 6 7 402 522
59 62 18 4 369 495
42 49 16 4 500 792
13 99 27 4 232 330
72 66 17 7 419 629
6 13 19 3 530 775
93 65 19 2 479 627
18 27 6 2 516 677
14 17 8 5 369 473
53 56 29 4 533 712
41 87 14 2 265 499
1 36 15 5 217 402
39 37 7 3 247 409
96 85 19 5 407 473
53 72 28 3 326 391
78 9 13 1 549 685
7 59 6 3 349 508
65 35 22 2 329 399
20 80 10 1 497 638
52 93 17 7 295 435
27 63 21 6 541 752
20 25 25 5 445 673
2 60 21 1 586 689
25 24 22 5 302 492
20 65 12 2 551 661
23 39 6 7 344 472
94 81 25 5 265 472
18 48 25 1 364 552
14 65 30 4 466 665
17 63 18 6 479 633
84 34 10 2 356 617
15 7 25 5 700 761
61 72 15 6 580 791
86 17 20 3 326 453
83 9 14 6 525 601
71 35 19 6 450 619
95 17 17 1 354 548
7 91 14 7 415 555
38 99 14 7 659 777
4 51 15 1 325 402
76 100 15 2 250 539
17 0 14 3 680 779
40 29 24 3 394 476
61 54 6 1 415 549
79 23 18 4 202 286
24 32 26 4 550 622
57 5 8 6 584 648
53 63 14 6 491 583
29 68 13 7 549 700
83 25 14 2 605 683
43 73 13 5 349 443
42 5 17 3 238 378
52 74 27 6 460 638
91 31 30 4 212 496
7 82 29 1 410 677
76 64 19 1 272 384
9 5 18 1 208 364
2 3 16 4 380 669
51 93 9 1 275 352
62 42 21 1 323 491
13 48 15 1 224 309
95 15 6 4 455 731
38 49 30 6 561 650
0 8 20 3 522 646
2 30 14 6 365 586
59 63 25 2 368 644
24 9 25 1 207 382
10 78 6 7 333 564
99 22 15 3 270 377
46 74 7 6 437 530
4 60 22 2 504 796
79 72 8 4 695 758
54 79 18 6 332 558
94 41 9 2 547 612
62 13 25 3 295 396
0 37 10 1 209 307
12 86 15 5 517 609
95 82 11 4 539 728
2 44 20 5 364 533
21 29 23 3 323 413
13 34 20 5 246 321
61 84 21 1 538 793
46 72 30 3 367 574
83 100 19 6 257 546
23 81 22 3 533 646
67 68 15 3 449 534
29 28 21 2 374 498
28 19 21 5 534 797
53 48 28 5 325 391
23 12 17 5 357 528
34 4 15 1 362 422
8 67 25 5 449 613
76 47 8 6 308 486
79 25 19 3 614 690
19 89 18 2 554 764
25 28 18 2 559 782
26 92 11 6 311 568
91 28 25 7 474 750
44 34 23 1 705 792
36 89 23 6 354 545
68 94 26 7 584 671
58 88 25 3 532 779
56 43 17 4 244 534
72 79 6 2 347 441
70 93 28 7 559 659
23 41 20 2 505 711
85 91 21 7 422 497
29 86 19 1 298 388
44 89 30 7 439 574
97 39 26 6 518 761
0 30 7 4 634 751
78 37 27 6 646 741
6 86 27 3 508 705
53 65 12 5 412 707
8 28 28 3 583 655
42 50 9 5 545 791
9 67 12 7 568 654
91 87 17 7 381 478
100 49 22 1 246 355
52 0 9 4 221 471
21 93 30 7 308 589
57 22 27 4 626 741
29 57 6 2 567 755
41 7 27 6 578 663
21 83 7 6 414 691
83 71 13 5 704 779
17 21 9 2 445 588
9 85 10 2 561 710
27 75 20 2 236 449
75 82 24 3 256 392
82 65 23 3 361 599
97 72 14 4 583 680
11 100 19 5 511 728
95 37 10 4 528 607
99 54 18 1 494 773
2 84 5 4 311 425
12 18 8 4 367 580
62 40 26 4 332 532
84 49 14 6 541 644
68 5 8 5 242 303
61 77 11 4 369 609
7 55 6 2 238 527
5 87 26 6 231 335
40 80 14 7 383 550
23 62 9 3 491 738
61 94 26 3 306 594
12 59 21 2 276 485
7 86 16 1 362 434
6 15 19 1 206 359
18 35 25 6 309 524
73 25 30 2 366 573
53 64 11 5 549 789
77 40 27 7 397 621
29 42 9 2 395 648
94 97 11 1 291 523
67 14 22 7 402 558
79 98 17 7 293 580
76 24 8 6 578 717
85 82 19 4 216 417
62 46 10 1 315 517
39 60 8 5 537 754
19 39 14 6 277 537
37 65 20 7 385 661
66 23 20 7 625 793
59 16 24 2 653 729
97 20 18 2 209 456
94 40 9 6 544 626
70 21 25 3 358 522
97 70 30 5 396 692
16 21 10 1 480 653
76 20 29 2 483 549
37 37 23 2 473 752
9 57 28 2 699 799
44 66 17 1 341 464
96 91 8 5 264 471
11 22 26 4 313 396
1 56 21 2 306 440
27 94 7 3 490 738
48 1 18 5 556 794
77 21 13 3 206 434
50 32 9 5 255 441
72 22 13 7 367 660
10 72 27 7 402 561
61 51 27 4 442 642
76 3 15 7 206 290
73 52 29 6 541 791
6 14 19 6 517 662
37 41 25 5 328 612
5 14 14 6 250 525
93 16 26 5 694 757
61 82 5 1 271 548
66 46 23 3 328 483
2 80 14 4 514 612
24 78 9 6 246 417
73 84 13 6 658 722
31 14 20 5 352 566
83 41 8 7 312 576
35 74 8 5 410 564
8 81 10 5 360 446
86 10 30 5 212 329
12 76 30 7 235 382
77 92 5 1 208 421
96 98 27 1 608 702
95 40 5 1 495 777
95 42 19 5 337 422
86 40 23 1 471 553
34 6 22 2 450 649
80 20 19 5 285 377
24 39 9 4 390 451
34 76 19 2 217 311
32 77 15 2 210 308
77 18 19 5 428 539
37 20 26 1 515 639
68 80 9 4 304 439
41 92 20 1 460 637
57 80 23 3 330 509
47 26 14 5 304 586
0 79 7 3 351 443
32 86 29 3 301 558
58 39 24 2 223 398
1 0 27 3 547 639
82 70 10 7 596 726
94 100 22 4 536 663
17 10 27 5 405 652
69 67 17 2 592 739
92 64 10 1 391 481
53 9 27 6 244 540
8 11 22 4 421 593
38 39 10 6 287 562
25 48 28 7 264 398
31 18 18 3 344 528
45 96 6 3 616 770
72 24 11 3 470 605
90 19 16 2 541 702
70 26 28 4 404 685
3 71 23 4 492 788
87 85 7 2 677 761
15 89 9 4 325 535
14 97 5 4 503 590
3 78 26 4 497 625
35 83 5 5 662 758
76 36 8 7 432 507
66 66 7 2 515 594
76 14 10 3 563 626
70 59 8 1 316 401
11 60 17 7 367 578
12 63 12 5 468 729
74 55 6 3 249 383
25 47 5 7 557 798
46 37 11 6 210 478
65 59 13 1 247 484
22 4 22 5 313 513
31 89 9 5 564 751
52 17 22 1 570 701
15 58 27 3 437 594
64 53 22 7 358 525
0 4 14 1 297 457
16 99 30 6 427 624
32 61 17 6 577 766
100 61 22 6 212 313
91 43 22 7 407 649
18 10 27 4 291 357
91 56 17 3 588 731
5 26 20 5 218 288
22 1 11 2 436 616
14 58 5 7 266 474
23 94 12 7 321 491
38 41 13 6 382 667
89 49 27 6 393 465
14 40 21 5 326 411
13 74 6 3 275 361
92 29 26 6 504 570
63 12 13 5 270 347
29 0 12 5 202 409
58 45 10 3 674 781
70 58 22 3 490 714
21 89 11 7 279 558
80 14 8 4 201 493
38 69 22 6 469 716
45 15 7 2 254 503
55 70 6 7 298 530
46 70 21 5 234 332
14 54 15 1 513 628
92 6 19 1 324 587
82 63 17 1 290 503
59 54 26 5 624 729
44 42 7 6 349 412
4 96 24 3 283 458
89 61 5 5 300 562
83 7 10 1 448 566
21 75 19 6 366 568
74 90 10 5 200 399
11 62 22 3 218 491
83 42 7 4 545 629
74 52 11 2 296 403
59 71 30 5 438 587
13 57 12 3 292 495
39 15 11 2 285 534
53 6 23 2 215 473
4 77 27 6 624 736
51 45 7 7 446 719
20 68 10 7 387 607
83 37 8 4 412 588
66 41 25 2 521 749
46 67 30 1 244 398
4 55 29 3 430 620
5 25 22 1 389 609
55 59 26 4 292 480
0 98 15 3 345 506
66 5 26 7 237 516
80 15 8 7 203 404
60 21 11 2 211 300
59 31 12 6 322 402
56 3 28 4 492 691
87 38 13 6 508 745
17 54 12 3 493 692
85 44 7 1 517 646
29 31 23 3 535 779
52 78 12 2 465 570
50 0 21 6 231 292
32 10 9 2 670 740
4 70 25 5 463 564
47 22 28 7 230 519
9 48 29 6 200 473
0 5 13 3 287 372
27 80 13 4 649 732
55 38 6 3 584 727
86 92 19 1 336 610
24 99 14 1 449 701
9 100 6 7 535 737
60 34 21 7 641 741
35 32 19 1 472 623
63 5 15 5 359 626
15 32 15 3 257 410
4 93 28 5 466 759
85 96 25 4 275 346
66 34 15 1 587 762
91 60 19 5 320 508
30 15 27 3 338 623
9 60 9 4 503 664
20 95 7 3 632 698
1 26 5 1 420 596
45 27 28 1 476 704
39 93 30 4 499 686
55 24 25 2 568 731
74 91 16 5 346 542
86 45 19 3 267 332
68 16 23 7 527 644
22 57 25 4 530 638
13 55 10 2 508 644
33 99 28 5 470 569
70 1 5 2 303 379
91 10 17 4 583 706
28 87 24 3 515 780
80 78 10 3 707 792
21 19 21 6 457 557
89 54 11 3 635 757
50 64 16 5 339 582
42 14 22 4 342 443
15 3 18 2 443 541
47 1 21 1 615 771
88 13 10 1 365 529
65 92 17 7 578 732
48 10 20 5 403 528
54 5 27 6 374 617
4 34 9 3 277 355
72 54 8 7 446 606
12 8 27 1 571 712
64 30 27 3 540 662
52 81 6 2 363 480
21 23 11 4 455 661
84 91 22 2 393 691
5 4 6 5 384 466
47 42 27 2 369 666
16 76 23 5 550 646
83 46 23 5 373 612
38 53 11 3 269 497
97 9 12 2 491 682
51 51 7 5 404 648
0 7 27 3 577 750
50 61 25 6 387 661
41 34 26 3 237 488
14 59 15 4 638 706
24 58 9 5 367 451
33 82 13 5 513 669
27 28 12 4 445 644
54 25 29 3 432 632
40 24 19 2 548 698
93 39 27 7 343 429
89 30 26 6 200 350
27 45 26 6 374 516
47 66 21 2 268 553
67 61 14 3 265 434
65 19 28 7 504 792
28 23 12 4 435 562
35 3 17 7 497 765
42 43 21 3 293 429
78 8 25 5 730 795
44 4 21 7 660 758
22 7 16 2 392 453
99 26 29 4 206 431
65 33 15 4 238 441
27 35 22 4 335 412
23 36 24 1 556 747
92 2 21 6 690 756
46 18 13 2 553 783
64 34 9 4 616 748
89 41 11 5 582 712
36 19 26 2 228 461
73 70 5 5 529 665
84 4 10 3 299 568
69 88 22 1 473 736
46 92 29 5 452 694
65 25 17 7 472 769
67 81 16 4 447 724
29 52 12 1 444 596
29 60 23 3 226 437
36 70 27 1 496 650
87 54 29 4 499 646
70 25 27 2 203 400
52 5 20 5 335 409
41 17 20 4 541 725
71 5 19 1 257 503
25 97 25 7 641 712
25 90 7 2 531 597
3 73 22 2 486 719
81 81 25 3 219 410
58 28 10 5 328 517
9 97 28 6 298 598
60 22 16 3 606 758
42 67 17 7 385 587
84 56 6 5 417 691
61 97 15 5 403 679
23 4 19 5 487 725
95 41 22 5 392 548
98 38 27 6 550 712
62 98 20 1 734 794
61 34 6 6 264 429
97 94 22 1 420 574
61 43 23 3 296 537
4 19 20 6 233 341
65 4 28 4 491 565
2 45 15 1 416 641
86 53 14 1 522 664
58 85 22 4 353 650
62 99 5 6 566 776
59 38 25 6 391 641
69 89 10 1 241 405
69 92 15 2 447 614
80 17 18 5 631 758
49 51 14 2 370 559
8 76 19 7 540 745
29 91 15 4 413 578
88 98 14 1 488 562
89 18 26 5 531 670
77 25 24 7 546 689
31 2 11 3 457 717
97 55 17 7 277 413
95 62 7 3 596 716
49 59 7 3 299 537
45 72 15 5 310 508
9 71 9 1 640 734
83 67 17 4 215 464
84 79 25 5 248 527
35 93 27 3 334 434
13 82 13 2 323 420
34 40 14 7 382 505
97 42 19 4 605 762
26 79 6 4 460 711
97 82 27 2 579 674
6 20 6 5 299 376
51 44 10 1 582 754
99 28 30 4 464 725
66 81 19 5 416 494
9 59 14 7 437 576
34 61 15 3 597 702
72 91 11 4 496 689
92 61 20 5 511 756
85 17 14 4 282 381
53 66 13 3 424 709
57 18 11 7 268 482
12 64 8 4 401 537
94 5 30 7 420 626
26 73 16 3 360 648
35 15 23 4 362 605
18 30 25 6 342 531
57 41 14 7 484 760
10 82 16 6 604 767
73 29 11 4 505 578
64 47 28 1 627 695
47 45 11 1 493 744
14 91 20 1 550 621
35 79 23 1 637 700
27 13 24 2 364 519
22 70 17 6 489 600
2 6 18 2 257 361
76 78 22 6 684 773
47 25 25 5 406 574
57 40 25 1 599 732
31 40 14 1 382 575
24 34 10 6 388 457
17 69 23 2 398 469
24 46 23 1 249 458
4 38 17 6 557 764
81 42 13 2 283 564
35 28 30 3 293 392
67 36 27 4 612 770
2 67 14 3 668 774
5 2 21 7 228 370
32 78 18 2 287 348
19 26 13 7 403 545
44 43 23 5 382 622
48 77 12 4 523 751
91 73 26 4 240 508
18 89 24 7 215 433
14 87 25 4 303 562
48 78 13 6 318 613
95 63 24 5 265 427
9 93 22 7 205 385
90 37 11 5 300 586
16 33 12 4 264 369
41 49 11 7 399 569
36 71 10 4 606 742
35 75 29 7 321 595
63 49 27 7 355 473
25 34 30 1 367 619
26 76 19 2 517 611
57 79 18 3 288 495
47 12 27 7 585 667
21 94 25 3 420 680
60 96 11 1 340 435
59 40 5 6 531 607
63 29 8 1 381 572
50 52 18 2 464 720
52 18 18 4 414 630
67 9 27 6 485 761
43 43 15 1 586 721
16 80 9 5 477 661
48 2 6 7 606 741
26 15 25 1 349 464
6 78 15 1 281 342
3 8 25 3 483 690
97 35 22 6 523 685
9 75 21 2 510 726
75 93 16 5 696 760
11 27 29 2 493 691
80 79 18 3 364 568
92 11 28 5 353 514
19 22 23 3 350 604
48 7 21 3 586 719
75 29 9 5 722 784
42 12 24 4 314 468
25 25 15 5 371 593
78 26 20 1 271 518
48 70 8 6 691 757
31 61 12 1 248 389
99 57 18 2 542 699
83 56 15 4 260 501
93 41 12 7 492 682
46 26 8 3 494 691
93 84 21 1 260 546
29 2 15 3 614 736
8 33 25 1 389 669
96 84 7 2 313 554
35 0 7 7 544 716
69 23 20 5 274 521
84 53 13 4 288 430
99 47 17 3 625 753
24 73 5 5 318 598
67 60 24 1 276 431
63 98 21 1 531 733
21 39 20 5 263 444
14 74 25 1 308 434
47 89 9 2 470 547
81 93 27 4 349 475
27 68 27 2 404 583
6 39 19 5 377 545
51 70 18 1 484 569
85 0 25 3 246 532
62 39 13 7 569 774
92 26 28 6 242 481
16 7 23 1 473 636
63 25 7 3 346 573
98 37 13 2 454 670
3 80 27 3 614 760
86 37 18 2 474 734
50 51 10 1 441 616
54 98 28 6 267 332
70 13 9 7 597 704
18 15 14 1 316 451
51 88 26 5 469 539
100 48 23 7 469 627
10 12 16 4 383 633
2 76 20 4 526 717
1 42 30 3 560 677
49 6 25 3 261 561
76 63 13 1 561 718
32 97 13 2 336 613
54 96 12 4 552 652
4 59 20 6 262 348
23 32 12 5 366 653
65 21 25 5 639 722
11 30 30 1 509 735
94 68 29 3 639 788
68 21 21 2 325 543
98 31 14 3 203 285
11 18 22 5 607 691
6 41 19 5 410 627
65 74 16 5 383 601
99 12 25 3 594 774
29 24 6 4 459 745
58 15 25 5 415 491
27 84 14 3 431 690
2 82 13 5 632 754
43 90 28 7 366 441
58 23 15 4 619 728
1 43 19 6 283 394
68 52 24 6 450 577
57 49 17 5 225 445
12 68 30 4 202 303
96 80 15 7 596 666
82 80 22 2 380 541
92 38 8 1 616 696
83 60 19 2 384 476
32 87 26 6 286 401
21 3 23 5 587 675
7 73 18 3 532 752
7 47 29 2 472 628
14 89 12 4 403 656
83 90 30 3 352 425
65 66 24 6 259 459
69 81 24 3 552 654
72 78 14 6 399 549
15 12 14 4 217 474
95 30 28 7 428 650
6 35 13 7 413 528
61 29 26 5 687 772
0 76 16 4 438 529
19 58 5 1 331 459
75 6 22 5 577 745
89 65 19 6 514 600
54 85 21 7 613 715
78 96 24 2 443 564
23 89 25 6 210 326
51 87 9 6 542 603
70 2 10 4 303 505
4 21 27 2 286 424
64 45 27 3 210 415
75 86 6 4 325 475
70 39 19 1 438 585
9 25 15 5 667 757
74 50 13 2 276 360
88 88 7 3 469 654
34 77 11 7 545 731
20 48 5 1 273 416
73 98 12 2 534 676
63 1 6 5 272 417
32 40 25 1 451 685
23 18 10 2 445 517
16 68 13 2 231 358
49 42 7 7 462 584
96 69 29 7 410 695
90 21 7 6 468 591
68 9 10 2 569 715
46 58 7 5 476 548
74 59 14 2 508 775
51 9 28 4 266 332
53 51 8 6 424 598
64 23 28 1 628 712
75 20 28 6 485 721
20 78 13 1 357 619
75 69 16 2 374 449
33 33 30 3 322 433
40 50 18 7 682 761
67 35 14 6 563 629
62 25 20 3 272 332
2 92 19 5 209 486
69 17 5 2 543 800
72 100 22 1 564 685
29 8 26 6 348 624
49 91 20 4 429 550
66 82 29 6 291 577
24 47 21 5 201 427
8 15 6 7 590 658
4 73 23 7 202 282
2 86 29 7 341 625
45 67 19 2 432 656
0 35 24 1 531 608
10 55 24 1 261 459
86 30 26 6 264 490
27 98 8 4 450 594
46 15 12 2 615 758
71 20 6 5 483 612
28 5 18 6 210 422
76 37 30 2 258 521
36 100 22 1 544 628
54 58 16 3 397 484
86 88 6 7 720 789
28 85 8 2 485 776
71 40 18 2 302 570
21 2 30 4 528 592
77 7 7 3 572 775
98 12 19 3 419 672
