1755
0 93 0 0 0 0
35 100 10 2 628 692
1 12 25 1 480 714
2 39 22 1 321 590
78 66 16 5 377 452
40 76 5 6 506 712
8 85 12 6 342 424
67 69 28 7 388 486
0 26 8 3 393 550
13 61 16 3 449 583
57 45 10 6 330 391
94 22 21 7 300 428
59 20 19 1 398 581
3 56 13 3 468 761
28 50 10 5 606 671
99 30 18 2 280 434
65 87 10 5 509 634
93 37 12 2 231 371
90 64 10 2 251 424
7 29 18 2 487 616
96 89 15 7 265 532
21 39 22 3 546 703
4 99 24 1 404 658
4 50 26 5 504 620
64 29 20 5 643 728
28 74 10 3 207 294
82 17 25 2 426 691
52 6 6 2 483 704
73 90 21 5 519 772
25 64 15 6 247 315
22 9 23 1 510 779
92 85 24 6 444 721
68 93 21 6 531 791
81 44 16 3 206 400
2 32 28 6 607 770
40 39 12 6 254 373
57 32 18 5 281 563
94 60 12 3 314 529
26 7 17 7 370 637
8 97 13 7 559 665
59 26 21 4 490 770
11 16 25 6 518 742
11 48 12 7 393 610
41 29 8 4 323 553
30 50 26 2 252 442
81 79 25 2 212 509
71 80 28 3 400 570
18 56 26 5 495 791
94 91 26 4 466 548
56 3 26 5 391 609
58 2 15 2 476 698
28 54 16 5 424 648
47 15 26 4 510 625
16 98 11 3 279 405
80 65 27 6 273 453
25 38 16 3 218 284
67 82 11 7 241 477
36 26 5 4 267 400
10 88 6 4 378 571
51 40 18 3 267 505
68 43 17 1 587 653
67 38 12 7 447 739
51 46 21 3 279 536
87 25 20 7 252 432
11 92 17 2 463 750
76 34 28 2 649 783
73 69 26 1 290 541
27 72 27 2 254 437
48 67 9 7 238 375
43 89 17 1 328 418
87 35 7 7 394 552
37 88 6 4 327 494
46 21 6 2 337 577
50 95 27 3 580 723
0 40 27 2 212 484
82 19 11 2 381 663
3 14 5 7 390 521
89 50 8 3 624 719
23 77 15 7 354 465
89 15 16 2 431 512
21 42 22 2 449 591
41 73 21 5 232 378
30 19 11 1 489 560
52 41 7 1 529 681
53 81 14 4 423 635
42 100 8 6 479 767
33 57 18 1 544 764
24 70 15 1 575 793
76 97 19 1 295 494
7 85 8 7 559 695
88 42 13 2 258 496
88 33 25 2 517 734
86 50 6 5 421 556
100 36 29 1 694 790
61 43 24 3 571 670
54 59 19 6 271 543
98 68 21 1 299 509
98 91 16 5 509 647
41 84 14 1 471 689
51 19 22 5 567 694
27 36 18 1 201 465
38 58 9 1 386 644
28 24 19 7 361 659
47 72 14 5 539 609
42 21 13 5 417 716
54 88 24 3 354 551
32 41 24 4 334 500
72 30 19 2 270 461
85 92 7 1 410 576
15 42 7 2 266 562
18 10 28 1 336 626
39 93 7 3 491 782
71 58 10 6 621 709
85 67 27 1 316 535
84 90 23 6 401 665
24 67 30 5 252 394
22 71 8 3 571 699
80 73 6 6 568 673
16 5 18 4 515 609
49 46 15 5 313 575
88 32 27 5 431 542
87 27 26 3 730 790
5 28 15 3 429 674
45 72 9 6 287 476
33 18 21 3 381 617
98 2 26 1 471 718
95 30 20 1 228 339
77 15 30 2 460 612
82 98 25 6 680 747
57 89 23 5 596 671
65 37 9 1 233 477
60 17 29 4 347 502
68 77 11 4 248 524
81 24 20 6 553 705
20 67 10 7 534 656
99 58 17 2 233 527
8 92 30 2 316 422
66 45 8 4 335 607
24 33 12 3 354 491
27 97 28 3 252 477
24 89 5 7 349 496
22 93 7 6 430 556
76 17 9 6 442 592
3 37 24 4 485 616
58 81 7 6 498 763
73 54 23 3 481 587
87 44 26 6 451 648
9 99 27 4 308 421
52 25 27 7 704 775
23 32 9 2 236 504
72 18 15 7 254 351
97 63 14 3 562 641
91 35 6 4 441 559
39 49 24 7 422 499
47 44 24 4 297 586
3 7 29 5 495 694
28 48 27 3 381 506
47 70 24 4 370 503
0 13 16 7 364 553
7 60 11 6 283 397
3 41 16 3 469 617
87 5 6 5 481 735
2 51 23 3 387 518
90 93 12 1 532 773
53 66 14 5 381 464
37 47 15 6 452 633
89 37 8 5 398 663
75 29 12 4 223 454
17 28 10 5 368 631
69 42 22 4 201 475
67 43 23 2 449 558
84 1 23 7 442 595
97 89 14 7 366 547
37 37 9 2 404 499
77 68 11 3 365 628
7 86 20 4 504 725
84 29 27 5 582 661
58 91 27 2 391 543
42 80 28 4 348 540
52 13 28 2 427 671
95 94 10 4 614 785
21 87 7 7 426 559
60 41 28 5 409 566
16 76 8 3 217 295
8 94 27 5 456 650
1 6 24 6 331 404
74 93 10 3 249 468
90 8 7 7 627 724
20 91 13 4 485 621
58 79 12 4 430 538
70 43 30 3 507 792
45 28 30 4 554 733
92 9 19 1 522 770
59 91 22 5 498 589
10 71 30 2 531 710
60 56 28 4 375 553
97 71 8 2 480 632
68 52 9 7 466 526
76 85 8 3 398 601
8 65 28 4 443 714
53 71 13 2 487 624
74 34 10 3 386 573
96 73 18 2 478 602
19 59 23 5 325 396
0 31 20 3 417 591
28 88 9 5 646 785
6 73 13 7 213 373
5 93 10 6 375 498
45 6 18 7 537 695
19 53 30 3 620 792
54 56 16 3 426 548
97 84 13 5 301 560
47 14 21 3 562 669
99 35 20 3 527 719
2 33 14 4 322 558
40 18 6 7 607 695
62 89 30 3 606 722
30 31 22 7 691 798
66 47 26 2 277 383
81 95 6 5 297 584
56 86 15 6 431 512
73 86 24 4 260 399
46 37 25 2 483 670
43 4 22 3 378 612
25 30 20 3 545 773
92 61 19 1 313 418
98 94 13 5 527 768
51 30 8 6 532 688
41 28 13 3 485 674
15 55 9 3 260 405
99 72 19 1 444 537
81 96 12 7 362 533
17 33 6 4 634 782
8 28 10 1 222 287
8 100 5 1 237 441
52 82 24 3 588 788
11 3 14 6 402 494
1 99 27 5 675 772
74 33 7 2 558 645
67 28 19 6 255 446
97 44 16 7 250 501
22 20 18 5 242 524
84 57 21 7 438 670
93 26 18 6 348 557
71 82 29 2 599 725
36 98 29 7 406 639
97 6 10 1 570 798
91 98 19 6 248 354
10 90 6 5 659 719
75 13 10 6 710 786
60 84 8 2 438 707
59 74 13 7 551 757
93 24 21 7 337 447
29 72 28 3 278 457
18 39 18 5 431 550
67 54 25 3 239 325
78 33 12 5 537 670
18 46 19 7 426 726
15 28 30 2 549 779
35 13 13 1 207 360
51 58 26 5 448 608
74 89 8 2 364 660
58 88 22 3 241 488
21 16 8 3 277 346
63 6 6 3 477 542
32 73 27 2 424 670
63 69 26 2 238 515
8 16 30 6 285 368
99 32 6 2 416 640
100 3 5 2 513 599
13 75 16 2 418 547
11 25 23 7 556 796
95 8 14 2 330 496
88 85 9 1 497 583
13 68 12 5 490 689
54 5 18 3 325 441
96 94 15 3 590 784
88 83 23 4 671 762
49 42 20 4 491 682
29 43 22 4 412 690
33 16 29 1 524 596
33 99 25 7 546 680
100 10 6 6 585 683
14 57 24 4 374 627
99 98 25 7 200 448
23 100 16 2 447 744
82 67 6 5 210 375
22 52 14 1 265 347
48 17 16 2 268 482
2 31 17 2 238 431
96 74 29 5 285 481
7 59 28 4 371 431
35 38 7 1 626 775
4 73 16 2 476 739
68 86 26 3 505 714
54 79 5 3 326 453
51 29 13 4 626 692
39 98 7 5 348 533
79 14 12 4 451 636
83 74 20 7 496 755
14 27 15 6 600 687
93 1 26 5 631 752
63 91 14 7 358 449
29 62 23 7 505 789
10 94 6 4 281 472
12 12 29 6 228 468
32 98 11 2 408 693
88 87 8 6 497 645
9 46 20 7 526 774
77 11 10 7 702 798
85 38 19 2 208 459
48 52 14 5 283 390
88 66 12 1 707 783
44 61 11 2 680 785
48 28 11 7 307 572
86 61 25 5 511 686
86 71 10 5 369 601
69 0 9 4 570 793
76 6 20 6 262 532
41 31 21 1 431 670
70 91 11 7 287 512
20 87 6 3 374 460
41 47 14 7 432 550
88 40 12 6 481 709
91 24 29 5 469 687
78 89 20 1 293 591
36 86 19 4 233 500
90 12 30 1 592 653
15 12 28 2 238 456
64 91 19 4 405 555
64 81 24 1 427 698
90 74 11 5 495 660
49 59 9 1 204 264
83 86 29 5 398 622
66 36 29 1 401 593
42 41 10 7 626 786
68 13 12 6 255 330
49 38 19 2 460 573
55 63 23 5 578 761
98 77 25 1 375 605
11 60 12 4 542 658
79 13 5 7 542 616
91 65 10 2 250 510
63 77 11 1 576 771
21 2 26 1 220 356
100 16 10 3 655 739
34 98 21 6 391 676
61 70 18 3 598 697
92 21 20 1 490 738
61 80 19 4 329 547
52 64 8 2 617 764
4 92 15 2 364 451
18 83 24 6 352 637
53 72 23 7 452 637
11 78 24 2 488 777
49 89 19 1 297 490
48 11 27 5 212 377
49 21 26 7 315 477
63 31 5 4 507 589
52 36 15 6 418 529
86 12 26 7 469 536
21 62 22 7 281 384
15 9 15 4 499 754
20 58 19 7 302 584
27 98 14 3 429 685
27 60 28 2 592 698
3 54 5 6 470 595
13 17 11 5 410 613
77 19 14 4 257 392
10 20 5 1 556 762
0 9 17 1 221 423
50 50 17 2 225 516
9 85 22 6 335 625
50 2 29 4 229 442
57 95 27 2 410 648
79 79 17 2 354 575
41 25 6 7 376 622
71 69 24 3 640 758
22 79 22 7 452 580
29 21 6 2 569 718
8 52 15 2 347 503
85 53 11 5 587 708
7 42 21 2 615 748
41 65 30 6 369 558
96 60 8 6 667 741
58 53 7 7 665 750
40 41 25 1 566 637
59 82 5 3 588 793
94 47 25 7 360 645
14 9 30 3 234 423
44 3 29 5 216 361
55 93 30 5 306 547
72 0 12 2 249 465
23 35 27 6 230 459
19 4 30 6 367 447
75 7 29 3 338 484
57 2 6 7 357 465
42 35 28 2 428 531
81 27 29 1 567 755
44 25 9 5 452 517
31 47 28 7 581 766
73 62 9 5 386 509
35 66 24 2 251 474
41 81 13 7 242 308
62 63 24 3 457 702
11 100 16 4 630 779
44 80 25 5 526 694
73 29 10 6 494 642
18 96 20 2 452 562
8 22 26 2 282 477
8 80 27 2 511 663
76 27 9 5 494 607
7 5 19 1 408 517
66 76 22 5 432 539
14 36 7 7 574 688
85 11 30 7 213 387
95 5 25 2 572 753
5 44 8 4 419 525
85 57 21 5 367 602
50 44 25 5 440 586
85 47 5 1 300 510
76 8 10 1 547 707
10 51 28 3 655 754
36 52 10 1 356 459
58 86 21 2 451 662
36 51 11 4 469 598
89 84 21 7 344 488
9 42 8 5 316 532
54 93 26 6 456 592
56 75 8 4 331 590
36 65 24 2 238 317
72 35 12 1 502 626
5 46 19 1 224 336
82 7 8 4 233 338
58 78 6 5 420 551
61 99 26 1 442 705
1 38 5 4 572 712
27 75 20 3 302 593
85 29 26 1 376 523
66 2 14 4 340 473
71 73 8 6 274 398
86 55 12 1 497 711
43 38 17 5 499 793
26 63 6 6 497 615
55 25 24 7 604 739
98 57 16 3 337 438
1 30 10 1 320 459
32 40 12 5 339 558
96 1 11 4 481 714
78 54 10 2 274 413
21 85 5 4 405 618
52 46 27 3 653 786
89 39 14 7 435 549
74 53 20 5 211 390
32 12 14 3 203 444
95 35 7 5 599 668
82 22 22 1 409 709
81 70 20 4 300 545
73 11 11 4 517 652
54 42 17 2 304 466
27 5 12 6 695 767
83 1 17 7 444 529
89 46 30 5 484 549
27 63 24 6 307 436
45 99 6 5 224 304
75 100 26 1 484 769
90 4 29 3 676 779
2 40 28 4 456 652
9 32 13 5 623 698
13 27 8 2 361 573
29 61 5 6 258 523
54 21 30 7 227 524
50 39 9 6 232 527
84 83 6 4 268 432
67 8 6 5 250 475
14 78 6 7 289 420
92 35 14 2 271 452
11 10 24 7 358 455
52 34 29 6 413 605
19 90 9 1 517 585
10 31 27 5 581 793
83 88 17 2 611 736
11 56 5 2 618 695
31 19 7 3 208 390
75 73 21 7 301 380
90 60 16 1 386 679
49 4 14 6 433 615
71 87 20 7 620 732
43 86 20 4 289 402
94 32 6 4 255 359
17 41 17 3 313 511
92 39 28 4 246 441
89 76 18 6 236 365
80 8 14 5 405 637
57 20 9 4 336 465
88 12 7 2 503 587
53 92 18 2 276 569
11 13 14 4 266 374
55 19 23 3 279 573
79 75 30 2 429 493
9 79 6 1 518 701
96 38 11 1 387 469
10 50 12 1 682 746
86 39 12 1 438 600
94 90 29 2 562 782
70 56 11 6 598 658
69 29 27 7 268 553
32 46 7 7 275 465
9 45 29 3 667 743
22 31 28 2 448 515
78 19 6 5 586 693
20 62 21 4 364 427
82 65 23 4 458 725
35 36 28 4 447 680
86 15 17 3 600 785
18 49 11 7 410 628
65 17 15 2 515 733
80 98 21 5 571 726
33 98 30 4 689 754
12 92 25 7 515 654
51 15 20 2 591 666
88 18 11 3 287 446
69 18 11 5 394 611
90 20 30 5 268 332
100 95 30 4 422 635
87 58 10 3 427 585
51 77 16 4 561 752
85 70 24 5 585 676
17 19 13 4 361 612
71 47 28 4 241 389
27 76 10 3 307 446
64 20 27 3 532 613
9 67 8 1 407 498
99 36 25 3 566 628
90 75 7 3 341 634
37 48 15 7 478 633
53 53 15 5 320 492
44 40 19 2 372 448
66 61 5 4 234 505
38 79 12 4 440 536
26 1 26 7 310 425
24 10 28 1 201 280
13 31 15 1 506 771
69 60 29 3 304 381
60 61 25 6 278 356
47 56 17 5 532 620
94 48 16 4 584 785
51 39 28 2 547 691
71 14 13 6 223 371
57 68 8 2 472 655
2 95 11 7 645 780
92 68 9 2 330 614
2 24 6 2 319 597
32 36 13 3 204 322
30 49 8 4 281 458
66 15 29 1 321 482
56 10 27 6 333 554
85 96 20 6 361 656
84 13 21 2 426 648
40 55 6 5 311 562
50 20 28 1 318 465
26 57 5 3 231 291
92 57 21 7 362 516
34 2 6 1 266 562
41 38 17 6 504 759
89 35 29 4 481 545
74 12 13 5 554 633
2 67 9 6 422 708
26 46 10 1 461 607
4 35 28 4 504 777
71 57 14 4 639 713
56 30 14 7 633 762
17 95 25 3 260 323
56 4 21 1 234 294
15 18 5 5 487 755
42 30 9 2 344 562
43 43 18 4 657 745
76 46 9 2 343 452
59 58 6 2 305 538
15 70 9 4 492 661
34 87 13 1 432 713
36 71 11 5 412 579
80 38 13 1 683 793
22 53 5 4 415 682
26 0 13 7 517 678
35 96 22 2 259 392
19 24 22 6 244 422
32 20 7 1 262 539
34 11 12 7 539 697
50 61 7 4 374 440
69 12 23 4 473 741
40 68 5 3 344 480
15 79 23 3 362 497
34 57 25 7 642 702
40 89 22 4 569 686
78 51 27 1 545 736
61 79 22 5 492 571
94 10 17 5 343 511
67 36 26 5 307 502
31 76 25 3 270 410
60 52 20 2 419 490
90 89 22 1 323 508
2 25 7 3 283 485
17 40 26 2 312 525
58 90 16 5 217 277
62 80 17 4 202 456
86 42 27 1 219 294
69 72 8 7 200 330
75 49 10 2 293 559
46 94 17 5 506 751
68 10 30 2 528 727
33 93 27 3 234 312
6 100 27 4 556 717
20 44 18 2 515 710
11 8 5 5 690 781
73 33 19 2 556 665
30 69 28 2 554 679
29 11 16 3 237 385
56 1 13 2 201 431
57 16 16 2 288 391
76 25 14 5 207 352
49 3 29 6 342 594
83 45 20 4 369 501
21 30 29 1 310 396
43 7 27 1 418 699
72 56 23 4 680 758
47 86 30 4 379 500
93 5 14 6 353 535
89 55 6 4 387 671
95 73 27 7 479 694
0 80 6 2 487 761
78 83 23 2 202 460
29 6 27 4 460 605
100 82 21 6 599 745
84 84 27 7 311 586
4 10 6 4 260 452
26 4 16 7 571 749
78 31 21 7 275 506
70 45 7 7 239 306
71 41 23 2 659 751
74 59 27 7 383 505
99 12 7 2 278 392
59 17 18 5 385 541
52 68 20 1 598 778
88 68 27 7 282 396
75 72 24 2 560 681
90 49 27 4 259 465
18 50 22 1 519 652
56 18 29 1 601 785
98 29 27 7 431 679
65 97 24 4 436 629
76 57 19 7 351 506
33 7 20 1 367 521
14 8 12 4 552 677
43 32 13 5 553 702
88 26 25 1 254 513
41 61 29 5 293 414
68 14 8 6 272 358
19 85 29 5 458 561
4 29 15 1 600 715
15 21 17 6 345 496
91 22 23 2 336 542
29 34 8 2 224 367
93 29 12 3 363 445
54 37 23 3 263 514
47 43 21 2 712 787
89 45 24 1 370 641
58 87 27 1 360 629
9 87 13 6 581 659
44 8 22 4 586 749
70 54 6 2 679 790
81 56 16 4 439 661
27 37 25 1 557 766
63 41 19 7 271 495
62 19 11 1 550 784
42 4 8 1 551 653
59 33 17 4 403 642
42 58 20 3 680 752
40 99 15 4 542 786
97 60 11 1 464 590
82 23 30 4 557 748
13 6 15 2 280 528
88 13 18 5 590 778
92 65 10 7 603 683
67 78 27 3 662 800
98 32 21 5 631 788
79 29 24 4 238 395
62 17 13 5 498 594
85 42 28 5 553 624
92 20 26 7 509 594
34 65 5 6 360 639
59 77 20 6 600 718
37 51 20 3 319 608
38 66 20 1 214 507
87 21 10 4 653 767
8 72 24 1 573 678
89 59 11 3 371 634
34 50 13 5 366 549
77 61 12 2 278 345
2 60 5 4 353 618
43 91 24 2 396 632
61 51 17 6 420 653
9 84 22 2 361 612
67 97 5 7 433 659
83 52 11 6 242 530
95 20 17 4 495 689
82 70 9 2 211 452
88 88 19 7 615 726
30 55 30 1 533 716
60 5 8 6 574 669
15 7 5 3 593 660
90 22 9 7 650 757
80 0 19 5 203 330
67 98 28 6 493 737
58 37 15 4 277 539
32 39 29 6 336 417
87 85 11 5 481 743
98 51 24 2 265 458
15 45 22 3 271 466
69 79 13 7 514 756
48 57 7 7 221 507
40 69 27 4 249 499
16 63 16 2 263 506
59 29 23 2 485 755
11 82 27 6 230 525
70 92 16 3 275 547
12 86 9 7 508 618
28 75 8 7 399 695
25 17 22 2 518 652
37 68 13 3 418 634
65 57 29 2 289 355
60 89 21 7 245 313
64 87 12 7 405 481
22 92 17 5 285 573
86 33 18 1 494 745
35 99 16 2 573 691
61 24 9 6 466 699
18 18 26 6 597 726
22 68 18 3 249 471
83 43 6 2 410 693
44 19 13 3 296 519
79 71 10 5 531 661
89 7 7 2 604 760
82 82 20 4 585 737
63 66 27 2 338 563
41 18 14 1 547 737
42 98 10 1 579 717
98 92 20 6 639 706
44 59 9 3 202 435
32 27 25 2 524 737
58 70 23 3 398 458
58 5 30 7 531 626
31 51 19 1 331 602
8 95 22 2 281 511
96 58 22 6 337 438
21 14 17 4 269 411
99 11 7 2 349 569
60 74 17 5 665 739
85 79 28 4 513 775
76 4 29 2 297 577
22 100 21 6 578 660
26 23 7 1 668 747
51 61 14 3 406 468
43 33 20 3 281 435
52 42 17 2 486 689
16 35 6 2 578 727
22 38 20 1 339 499
67 92 22 7 452 554
0 94 15 4 443 618
27 50 21 4 484 770
46 84 9 2 216 471
94 99 27 2 598 787
53 82 6 2 532 736
7 52 5 2 494 644
60 33 27 4 333 471
43 87 29 5 298 411
1 43 16 4 704 800
65 86 20 7 403 598
19 12 23 6 206 370
33 92 28 1 440 606
8 14 15 5 487 584
83 82 19 6 382 672
96 83 16 2 368 544
93 30 30 2 402 552
47 95 5 3 716 780
69 64 15 5 680 756
2 99 29 1 276 496
31 77 14 2 322 609
1 47 11 3 507 655
80 24 26 1 375 466
16 85 12 2 499 641
53 40 23 7 372 538
64 26 26 1 401 528
79 1 6 1 404 529
8 82 8 2 349 557
96 51 22 2 223 426
80 50 7 3 343 561
64 63 20 6 260 480
39 30 21 3 404 645
52 73 11 1 253 519
53 26 6 3 488 675
35 20 19 2 518 602
21 45 9 4 544 641
85 13 15 2 655 773
17 57 27 3 417 621
67 6 13 3 474 545
37 14 16 2 247 536
49 88 10 2 483 676
11 74 12 2 671 799
57 33 16 5 305 471
64 18 9 3 604 678
90 31 21 1 218 395
21 26 7 4 491 622
65 71 26 4 475 668
5 87 12 4 308 487
37 85 12 7 214 460
13 11 29 2 414 556
98 66 23 6 451 611
23 88 26 7 498 561
66 12 13 6 319 518
88 9 20 5 541 718
57 61 20 3 273 410
29 51 13 3 283 379
15 92 21 7 285 440
20 63 16 5 380 459
0 10 6 1 467 542
64 15 11 2 464 588
76 24 19 2 356 638
3 55 27 1 329 398
68 34 29 7 550 742
51 91 11 7 569 719
98 90 25 3 459 631
1 54 26 2 503 792
66 68 12 7 469 754
77 3 14 3 473 664
8 37 22 2 531 628
57 91 16 4 352 572
3 39 27 3 372 634
42 14 23 4 474 655
20 31 26 4 286 489
75 3 23 5 474 711
81 4 10 5 527 753
3 65 19 7 409 586
7 50 17 3 229 511
70 38 9 1 275 470
96 66 7 3 405 678
56 33 10 4 303 585
11 0 29 6 592 761
75 68 22 6 247 507
86 66 20 5 466 710
20 15 12 2 391 481
87 88 27 4 463 603
97 7 17 6 448 542
7 82 16 5 409 584
44 39 23 3 419 560
18 61 8 3 605 671
73 97 20 2 212 447
77 4 11 3 227 501
34 38 18 1 652 718
64 80 30 7 293 514
63 33 21 2 277 381
2 89 16 7 523 700
11 61 23 4 221 308
40 66 25 7 280 378
27 43 14 1 498 632
78 72 9 7 471 592
17 84 15 2 374 587
85 90 27 4 416 490
75 21 11 1 411 638
74 88 15 2 327 621
58 47 21 2 391 520
89 38 21 4 609 740
56 98 28 5 244 486
34 62 15 3 254 373
90 18 12 5 239 536
40 73 18 4 338 408
17 37 29 5 578 658
5 31 26 7 597 748
69 70 23 6 456 624
26 19 5 6 416 538
43 25 14 7 451 585
58 92 19 2 320 409
88 81 13 2 520 779
94 34 16 1 573 709
68 80 26 5 438 505
33 89 9 1 454 538
48 95 7 6 482 570
22 17 20 5 401 512
39 86 19 2 469 670
71 100 8 6 479 710
33 14 19 6 373 671
54 96 19 1 315 423
32 14 29 5 261 449
62 54 29 7 580 683
24 85 6 2 366 571
20 1 27 6 654 768
98 39 23 2 642 746
40 38 22 4 501 649
52 96 17 4 439 538
44 64 11 1 294 411
14 93 5 3 387 589
25 31 26 6 294 403
39 0 17 4 461 644
30 37 24 4 358 634
26 86 24 3 385 637
56 74 23 4 343 501
99 60 12 7 639 744
22 23 28 4 228 443
41 19 9 1 560 638
95 62 6 2 353 522
59 30 16 3 376 552
86 60 7 6 367 446
100 35 9 4 495 762
64 7 16 5 253 502
16 94 25 4 447 559
38 30 26 7 380 664
39 24 12 2 304 574
83 41 26 2 568 647
49 95 12 5 216 301
81 75 20 5 471 558
28 19 22 5 424 488
63 3 5 3 415 604
31 22 7 1 258 517
14 72 20 6 219 373
44 0 22 6 564 755
91 32 15 6 378 610
25 46 12 5 374 595
42 6 25 3 468 708
91 10 28 3 348 429
71 45 6 5 306 428
24 98 16 4 453 615
2 1 21 3 490 596
37 72 19 4 357 496
92 5 10 5 397 532
86 18 18 2 575 731
17 3 25 7 535 777
4 94 6 3 462 669
37 62 12 4 265 371
19 25 11 3 465 619
85 61 25 4 300 593
25 29 9 3 480 762
93 55 30 2 519 713
11 33 25 6 455 515
47 42 20 2 437 503
5 100 10 1 599 705
54 67 6 6 261 388
42 82 22 3 691 762
12 28 13 4 215 435
66 3 6 5 374 659
9 82 28 1 204 283
80 30 13 5 410 599
32 60 29 1 386 596
84 17 9 7 335 538
63 20 22 2 225 476
64 77 28 4 329 490
26 98 11 6 532 784
91 12 16 1 354 558
68 5 18 2 497 721
54 50 5 4 509 645
7 73 24 4 521 672
65 18 9 3 426 497
35 3 20 6 269 557
62 40 20 6 412 597
26 16 24 4 386 520
51 23 14 3 269 464
83 42 6 3 700 784
95 19 18 6 418 512
100 90 29 3 312 452
77 10 26 6 264 497
90 48 15 1 576 674
22 46 13 2 334 618
84 86 26 5 473 567
62 70 14 1 281 488
98 23 6 6 455 532
50 29 15 4 395 505
94 100 6 7 417 599
6 47 5 5 261 439
94 14 19 7 263 323
19 57 10 7 383 653
36 17 28 2 280 415
17 88 9 2 701 796
100 11 6 2 286 402
50 30 24 5 375 436
9 31 29 3 462 590
26 3 12 2 359 437
20 4 9 1 596 777
93 69 10 7 382 532
14 25 6 6 345 616
51 16 29 2 297 539
9 89 17 7 320 388
36 37 8 2 437 616
6 31 5 2 639 745
45 24 22 2 418 660
54 45 16 3 440 728
59 22 22 2 428 712
73 35 14 4 268 418
27 14 20 4 375 651
70 3 28 6 359 554
39 94 25 6 490 691
45 77 9 3 380 553
28 7 15 3 353 500
70 13 9 4 576 786
42 22 27 7 671 766
63 98 13 2 453 653
88 63 11 3 535 756
29 25 21 3 219 347
80 29 27 1 494 684
30 99 16 3 248 398
30 95 29 7 512 756
60 24 8 4 492 740
72 10 15 6 251 395
84 15 27 7 289 428
2 20 27 3 328 401
70 80 29 3 368 581
81 74 10 2 615 680
6 16 10 2 493 765
28 90 23 4 604 698
97 39 6 4 588 775
69 7 21 1 638 784
79 47 7 7 271 540
78 18 13 5 498 682
24 84 15 1 550 748
71 24 22 2 461 665
52 65 6 2 416 632
4 93 15 2 297 530
62 44 27 4 378 555
35 34 17 7 615 773
78 12 19 4 447 665
17 39 20 5 439 677
97 53 22 6 273 458
40 13 10 6 226 493
81 85 9 7 320 465
23 21 20 1 350 504
85 15 23 1 548 687
92 71 18 6 360 572
73 96 13 5 302 451
33 12 17 7 542 748
55 35 7 3 245 447
97 20 6 7 228 477
6 10 29 3 525 656
25 61 23 3 297 422
91 39 14 7 226 319
11 38 17 6 554 746
79 3 15 5 444 662
14 40 19 7 225 328
98 96 26 3 596 779
51 41 18 6 458 525
61 66 15 5 373 493
76 71 9 7 590 745
95 2 5 3 427 582
46 77 17 3 354 597
19 5 28 4 552 686
25 48 23 7 220 369
95 17 30 7 447 629
45 62 17 4 505 664
45 89 21 4 500 715
1 52 11 2 393 613
94 31 19 7 486 592
54 35 8 3 401 612
36 27 6 1 233 394
46 5 9 5 392 542
65 44 24 6 310 481
1 64 8 4 596 693
9 5 25 4 274 475
34 16 23 7 605 800
83 69 7 3 239 475
71 99 25 1 412 578
50 60 25 6 672 757
77 29 20 6 244 312
69 40 7 3 451 633
32 94 12 1 461 549
80 3 23 5 507 730
2 78 13 1 350 518
73 10 18 5 428 626
29 38 19 2 365 451
66 50 13 6 344 594
53 57 23 3 447 573
30 43 9 4 494 724
97 42 29 3 458 661
10 92 6 2 248 544
23 71 9 5 203 304
1 3 20 2 650 743
57 53 30 2 533 626
51 34 30 3 273 447
28 79 13 4 648 723
39 77 15 7 477 630
98 67 11 7 662 774
64 78 27 5 335 560
22 94 16 7 421 519
1 95 12 1 332 541
76 59 21 5 268 485
67 52 28 4 210 305
68 30 25 6 383 628
57 39 9 4 322 416
40 94 30 5 352 651
76 98 11 4 262 514
64 42 20 5 235 398
8 8 25 1 605 736
61 1 16 7 540 795
35 30 12 1 454 592
40 33 9 5 214 279
62 61 18 3 382 603
31 29 27 5 509 753
37 28 5 4 520 598
25 44 6 2 281 451
84 30 13 3 359 504
96 54 13 6 431 575
28 26 16 7 240 518
33 94 27 2 341 586
8 76 30 4 571 799
36 66 11 5 260 416
44 81 25 2 597 741
10 26 26 3 499 592
36 10 21 1 287 586
80 22 8 6 337 506
18 86 24 2 348 596
83 14 20 5 431 551
29 88 11 5 505 617
25 51 10 3 449 509
1 0 20 5 431 680
33 47 11 4 521 590
43 34 29 5 528 622
79 34 26 5 530 681
15 51 12 4 239 370
90 88 5 5 332 558
6 26 28 2 466 714
91 86 27 4 390 522
19 58 24 7 494 735
78 96 9 5 529 606
77 88 28 1 412 628
88 100 27 2 237 371
95 11 30 4 342 595
32 6 23 4 346 635
83 75 24 1 490 553
64 76 27 2 582 763
69 50 14 2 340 573
78 50 15 1 504 645
57 58 27 2 439 590
14 64 7 2 552 732
78 73 19 2 221 490
67 63 5 4 586 724
36 77 19 3 406 641
58 77 19 5 384 552
42 0 23 1 592 742
73 59 16 5 608 718
12 26 21 5 361 465
75 97 27 7 201 487
26 29 10 5 245 388
55 4 23 6 213 413
51 47 20 4 240 509
40 6 22 3 573 658
63 68 9 1 402 623
76 38 13 5 348 442
92 50 20 6 347 543
81 28 23 2 509 672
52 18 28 7 404 679
10 100 26 4 459 682
49 12 18 5 567 763
49 40 27 4 305 509
75 50 8 2 710 786
56 50 19 5 200 267
87 74 21 1 605 676
19 37 18 3 453 529
41 34 26 1 548 778
69 32 11 7 267 468
26 45 9 3 346 412
41 39 5 6 237 497
29 82 8 5 299 541
98 95 18 7 433 639
20 9 20 6 542 768
71 78 13 5 464 673
96 29 30 2 497 659
80 78 30 2 354 422
68 8 11 4 314 504
13 88 19 1 546 794
21 0 27 1 475 744
23 34 13 3 699 797
91 82 17 7 271 457
55 65 6 3 643 721
34 37 27 5 463 649
60 77 6 6 508 775
93 8 9 5 504 770
17 71 16 1 408 690
27 39 19 5 265 471
75 41 21 4 361 522
66 30 5 3 552 657
0 65 12 7 539 677
93 13 6 1 300 537
92 63 30 7 491 689
33 19 19 2 246 468
5 55 16 5 651 778
74 99 30 3 664 748
40 42 21 5 668 795
18 40 7 2 200 432
64 84 27 7 555 783
27 71 12 4 518 784
6 12 18 5 534 760
62 84 30 1 326 625
47 90 17 2 457 666
33 46 21 3 422 626
94 19 22 7 379 573
66 53 14 2 302 588
6 66 6 4 552 723
1 73 12 7 208 356
100 92 25 1 342 482
48 33 22 7 413 538
37 87 16 6 379 464
65 9 28 1 378 551
69 24 24 1 236 520
76 83 11 6 378 487
20 99 7 2 326 604
82 46 6 4 292 515
63 5 16 1 481 702
100 60 9 7 569 765
22 66 11 2 398 640
72 7 7 4 375 632
84 77 30 3 213 337
14 62 24 7 414 502
75 8 18 4 232 355
94 86 24 7 352 623
38 71 29 5 473 693
63 58 8 4 580 752
10 21 18 2 279 462
27 49 14 1 498 636
71 89 24 4 480 763
17 80 16 7 477 716
36 40 5 5 307 402
91 9 15 3 469 649
63 45 27 1 276 440
49 6 17 5 542 631
30 30 15 7 554 656
20 16 14 2 386 494
28 92 11 2 318 442
37 34 28 3 401 462
87 13 28 5 432 719
95 18 19 3 256 509
10 0 21 5 271 445
19 99 12 5 447 532
100 21 25 4 501 730
18 87 23 2 675 779
100 26 25 2 366 630
50 71 12 6 456 608
85 14 30 6 355 454
45 36 21 2 366 593
10 84 25 4 390 560
18 74 6 4 550 673
56 91 22 7 223 304
56 41 30 7 212 301
40 59 19 7 485 604
65 82 12 1 565 688
79 46 23 2 380 613
56 47 26 3 358 654
79 94 18 5 265 398
84 2 25 5 439 542
88 24 7 4 378 675
41 72 8 4 566 626
74 10 13 7 284 540
64 90 24 5 342 420
56 26 14 5 287 372
21 69 23 7 303 400
5 24 24 3 661 773
69 86 8 7 214 412
2 56 18 7 561 638
83 72 24 3 499 781
76 54 20 7 544 635
29 89 30 7 351 459
81 84 22 2 582 662
86 47 23 4 570 634
35 10 6 2 407 667
11 70 16 1 206 371
35 49 13 6 482 734
33 71 10 3 249 482
97 45 7 2 435 730
6 43 30 3 549 798
18 45 14 4 260 549
69 4 16 6 467 544
91 19 27 2 483 752
71 83 21 3 359 650
35 46 27 3 353 439
63 13 7 4 306 465
61 38 22 6 431 505
40 75 30 6 550 738
68 99 15 4 245 434
3 78 26 1 436 651
49 69 24 2 274 430
31 41 22 7 610 685
12 23 20 3 234 429
88 50 12 6 214 377
73 36 14 5 272 425
6 61 7 7 250 403
52 84 21 3 451 748
5 96 11 5 369 503
60 73 16 1 429 697
70 18 22 7 494 625
29 100 23 5 222 324
16 16 17 7 564 629
85 30 19 5 565 776
93 63 29 6 581 719
94 21 24 6 415 535
65 52 6 6 410 491
15 2 25 2 480 772
6 8 7 1 588 649
36 38 19 5 491 712
57 14 6 4 484 759
38 39 30 2 657 772
46 76 21 4 327 589
53 28 29 5 282 561
31 15 15 2 585 664
41 70 20 6 229 405
12 100 20 1 395 482
96 80 24 2 217 301
54 85 15 6 653 765
66 73 11 1 518 622
26 9 20 1 273 503
15 11 15 6 506 624
64 49 30 7 496 574
52 71 24 2 483 584
56 51 20 6 637 740
41 44 23 2 298 407
8 81 7 1 644 730
65 6 25 1 568 702
89 65 30 7 332 412
72 42 29 2 210 458
71 12 12 2 299 388
21 78 20 5 252 366
68 75 25 3 282 537
98 56 26 1 491 698
97 31 30 2 473 692
63 72 19 7 630 794
72 16 15 3 446 536
68 81 22 1 216 486
42 95 12 5 422 497
97 74 21 7 609 734
2 23 24 3 529 683
91 50 29 5 622 755
4 25 27 7 650 735
10 32 26 3 329 623
28 10 9 5 413 479
43 41 11 7 419 554
20 22 26 1 446 547
45 87 23 3 295 390
30 20 9 7 327 474
95 92 15 7 278 465
58 80 30 1 386 511
53 88 13 3 212 449
43 35 8 3 619 726
51 96 28 2 690 786
98 41 18 3 278 377
17 47 23 2 362 437
100 49 14 2 305 456
48 84 30 2 405 592
7 69 30 3 309 414
86 32 21 5 226 296
91 44 15 7 421 601
21 95 22 2 200 393
1 66 13 3 333 413
24 82 27 5 351 568
39 21 25 4 422 531
48 80 9 5 481 779
6 70 9 6 393 560
70 96 28 3 549 725
4 51 15 4 586 748
85 0 29 7 574 638
100 33 19 7 433 633
87 31 27 3 509 605
89 83 20 7 264 395
86 82 8 5 386 572
12 95 17 4 347 419
16 33 29 5 618 772
13 97 15 5 489 765
17 30 17 7 490 717
33 81 11 7 581 791
82 21 8 6 494 615
95 12 13 1 664 758
89 49 20 5 472 730
7 48 23 6 575 649
55 9 27 6 203 489
57 82 22 2 221 391
45 93 28 1 357 417
46 97 30 4 204 381
56 8 5 3 587 647
42 78 22 3 210 383
43 93 14 7 431 707
21 98 10 2 473 671
55 71 9 6 283 482
64 35 21 5 232 398
20 32 16 1 391 627
48 66 29 1 485 610
9 60 7 1 624 738
17 85 30 3 356 449
55 45 13 1 502 770
52 15 14 6 399 510
40 1 17 1 493 566
63 8 11 4 501 561
53 46 22 4 307 410
99 33 22 7 513 619
23 17 8 2 203 407
85 56 10 4 256 391
28 73 13 2 408 513
61 75 14 2 217 300
27 26 25 3 209 491
80 42 5 3 430 640
66 11 6 2 482 561
54 3 12 5 205 405
80 100 30 5 414 631
26 12 20 6 508 746
62 42 24 5 233 533
7 16 7 4 278 476
97 3 16 7 306 433
80 43 17 2 526 769
14 13 15 5 427 606
72 85 20 7 349 445
1 85 10 5 334 602
2 90 19 4 401 609
70 50 10 3 345 640
97 87 7 7 374 522
35 97 29 7 307 461
18 8 22 2 292 488
100 27 10 6 499 788
24 59 6 2 525 789
22 15 26 3 254 463
61 11 5 6 656 771
57 71 21 3 357 470
53 36 11 6 511 630
17 54 16 6 262 523
7 6 9 6 667 729
21 50 28 6 376 529
26 10 11 6 624 727
12 89 29 5 690 751
73 80 15 1 394 562
25 8 7 6 273 467
66 84 11 2 347 496
51 70 17 1 330 629
53 45 13 4 526 760
72 47 27 3 229 360
76 92 6 6 479 721
12 80 22 2 375 665
49 14 11 6 241 521
31 79 7 6 288 537
95 48 28 3 278 454
50 79 13 1 367 631
40 14 10 2 425 487
28 64 14 2 597 705
92 77 17 4 671 738
45 30 29 2 428 613
56 69 21 4 268 490
99 76 6 7 475 642
44 34 17 4 374 673
73 51 21 2 349 454
5 30 25 6 283 499
63 67 12 6 469 571
38 19 5 1 474 755
79 93 20 5 530 699
36 5 5 6 615 755
3 50 30 3 495 738
25 18 18 2 431 687
59 94 27 5 583 737
2 21 24 2 213 365
22 32 29 6 550 650
5 78 9 1 407 498
56 53 27 3 665 752
1 32 30 3 415 625
22 58 5 4 286 357
47 27 13 6 394 465
39 82 12 5 243 369
98 16 8 1 356 431
79 84 6 7 444 550
39 47 5 1 613 700
22 13 26 5 427 511
46 42 18 3 240 523
52 39 25 7 281 341
3 26 30 3 439 686
48 29 28 3 494 751
60 11 29 1 412 586
84 60 11 1 396 487
9 70 5 7 421 517
33 84 27 2 514 637
71 63 15 3 337 594
4 8 28 7 407 548
28 40 23 4 478 587
56 21 21 3 468 599
16 28 19 4 366 571
53 2 14 4 289 422
72 82 15 4 228 402
34 69 6 3 585 698
86 28 24 7 411 698
4 13 28 5 278 526
82 16 10 7 370 655
45 86 18 4 243 310
58 36 11 6 574 670
56 88 16 1 280 356
12 11 24 2 675 761
39 19 10 4 286 564
60 94 30 6 515 632
49 71 7 4 597 693
68 47 25 1 608 721
68 44 7 5 400 517
43 85 12 5 332 473
31 10 11 4 559 665
58 89 24 1 469 647
80 52 9 3 498 733
29 70 5 6 413 592
4 37 14 6 203 392
88 94 13 6 528 783
59 83 8 6 403 512
89 74 9 5 432 595
13 55 15 6 532 771
19 42 18 4 532 683
26 83 10 3 276 535
63 86 28 6 464 725
81 71 12 6 619 718
83 53 8 5 296 586
54 53 15 2 257 545
24 58 26 2 508 717
99 3 30 5 527 609
26 89 27 6 291 497
47 100 22 6 479 673
39 48 30 5 257 347
15 36 21 1 555 764
81 62 18 5 516 748
82 91 11 3 310 515
6 22 19 3 482 698
74 90 22 5 533 717
26 70 28 1 684 784
64 44 15 2 644 757
51 25 5 4 450 606
68 91 24 1 510 639
7 53 22 2 384 548
63 10 16 3 223 283
82 57 5 5 381 582
76 77 30 3 515 689
78 47 15 1 322 449
50 63 6 6 362 433
15 8 28 7 321 468
80 21 24 5 491 760
17 7 23 5 594 721
74 50 5 2 306 604
86 73 6 4 555 752
96 82 13 3 444 632
41 33 21 3 278 569
87 46 15 1 398 576
13 39 23 2 543 746
5 3 24 4 574 731
99 28 27 3 525 758
44 22 13 1 399 666
42 64 24 1 210 288
57 46 21 5 502 670
54 19 29 4 646 770
13 46 6 1 344 427
92 75 21 4 477 593
97 41 14 7 580 690
97 85 8 1 623 719
31 71 19 1 351 585
56 58 22 5 435 654
18 42 29 4 236 452
32 96 7 6 240 535
35 63 28 5 376 628
67 81 14 1 481 684
100 41 19 7 452 737
67 14 8 7 342 527
31 35 10 7 257 524
56 37 16 5 414 476
37 60 14 7 539 795
40 35 19 3 227 431
45 23 12 5 341 563
87 63 12 2 557 738
8 90 5 5 470 737
48 38 23 2 219 312
91 40 17 1 263 379
65 28 11 6 442 573
26 76 8 7 368 543
48 5 17 4 292 587
79 61 13 4 523 634
56 85 6 3 518 722
48 36 5 4 354 462
41 0 15 6 226 345
67 34 22 4 462 760
76 49 20 7 618 794
81 35 20 7 430 582
61 82 26 5 324 539
32 38 16 3 659 731
38 43 6 6 496 748
51 69 22 6 269 483
19 33 24 6 202 465
41 3 6 3 554 733
77 26 6 2 404 565
2 74 6 5 230 432
84 32 19 1 433 511
38 92 22 2 383 580
99 41 22 2 456 642
70 68 14 7 453 653
2 100 29 1 305 488
18 52 30 5 522 626
18 20 30 1 317 578
58 94 21 2 478 657
9 77 26 1 276 341
60 99 12 2 721 785
76 3 9 6 468 726
20 88 30 5 375 640
81 59 30 2 374 542
3 83 12 6 602 728
3 51 22 7 584 649
39 46 19 7 537 708
26 21 23 6 578 746
37 57 11 5 433 590
82 52 27 4 598 755
91 67 12 3 292 408
70 77 11 4 258 425
81 22 18 6 517 746
14 47 13 7 440 588
57 12 26 5 648 750
72 5 10 7 231 480
79 99 13 7 621 714
47 11 28 4 557 689
65 84 19 7 384 459
99 65 25 7 240 397
38 12 29 4 291 456
48 50 28 3 410 696
45 41 18 7 564 710
86 36 22 6 707 779
71 38 20 6 544 744
71 23 19 1 249 389
74 80 20 5 376 589
99 23 8 4 496 624
28 61 13 4 666 737
88 23 23 1 573 680
58 45 20 7 491 784
70 15 18 3 629 795
37 99 17 3 404 702
30 62 30 6 268 425
65 58 19 1 235 368
73 85 14 3 439 681
30 18 23 2 303 527
60 18 27 6 297 536
44 23 6 5 274 565
95 32 9 2 441 703
78 24 22 3 596 671
71 34 26 4 240 338
93 67 10 1 298 581
65 83 28 2 571 700
13 57 27 5 482 572
38 51 13 2 261 327
91 30 30 1 686 768
8 12 17 6 500 662
22 91 21 5 428 504
52 88 6 5 410 607
78 7 19 7 551 663
47 81 26 4 370 508
49 72 21 1 446 565
76 33 15 6 276 502
97 50 20 3 631 736
77 21 19 2 400 484
69 34 16 5 259 466
26 35 29 6 325 531
100 62 14 5 445 572
0 55 8 5 559 735
58 46 22 3 224 507
68 35 16 4 528 613
72 36 9 7 575 776
83 100 10 5 396 542
26 97 30 1 640 720
3 25 19 2 431 532
0 78 30 4 291 479
87 43 21 5 525 777
14 44 7 7 309 486
95 71 30 2 301 508
94 70 13 5 319 606
33 54 5 5 594 737
88 2 10 2 430 584
59 71 5 6 614 799
44 6 16 1 436 531
35 54 7 5 597 713
95 26 15 1 461 562
98 31 7 6 388 636
46 25 27 7 256 417
98 52 18 6 379 555
40 67 19 5 684 774
41 13 18 2 528 718
47 69 18 1 246 430
50 35 6 4 346 416
19 87 10 5 451 747
20 2 13 6 335 557
18 32 18 1 245 493
19 66 15 2 384 506
12 88 21 1 364 458
94 88 10 5 594 738
47 6 14 5 329 480
44 89 11 1 703 781
23 49 13 6 359 626
26 79 27 6 603 778
86 13 8 2 346 407
28 66 13 2 534 767
86 77 8 4 314 378
63 74 5 1 469 570
99 46 28 7 334 458
2 47 9 1 591 688
65 56 10 1 268 337
75 11 5 7 265 454
17 90 5 7 543 613
75 37 29 2 203 415
31 78 16 4 253 372
29 15 18 7 353 629
87 48 12 2 418 602
31 44 26 4 512 747
75 53 22 1 307 602
48 88 23 1 450 542
40 9 19 5 391 476
51 13 30 7 402 680
83 25 8 3 398 649
75 40 24 4 243 405
78 5 21 7 449 523
62 41 14 1 441 670
90 36 26 5 573 770
59 43 28 2 241 387
45 68 24 3 374 647
87 38 20 3 350 645
29 60 5 4 400 509
93 72 14 4 442 613
21 4 27 2 522 796
48 13 15 1 473 630
74 1 27 4 424 705
52 70 7 6 461 553
66 77 27 5 227 414
91 29 22 7 246 342
4 71 18 5 336 632
10 53 16 2 529 738
83 62 12 4 340 456
80 31 21 6 500 682
0 3 25 3 207 320
19 55 6 5 237 358
42 66 26 2 493 686
62 83 17 1 502 683
50 24 14 2 288 487
21 31 28 3 540 749
11 96 18 4 326 555
7 55 24 3 261 463
2 48 5 4 356 593
78 90 9 5 330 428
74 8 24 2 595 785
81 80 30 5 522 729
36 57 18 7 304 449
30 83 28 7 471 639
86 74 10 5 501 712
54 76 11 2 550 724
11 24 9 7 292 419
78 49 28 5 392 633
5 71 23 4 259 524
4 56 25 4 219 391
82 49 19 5 237 329
74 24 12 7 260 395
94 37 27 5 212 416
61 57 22 1 586 745
29 40 8 5 590 769
24 55 28 2 474 649
39 66 19 5 255 458
