1640
41 22 0 0 0 0
45 30 29 7 442 656
98 4 9 1 345 610
24 66 6 1 312 428
32 100 29 2 673 770
75 97 6 3 262 494
5 48 20 7 520 777
85 20 15 6 519 701
74 26 7 3 671 747
19 63 28 3 281 476
5 2 25 7 222 475
40 58 29 7 384 485
73 91 8 2 459 539
100 57 19 4 494 658
84 79 6 5 638 794
1 65 19 4 236 429
15 57 28 3 549 735
89 3 13 3 348 516
67 28 27 7 320 582
21 0 23 6 370 565
27 43 13 3 295 593
68 81 8 6 623 725
55 40 26 7 368 484
51 64 7 4 544 733
15 95 14 7 344 578
45 19 26 1 234 504
40 97 14 6 237 374
50 98 9 2 533 603
16 15 14 7 396 463
59 17 9 4 292 506
65 36 11 7 427 543
96 15 9 3 396 593
24 32 7 4 406 491
98 5 15 2 534 723
91 16 25 1 509 616
64 49 7 1 608 780
97 19 8 6 512 765
16 36 13 3 617 680
13 48 9 6 265 411
40 93 29 3 352 475
5 91 14 5 350 649
43 68 27 1 591 690
98 30 10 5 430 704
17 24 11 3 264 335
20 38 5 2 328 430
6 86 10 7 499 625
47 5 30 1 446 547
39 28 29 3 332 413
5 0 6 6 635 759
14 17 22 3 326 613
25 22 14 3 414 685
63 30 6 3 227 526
0 62 26 5 515 748
44 55 16 1 493 670
35 10 30 4 611 711
75 48 5 2 258 492
33 56 22 1 696 767
7 31 26 7 325 578
97 58 17 2 403 493
39 88 8 4 505 693
64 28 30 2 517 734
96 99 9 7 493 766
17 80 27 4 214 430
57 79 22 4 295 521
48 9 22 1 481 600
11 72 18 1 312 520
66 84 22 2 238 466
86 72 5 6 369 666
27 35 28 3 545 627
70 30 30 4 401 653
38 14 18 4 276 510
0 16 13 2 245 520
93 61 15 5 205 469
21 25 27 3 312 415
98 52 10 1 244 462
45 38 16 1 432 645
55 61 11 5 318 379
90 3 14 3 381 598
10 47 19 3 433 530
70 82 21 2 492 688
65 91 17 4 409 477
34 85 9 4 348 571
22 96 10 5 215 366
90 20 7 7 268 479
1 80 15 1 474 761
69 75 19 2 709 796
53 6 23 2 237 391
79 79 25 1 584 732
82 2 30 3 291 369
79 54 12 2 211 444
17 25 24 3 310 597
90 88 22 4 415 690
24 3 6 5 499 790
32 57 27 7 446 664
93 44 30 4 298 443
66 36 20 1 542 642
22 19 17 5 436 511
89 55 9 2 553 728
19 49 24 6 308 463
69 67 29 2 385 492
48 23 12 5 489 766
88 62 8 1 208 483
12 37 24 6 249 458
15 44 11 4 427 709
20 65 5 2 287 456
41 63 8 4 295 590
83 23 15 7 535 610
27 84 10 1 720 790
7 33 17 2 437 505
64 18 10 7 377 673
35 95 15 2 426 604
59 65 21 4 513 707
66 44 23 5 372 663
51 78 30 3 576 646
95 57 13 6 232 332
76 32 16 3 605 773
39 80 19 4 327 407
99 37 19 7 489 671
72 28 23 2 370 459
35 60 19 5 242 444
32 51 5 2 523 667
34 37 14 5 668 767
52 52 12 6 277 496
41 64 13 3 399 478
70 6 17 7 581 670
51 48 18 3 496 666
28 11 8 1 513 706
94 80 18 1 321 610
48 48 16 3 220 358
98 34 20 7 398 553
81 54 29 7 544 622
51 56 7 2 545 699
87 89 9 6 285 465
22 39 12 5 322 416
75 1 28 3 377 660
51 60 18 5 527 632
42 72 9 1 212 406
42 94 20 6 527 681
13 23 28 4 242 368
47 94 17 1 598 781
23 56 20 2 532 619
43 55 30 3 389 603
87 73 7 6 235 301
56 22 28 4 256 538
71 12 28 4 604 675
22 5 26 4 348 646
53 44 9 4 200 331
58 75 16 3 452 528
16 3 19 6 521 607
99 12 10 6 665 769
17 54 28 7 595 710
11 12 26 1 476 649
66 0 28 5 448 677
43 2 5 4 399 683
57 27 23 4 394 455
44 68 11 7 228 465
64 73 6 1 461 683
90 61 21 1 303 436
74 52 12 1 223 443
81 56 19 1 400 609
6 29 13 5 404 474
79 92 11 5 436 552
73 22 25 5 498 705
4 75 14 5 482 675
58 35 23 2 591 711
44 47 11 3 510 647
8 56 16 7 479 592
24 68 9 1 233 440
50 83 22 6 335 451
51 79 30 5 305 585
95 74 22 1 227 492
49 61 30 6 387 466
3 56 25 1 458 523
94 16 8 2 315 413
95 32 24 7 373 489
86 49 6 5 268 493
14 28 5 3 236 535
55 77 26 6 576 706
100 88 15 7 263 419
20 63 27 1 290 419
20 19 9 5 263 451
96 7 16 4 296 591
94 66 21 4 571 654
9 77 18 5 506 782
84 59 30 1 418 542
75 68 12 1 609 670
17 3 30 5 270 379
8 94 27 4 242 372
70 79 29 4 381 595
81 85 9 3 447 555
21 98 7 4 516 790
74 39 17 5 377 499
82 16 20 2 598 782
84 22 15 4 710 781
91 52 18 1 384 490
49 70 14 1 476 638
46 20 29 7 564 767
6 75 19 6 613 725
21 40 12 6 435 619
40 64 19 6 410 484
40 70 17 7 401 549
87 30 30 5 566 799
85 62 25 7 279 422
0 63 26 1 324 541
45 64 23 2 309 501
19 44 17 3 266 355
64 30 15 5 443 537
61 86 28 7 372 618
72 37 17 2 242 511
64 99 18 3 590 770
84 100 6 7 385 447
72 35 8 6 369 589
55 19 29 6 519 717
73 26 15 2 299 453
43 64 5 4 416 485
41 34 16 1 617 743
10 57 20 3 275 508
47 36 29 7 516 708
87 53 6 7 579 682
69 18 11 4 290 376
78 34 12 2 226 514
81 9 6 3 264 375
95 20 20 6 304 491
81 75 21 3 570 706
46 77 29 6 587 713
95 13 17 7 444 692
74 89 9 5 400 628
84 43 13 6 343 467
87 74 8 3 504 771
13 65 18 6 458 602
31 55 24 1 213 420
97 16 19 5 207 507
82 4 7 3 525 703
47 8 19 4 388 486
60 4 23 6 557 767
59 64 15 3 615 759
62 14 28 4 459 626
17 23 12 4 331 579
82 26 13 3 466 593
31 80 6 1 485 765
29 34 7 3 499 606
65 64 27 1 206 471
55 23 27 2 201 441
100 27 10 7 424 723
89 71 10 3 568 686
95 30 9 3 605 680
27 32 22 1 582 789
52 8 28 7 548 688
14 55 27 2 410 578
27 10 8 3 377 648
71 40 27 2 239 381
98 72 21 7 611 699
17 34 26 1 559 755
91 98 11 6 255 474
79 3 18 1 330 453
61 85 13 4 468 684
66 43 14 2 368 597
14 34 25 4 627 746
64 61 5 7 293 574
90 89 30 1 242 393
47 14 18 7 222 354
65 48 23 1 348 611
81 47 28 5 510 634
93 50 9 7 291 352
20 79 25 6 380 518
35 36 14 5 498 757
32 69 15 1 204 445
96 44 11 1 339 508
42 28 8 1 683 758
46 67 5 4 459 565
50 11 28 5 353 565
8 47 9 1 598 731
10 95 8 6 427 602
53 84 17 6 259 393
8 91 15 1 529 706
24 1 11 4 293 415
42 12 5 5 591 664
41 32 7 5 371 642
2 26 27 7 367 645
12 22 13 2 583 688
7 20 25 4 560 773
94 51 24 1 286 542
83 81 23 7 308 572
1 0 23 3 300 437
31 79 19 1 334 482
46 71 13 4 336 612
31 54 11 3 600 787
15 52 15 1 398 516
46 93 29 2 424 565
49 67 25 7 247 335
52 65 25 2 477 754
7 52 5 1 301 372
94 19 5 6 636 768
14 45 7 1 547 613
1 97 17 3 526 716
38 41 26 5 348 534
28 70 15 1 241 523
44 39 14 6 617 754
80 70 16 7 515 642
85 63 9 1 526 686
53 54 18 6 271 399
74 56 28 5 605 736
5 97 25 4 327 499
5 35 21 3 303 572
82 38 20 6 429 723
10 73 24 3 223 308
9 19 26 2 394 574
11 42 21 5 226 522
77 88 18 4 348 601
74 45 13 3 379 540
43 51 18 2 260 486
89 32 24 3 382 514
24 55 24 1 533 655
19 69 15 4 380 578
95 90 25 7 324 554
91 93 19 2 405 556
46 11 8 5 350 421
95 26 17 1 464 738
84 56 17 5 413 705
38 34 24 7 440 698
70 85 27 2 302 405
27 99 27 7 693 772
56 16 17 1 424 655
70 34 8 4 576 639
31 33 22 4 431 690
34 7 8 1 682 753
23 72 12 5 640 709
89 65 6 1 461 720
51 76 13 5 473 557
38 19 15 1 310 400
64 35 5 4 676 753
44 74 16 1 449 719
80 71 29 5 331 505
92 88 24 6 556 725
60 90 15 3 503 697
90 68 16 6 560 753
67 97 14 4 502 565
56 26 21 6 206 268
33 13 27 7 352 485
35 43 19 1 414 678
29 25 18 5 510 731
80 67 7 6 225 377
95 17 20 7 491 678
96 31 25 6 496 739
7 69 8 1 328 510
75 29 18 2 308 607
45 32 14 1 658 727
33 68 17 6 398 503
19 77 26 6 493 583
85 89 23 4 579 675
62 25 20 2 483 670
15 28 21 3 403 497
72 49 14 7 505 712
39 37 20 6 491 573
29 85 6 7 421 661
25 24 22 7 348 582
79 10 27 1 277 491
28 46 14 4 469 684
37 16 18 4 217 474
6 12 9 7 442 627
53 33 24 3 348 638
7 16 24 5 314 561
65 96 18 3 468 596
57 70 22 6 314 420
85 26 15 7 321 588
80 15 13 1 219 499
15 62 16 5 519 759
44 30 18 3 209 478
45 41 24 7 551 798
17 69 23 3 449 696
13 30 12 1 395 654
4 35 25 2 276 516
11 86 10 6 421 594
93 96 28 2 610 749
13 75 20 5 467 606
61 68 29 4 482 602
92 13 21 4 674 762
80 24 5 3 216 414
14 32 10 1 282 376
2 86 24 6 480 664
57 80 27 1 292 574
2 18 29 4 579 640
82 50 8 7 704 796
41 45 26 4 598 792
76 81 11 7 331 456
79 70 26 6 213 445
76 71 6 1 443 698
94 48 6 5 504 678
24 93 14 2 672 773
90 24 30 7 207 432
89 31 26 3 453 680
78 58 8 2 586 789
94 24 26 6 663 765
72 86 15 5 329 568
17 84 13 4 377 618
88 72 29 5 314 500
81 4 27 5 600 694
89 15 24 4 691 774
41 28 15 4 527 681
67 77 26 6 468 574
71 21 30 2 413 491
81 83 8 2 410 535
28 9 30 5 341 458
31 78 25 5 250 368
2 85 15 1 401 498
69 55 25 4 521 672
17 74 21 7 449 559
3 84 14 2 264 478
97 93 23 6 405 498
7 8 19 1 241 313
45 76 15 7 447 620
43 86 28 2 508 710
16 91 28 6 379 619
90 27 28 1 306 528
47 4 20 4 200 320
27 47 21 4 220 287
51 38 19 3 398 698
80 57 18 1 317 442
26 77 18 2 669 766
52 98 28 3 237 512
13 61 24 6 369 598
52 34 26 1 493 556
94 88 21 7 349 420
75 83 25 3 214 342
92 39 5 6 649 787
4 89 12 4 226 521
25 21 30 6 287 447
16 52 20 5 570 650
3 85 25 5 323 421
84 97 21 1 257 545
8 27 24 3 301 515
60 25 5 4 447 714
43 1 29 5 399 595
95 51 27 4 219 320
5 9 21 4 343 518
75 19 9 1 297 357
60 70 20 6 370 484
71 1 7 3 584 687
41 48 17 3 210 407
15 1 29 4 358 610
44 97 5 5 243 444
1 82 13 3 354 430
45 70 14 2 372 543
99 51 9 5 569 784
13 17 8 4 634 764
67 74 15 3 391 679
88 7 30 3 448 644
16 68 27 2 370 507
17 19 8 4 373 436
80 75 6 2 247 408
46 18 5 5 463 603
99 9 23 5 267 492
54 28 17 5 469 613
95 8 16 2 356 441
43 49 7 7 587 700
62 93 15 3 261 361
4 79 25 2 449 749
82 48 13 7 657 771
33 64 9 6 475 697
98 6 17 5 478 679
20 82 21 1 414 559
87 66 19 1 288 407
39 2 30 6 271 520
60 81 13 1 387 666
42 15 16 1 539 791
74 80 25 7 205 378
59 12 19 1 548 613
34 47 7 1 707 772
8 21 23 5 535 785
49 83 6 1 679 789
39 92 30 7 500 619
84 61 13 5 302 543
28 21 23 6 388 492
30 42 18 6 712 787
38 1 14 7 422 553
14 8 7 2 266 367
42 33 27 1 627 707
25 62 25 4 492 569
90 60 23 4 532 793
46 74 17 2 269 475
71 81 17 5 458 732
42 92 24 2 693 762
28 42 16 6 297 591
90 2 8 5 201 326
31 95 12 7 302 585
4 20 7 3 236 413
12 42 23 3 378 602
100 59 28 5 582 777
1 62 24 2 476 549
45 2 5 7 355 443
58 44 26 7 262 424
87 55 23 6 333 455
3 21 12 1 511 573
4 94 9 2 466 575
69 20 13 7 248 445
99 64 22 6 408 530
25 83 28 7 518 664
21 44 25 4 432 591
26 10 10 7 387 510
39 17 11 2 358 546
98 78 14 1 497 565
54 29 12 2 517 706
56 38 29 7 578 680
73 96 25 4 234 310
87 37 13 2 433 710
62 6 20 1 383 495
22 28 15 3 632 774
71 29 27 4 367 662
9 76 10 6 347 494
6 62 21 3 231 397
84 7 9 4 434 685
96 73 10 3 524 751
90 92 30 1 567 666
51 27 26 1 515 631
70 46 11 5 427 501
81 51 17 1 340 519
0 59 8 3 288 441
20 8 9 4 441 556
99 14 5 1 572 675
35 40 25 5 291 455
66 68 25 1 411 670
29 46 13 4 547 790
21 71 7 1 236 416
84 85 23 2 519 597
18 42 25 6 400 608
3 86 21 4 568 775
54 63 7 2 442 657
13 37 7 4 440 605
100 4 22 5 292 477
21 95 8 6 544 728
6 49 21 5 605 665
62 13 24 6 548 771
100 5 7 1 534 673
38 77 10 5 308 421
57 5 17 2 604 787
24 62 5 5 350 530
45 97 13 4 309 528
54 84 10 1 338 599
45 79 10 1 519 726
90 81 16 1 489 700
72 32 24 2 385 664
96 62 9 1 232 473
36 12 9 2 236 340
48 82 7 1 573 722
92 12 9 2 351 580
34 72 6 4 641 705
4 65 18 1 490 644
94 71 13 2 213 414
77 26 30 5 550 655
89 100 12 1 517 780
9 20 30 1 280 496
81 61 10 4 267 478
29 43 22 3 355 465
1 24 7 5 674 740
77 71 20 1 633 766
71 23 22 1 437 677
56 88 15 2 403 659
0 33 19 4 482 713
28 57 19 7 507 659
97 41 9 3 250 364
6 73 30 3 507 751
18 98 26 5 653 785
99 66 27 6 206 470
65 84 21 3 307 579
37 67 10 1 349 414
26 34 21 1 283 564
44 41 25 1 605 784
100 72 16 2 478 671
8 3 7 3 378 604
47 25 11 4 260 544
12 35 5 5 392 454
100 53 8 2 275 444
51 23 14 6 442 574
58 3 17 1 507 681
79 47 21 2 207 415
86 53 18 4 208 332
60 46 12 1 667 738
19 30 15 5 566 642
48 7 26 7 637 783
94 64 7 1 405 623
92 25 8 6 313 464
53 16 17 2 427 523
19 57 20 5 517 776
8 20 20 2 294 443
58 74 7 1 521 614
30 84 27 6 696 798
42 16 5 4 511 694
67 31 29 3 223 470
82 89 6 5 319 449
67 83 22 4 257 538
41 19 20 2 316 413
7 80 23 5 410 687
38 66 7 6 439 674
40 81 27 5 490 630
96 11 6 7 388 449
20 66 11 5 427 584
59 85 10 5 463 609
93 75 26 6 589 663
28 83 26 3 593 756
61 50 24 3 247 347
41 0 17 3 423 719
83 79 13 6 464 606
68 94 7 1 324 388
31 39 25 7 479 609
15 21 22 1 441 633
98 50 8 4 488 714
80 49 19 1 513 742
46 39 30 5 285 471
93 18 30 4 475 682
71 97 29 2 614 747
78 42 22 5 250 430
52 62 23 6 228 311
73 34 30 2 491 579
58 91 30 2 285 453
18 83 18 2 366 494
67 9 13 6 418 682
43 91 6 1 560 641
9 67 6 1 504 746
7 83 21 4 436 499
2 89 17 4 295 525
96 78 18 5 523 647
50 22 20 5 554 790
89 97 28 1 440 690
3 49 8 6 283 355
52 41 29 5 385 600
22 64 30 1 669 774
46 88 29 2 207 302
79 82 27 7 460 566
48 85 29 6 405 553
4 57 20 5 720 799
41 58 22 5 628 706
96 59 15 6 266 329
45 24 15 3 388 550
8 96 27 5 311 531
28 1 25 2 200 459
39 4 5 1 500 681
81 88 25 5 346 436
60 47 18 3 205 358
71 33 24 7 523 749
27 31 19 7 531 669
18 40 18 4 361 596
65 63 29 5 260 332
100 8 12 7 291 497
86 8 25 6 217 409
88 36 28 3 611 697
81 45 26 7 478 541
54 73 28 6 224 284
16 71 26 3 498 744
64 72 23 3 669 793
90 42 22 2 600 794
93 22 11 3 267 458
4 92 19 1 328 547
6 0 6 3 266 509
71 94 20 3 398 633
24 2 7 5 232 467
46 8 21 5 520 768
92 76 5 2 344 618
54 8 7 2 221 455
7 79 22 4 427 645
16 80 23 4 393 597
27 37 9 3 337 547
23 61 16 4 550 740
79 63 13 7 483 648
46 81 5 1 308 524
94 87 16 7 204 343
2 7 23 3 471 697
24 81 6 7 281 493
18 54 5 2 546 613
94 68 13 4 289 534
83 85 27 2 409 611
96 38 25 3 230 425
34 75 18 5 338 625
30 27 17 7 333 577
81 67 25 1 420 671
4 76 15 4 355 533
22 11 24 1 472 735
30 3 13 6 266 471
9 91 14 4 338 614
76 78 15 1 562 704
37 61 7 1 268 407
94 86 16 4 286 472
78 19 20 6 360 628
86 95 21 4 327 558
4 11 9 2 522 595
50 4 15 1 609 734
27 48 25 3 669 735
38 98 23 2 271 433
24 52 27 3 696 765
8 28 29 4 238 443
73 17 24 1 638 766
3 1 30 5 412 609
87 69 9 7 589 676
41 60 18 2 588 703
64 1 15 7 387 615
9 88 6 2 430 722
0 56 25 2 382 517
57 38 29 6 346 497
54 19 21 2 472 749
43 92 15 5 413 606
0 86 8 1 297 492
66 73 25 1 243 410
2 63 21 5 405 570
70 1 8 5 293 494
3 4 18 6 500 755
63 57 28 2 578 780
18 60 8 5 490 680
7 9 13 4 456 594
16 88 19 7 600 784
29 20 25 4 206 313
94 72 18 1 494 657
85 2 30 7 382 603
50 88 13 4 418 540
98 61 12 1 382 537
92 59 8 5 454 689
92 3 30 3 215 449
60 39 29 7 451 657
46 62 17 1 259 538
57 63 11 6 451 513
53 73 15 2 704 780
5 87 8 6 264 393
73 5 11 7 714 790
50 64 20 6 246 524
38 31 10 5 362 450
77 6 13 6 531 670
4 81 16 6 516 619
24 9 20 2 203 493
7 72 9 3 481 549
30 96 9 6 474 728
39 35 6 1 372 462
67 32 10 1 232 474
19 72 19 1 479 725
94 1 21 7 305 594
6 27 5 1 700 779
5 34 9 1 456 710
73 49 15 2 391 649
40 38 13 3 630 795
24 89 7 4 340 416
89 11 7 4 250 435
38 88 29 4 288 362
11 65 21 6 249 312
24 63 24 3 415 517
77 68 23 1 553 668
62 1 23 7 608 780
66 77 16 5 330 578
80 96 27 4 399 571
19 65 12 7 472 595
3 6 17 7 506 734
81 5 30 6 329 417
20 32 10 6 450 585
26 100 22 5 362 612
35 96 6 7 589 722
17 53 8 2 345 460
77 15 13 6 691 787
91 88 25 4 261 557
12 75 9 3 213 364
85 21 29 7 209 296
51 83 7 1 394 572
41 43 9 6 700 783
84 44 18 7 467 743
12 38 13 7 457 706
13 20 23 5 609 732
16 97 9 5 254 331
74 88 8 6 219 409
8 58 26 3 539 748
47 73 22 5 243 393
56 68 10 7 303 523
19 90 24 5 580 655
31 50 26 5 358 479
76 90 29 3 709 796
9 33 12 2 633 741
55 62 19 4 611 800
51 22 17 6 441 605
25 71 23 2 253 431
63 58 22 2 441 604
61 30 29 7 558 687
32 60 20 6 581 706
4 88 18 6 581 686
27 65 30 4 226 295
5 14 23 4 428 644
68 6 8 3 388 531
68 93 6 4 475 732
99 84 13 5 447 683
70 50 30 2 356 436
42 64 14 3 406 691
45 60 11 2 371 612
77 14 22 5 531 625
32 11 6 3 369 506
77 0 17 3 592 682
91 87 22 3 599 770
11 93 12 1 566 651
55 86 13 3 495 560
49 86 11 2 396 555
33 4 16 1 353 481
37 65 15 2 345 584
93 90 28 5 400 643
12 18 6 7 342 517
21 19 16 3 214 299
22 20 6 3 357 600
30 35 18 3 425 566
9 90 5 5 270 350
14 88 29 1 439 504
94 22 30 2 363 495
11 49 19 4 613 774
12 7 29 7 334 537
57 48 7 2 457 584
19 95 17 5 403 482
39 75 16 2 367 494
43 95 5 5 451 562
76 83 23 2 569 723
1 76 17 4 213 484
25 45 22 4 257 364
3 75 22 4 319 441
67 64 5 1 218 345
47 11 23 6 489 644
59 45 12 2 453 518
51 84 16 1 405 487
79 46 12 5 329 532
44 98 12 5 203 477
69 42 7 3 252 475
86 85 5 6 513 583
43 60 29 1 421 584
96 85 17 6 291 421
10 61 23 3 518 615
83 58 26 4 469 676
6 94 6 7 560 786
9 56 7 2 309 589
81 12 10 2 310 504
67 8 12 5 333 521
59 74 18 1 502 698
39 51 23 4 212 508
26 7 6 5 469 628
50 6 11 5 352 633
71 73 25 2 225 304
7 85 15 5 445 603
11 68 12 7 267 562
22 93 14 6 345 430
28 3 8 3 332 573
17 85 10 3 527 678
58 95 8 5 616 765
9 34 25 3 533 747
15 32 23 3 234 434
67 62 18 3 296 366
36 73 17 4 417 676
29 16 17 7 260 345
1 6 14 4 346 409
1 1 23 4 226 437
58 73 25 3 292 421
92 44 24 5 348 419
46 80 18 4 433 731
11 63 19 1 588 794
92 80 16 7 504 793
71 31 20 6 217 363
88 31 16 7 229 527
31 48 16 1 448 645
21 24 5 3 336 609
88 89 13 4 357 461
31 74 17 7 205 456
90 84 13 3 298 564
19 58 9 7 211 459
86 71 18 3 267 540
65 55 10 2 357 420
58 64 17 2 228 310
83 98 8 6 312 597
70 18 9 6 231 305
75 49 11 1 649 718
97 33 10 5 645 754
74 86 19 2 279 552
52 87 15 4 501 799
20 87 21 2 304 454
51 19 25 3 231 382
34 76 17 3 386 671
52 61 15 5 297 359
21 97 19 4 319 435
45 66 20 7 558 676
69 39 21 4 244 346
55 60 21 2 241 301
38 26 24 7 477 741
57 57 20 2 385 509
17 26 12 5 601 704
47 95 12 3 294 520
46 32 25 6 465 613
12 99 7 5 437 626
76 96 10 2 275 545
85 98 17 5 412 642
14 19 23 7 303 476
25 11 19 7 522 628
35 11 24 2 408 542
9 24 11 2 443 703
1 49 22 2 443 550
11 81 7 3 472 640
59 53 10 6 305 371
29 86 21 1 539 720
42 77 25 6 577 798
49 87 18 4 317 491
58 41 17 6 452 635
40 91 20 7 566 665
86 62 8 6 413 558
47 26 16 7 563 725
88 96 19 3 204 308
54 34 28 7 393 618
92 97 19 4 305 532
58 42 29 3 670 776
56 78 29 3 274 399
97 49 5 1 312 386
92 32 24 5 395 544
37 100 14 4 230 401
100 15 28 1 300 514
3 32 29 6 424 628
31 35 12 3 236 418
63 11 8 6 470 746
92 27 14 3 489 637
96 56 13 1 730 792
80 77 28 5 288 581
67 75 19 4 414 617
34 41 7 3 334 486
84 54 24 6 452 709
37 71 6 2 351 554
84 88 7 5 273 486
74 95 14 7 475 611
20 57 24 3 460 674
92 0 24 2 540 665
82 59 23 3 356 457
58 16 9 7 592 758
52 24 6 6 253 502
24 99 30 3 427 649
48 90 6 2 334 435
35 50 14 5 203 392
55 39 7 6 393 666
15 36 30 7 610 724
69 31 25 1 477 723
55 71 14 4 278 573
72 41 5 2 285 372
35 75 13 2 200 452
34 55 6 5 329 399
70 26 14 2 220 362
74 76 7 3 391 663
9 3 26 2 399 535
62 85 28 4 260 339
33 26 5 5 313 470
24 27 18 7 536 668
38 99 23 3 491 627
41 27 10 4 459 699
7 94 23 1 402 595
22 61 28 4 224 309
0 34 13 2 472 677
47 48 16 3 362 521
84 92 20 6 272 572
77 60 23 7 320 597
40 66 26 3 670 749
92 47 9 1 424 543
31 82 13 6 341 561
81 96 27 3 324 436
18 68 5 4 621 737
67 37 8 1 591 794
31 0 26 2 234 529
2 96 14 7 413 529
26 44 18 1 620 773
83 51 7 4 518 744
2 99 19 2 369 555
12 25 12 1 439 603
12 30 25 4 657 771
3 22 22 1 227 434
88 85 30 2 620 742
29 50 22 4 379 635
59 72 27 3 396 527
8 18 14 3 368 629
58 71 17 5 598 686
60 15 21 4 378 606
65 30 15 5 318 602
45 35 10 2 494 715
57 39 23 7 233 391
50 82 20 2 335 405
25 0 27 5 323 422
17 14 27 6 404 570
82 54 12 5 627 733
4 22 10 3 388 550
51 95 22 1 397 648
50 34 19 4 384 662
31 20 17 1 320 500
27 17 8 3 326 528
7 63 23 1 387 524
68 79 6 5 244 414
56 36 8 2 357 490
78 45 6 5 569 648
77 5 8 7 447 643
26 33 5 6 233 294
21 16 6 3 290 567
77 20 18 2 520 625
13 39 22 4 538 681
45 83 23 2 240 457
38 48 17 3 548 687
94 3 22 6 271 369
16 72 9 1 330 607
6 47 28 2 208 507
71 38 22 3 300 466
24 6 26 4 427 636
91 72 8 5 348 480
28 77 17 4 488 580
54 64 26 5 291 419
81 58 23 1 461 555
8 42 24 1 562 752
52 69 11 6 469 577
51 87 5 6 503 692
37 92 15 3 400 696
48 67 11 3 569 631
63 75 10 4 593 668
28 99 6 2 235 320
45 87 6 6 458 739
12 64 20 1 643 753
75 46 27 5 614 746
85 88 18 5 237 392
31 56 6 1 283 556
61 55 23 5 227 356
67 21 13 7 503 719
22 48 8 4 236 313
56 74 20 4 202 306
82 72 27 6 582 798
91 10 6 4 260 343
50 28 7 7 632 697
26 78 21 1 457 643
21 93 28 6 599 799
12 0 13 5 327 396
74 57 22 6 459 631
19 33 19 4 404 638
38 60 16 2 574 730
39 34 6 3 211 297
28 49 6 1 218 292
84 38 25 4 398 476
33 30 16 7 366 653
82 31 8 1 425 648
21 63 11 4 346 584
76 2 5 3 572 680
23 46 13 5 343 613
29 32 22 4 204 308
76 22 30 7 316 397
23 75 28 5 346 521
9 81 14 5 335 458
64 21 19 7 289 453
74 19 25 4 238 326
90 51 5 4 305 395
48 73 25 7 315 390
53 30 25 3 711 773
8 90 21 2 339 570
83 59 26 6 306 570
18 85 20 1 543 722
18 11 20 6 596 697
82 14 13 4 300 544
31 85 5 5 311 444
91 66 10 6 486 691
81 59 18 6 359 529
10 2 17 6 438 556
45 27 22 3 214 313
6 11 21 7 269 461
100 18 13 5 440 629
55 54 19 4 326 620
48 76 7 1 238 374
72 39 16 1 234 451
76 34 22 6 475 602
50 66 16 1 401 694
64 53 7 3 283 554
69 71 15 6 416 541
31 45 15 6 254 320
12 32 22 7 493 614
25 2 12 6 508 595
38 100 22 7 457 537
65 69 6 2 521 792
97 11 29 4 257 519
36 84 23 7 230 485
45 89 13 7 211 290
89 18 16 5 620 791
53 22 21 7 420 565
93 80 29 2 660 788
3 12 10 2 393 488
91 86 9 4 388 661
14 14 15 4 358 509
94 74 14 5 237 380
57 49 19 3 497 655
69 85 23 2 262 419
78 73 10 3 542 793
13 16 16 2 541 769
96 6 11 6 261 438
70 4 20 7 535 622
53 49 13 7 607 729
8 39 18 4 525 660
79 76 13 5 543 633
48 92 9 1 387 601
15 15 28 3 671 765
98 60 10 2 664 735
0 53 19 6 426 495
17 28 14 4 439 517
39 50 11 1 226 419
2 87 7 2 448 658
97 50 12 2 227 320
14 40 11 3 447 726
100 58 22 5 481 718
63 70 14 3 547 671
87 57 15 6 566 766
71 52 17 2 348 579
20 73 9 2 671 767
35 20 15 1 404 560
55 94 19 6 236 402
54 72 28 5 276 362
59 48 22 3 271 401
20 39 19 1 507 734
62 20 7 1 507 581
34 15 19 1 468 599
44 51 13 1 346 450
33 100 26 7 589 661
70 39 15 4 396 618
54 38 19 2 610 771
0 99 29 6 567 710
48 18 5 6 455 704
76 72 30 7 241 535
14 80 14 7 477 669
98 29 20 3 403 546
17 36 29 2 591 668
54 43 22 4 230 309
0 72 13 7 364 513
97 84 20 6 596 748
23 24 7 3 500 702
34 77 5 4 553 619
66 31 15 2 567 752
93 65 9 5 478 742
3 3 13 5 254 545
38 72 16 3 214 497
86 66 18 3 282 372
92 11 13 5 535 728
65 28 29 4 427 511
85 43 24 5 274 537
74 49 18 6 564 786
49 5 26 7 247 511
27 0 10 2 486 620
24 86 15 2 408 597
68 18 20 1 401 699
49 34 23 2 318 452
4 63 19 3 492 557
14 9 23 2 566 651
30 6 23 3 511 600
12 69 24 5 572 793
62 56 28 3 330 597
29 84 25 2 222 294
37 40 20 7 348 614
21 18 11 4 490 703
32 84 16 2 307 371
81 37 15 5 540 760
69 64 16 7 603 753
24 91 24 4 463 588
47 9 21 4 206 316
75 52 6 7 626 780
92 5 17 2 558 791
59 7 22 3 445 659
50 97 23 6 508 610
39 67 30 1 515 628
55 0 17 3 429 551
40 19 22 1 296 475
14 59 10 4 224 333
81 64 11 3 222 435
4 45 23 5 414 648
24 72 18 6 529 733
80 6 25 7 378 480
36 48 7 5 640 769
88 75 15 2 280 509
23 79 12 7 345 452
54 6 24 2 389 628
94 6 11 3 398 546
70 99 15 7 595 668
85 55 8 7 714 782
29 29 12 1 244 431
25 80 14 4 240 389
60 71 10 5 228 289
18 89 5 2 575 703
50 52 13 3 219 302
78 12 29 5 450 647
8 12 13 1 601 682
97 21 22 3 449 693
53 69 24 4 286 415
97 13 19 7 390 493
21 17 20 2 426 666
77 78 5 7 524 782
56 37 8 4 415 600
84 93 28 1 384 459
68 55 24 1 381 661
63 67 26 1 313 612
83 52 17 2 508 711
57 45 5 5 665 732
92 16 27 3 290 534
18 6 11 4 582 729
0 47 6 6 473 728
50 91 9 7 413 525
11 59 5 6 373 591
94 50 29 5 289 436
22 83 19 1 241 371
36 20 28 2 526 735
8 2 16 7 513 598
41 41 30 1 241 510
9 85 20 3 536 689
82 39 25 5 317 614
16 76 6 7 215 510
19 1 24 6 333 437
91 2 18 4 385 598
96 71 28 4 400 649
13 62 8 2 420 686
61 52 7 7 460 753
100 51 27 7 315 395
25 73 27 3 510 579
26 0 11 2 535 781
19 62 14 1 347 467
6 92 16 7 415 561
16 81 9 1 559 722
42 59 10 7 222 326
26 9 30 2 498 622
32 2 26 4 282 555
77 10 8 3 503 570
96 54 7 4 529 668
68 66 6 2 319 562
3 70 25 4 572 685
47 89 27 5 414 674
14 47 13 3 242 510
55 97 28 2 431 635
74 75 29 2 287 509
6 18 5 1 561 637
52 11 28 2 319 487
57 84 22 6 418 572
61 80 12 1 253 329
10 34 12 3 499 728
44 86 29 2 270 415
82 44 25 5 587 697
64 31 5 7 417 560
8 57 16 6 319 573
61 33 6 6 290 359
93 91 24 7 455 586
89 90 12 3 348 520
91 20 30 3 395 481
32 29 19 3 418 565
67 89 26 2 536 702
79 57 17 2 290 481
21 94 23 6 397 577
50 10 10 7 434 519
96 66 14 5 423 588
42 25 7 3 210 454
34 79 15 6 476 775
38 38 10 7 279 371
94 33 18 5 405 548
1 2 13 7 633 713
26 6 8 4 488 683
85 86 19 3 510 640
32 72 8 7 240 499
91 81 8 5 499 798
65 6 11 1 206 280
53 86 24 7 395 476
100 13 26 2 711 774
74 27 29 4 535 797
23 69 9 7 278 410
17 71 25 7 524 696
33 52 17 2 537 726
86 94 27 5 376 614
49 53 25 6 467 605
30 92 26 7 371 652
74 0 18 3 629 698
44 91 10 2 468 549
24 65 10 6 396 627
4 68 16 1 252 352
46 46 10 2 219 307
45 11 19 2 346 558
83 91 7 6 671 798
59 3 13 5 213 317
27 75 30 4 312 450
80 92 19 6 384 467
28 54 14 2 480 597
36 44 5 5 460 757
86 80 16 1 505 759
49 64 28 5 493 655
87 52 11 4 519 692
95 35 22 1 507 668
38 44 22 2 352 413
34 95 14 6 426 541
27 22 10 6 475 617
90 26 26 7 202 381
35 14 21 6 300 431
6 8 11 2 252 518
98 12 25 2 418 676
46 22 5 5 353 507
21 22 13 2 409 549
14 70 26 2 217 350
63 12 7 2 285 584
75 18 10 2 710 791
71 70 17 2 433 666
60 85 6 3 457 701
97 35 22 6 280 490
93 28 11 6 330 619
42 81 12 4 643 703
13 43 22 2 515 596
100 17 25 6 544 675
8 0 12 2 484 589
76 15 18 3 452 553
13 21 24 5 291 512
1 87 17 1 407 512
3 5 16 4 205 452
75 21 8 7 574 797
33 79 25 6 225 519
93 37 27 1 226 464
67 72 16 6 223 452
63 59 6 7 239 403
58 88 28 2 698 773
39 46 17 5 278 378
91 69 30 3 284 510
54 25 25 1 447 566
5 73 6 4 260 418
65 15 5 5 398 559
41 76 26 4 611 765
30 80 7 6 621 774
20 42 20 7 223 404
27 19 23 7 230 447
57 9 5 7 562 704
34 35 23 5 459 575
79 15 20 7 588 799
83 70 22 1 344 481
65 78 22 1 318 567
25 43 8 1 253 427
29 69 27 2 386 652
76 43 11 4 413 474
64 12 26 3 305 547
87 29 14 5 551 707
23 62 9 6 416 566
49 80 28 2 619 758
37 52 6 3 247 442
54 1 18 1 565 701
8 35 22 5 417 600
9 80 9 5 414 545
37 75 8 3 430 586
18 63 21 7 428 546
86 3 23 2 383 596
73 79 23 4 260 388
88 41 6 7 482 698
27 42 20 2 499 696
29 67 30 3 473 534
67 87 6 1 515 697
66 95 23 1 599 773
47 38 11 6 557 755
15 83 7 7 338 444
97 73 13 4 544 609
87 39 23 3 413 622
50 68 28 6 205 441
84 48 15 1 426 704
46 44 12 2 674 752
25 28 15 5 444 684
73 9 12 3 396 561
42 71 8 5 468 575
67 4 18 1 361 485
26 98 29 1 462 712
51 14 26 2 350 614
19 76 20 1 374 585
20 13 21 6 303 433
50 41 7 7 317 595
16 70 27 7 286 578
29 6 19 1 295 561
83 5 9 1 572 782
89 80 26 3 239 442
81 3 13 2 337 463
43 23 15 7 446 583
69 54 30 4 297 543
16 29 29 5 437 701
39 72 14 1 548 628
43 41 28 6 409 643
38 75 21 1 668 751
32 41 26 4 611 687
35 24 12 3 570 682
73 62 28 4 237 395
79 96 25 5 594 692
57 33 30 5 509 583
22 44 8 5 503 631
87 71 14 2 345 511
20 55 8 2 237 482
3 19 16 4 417 638
81 78 13 1 234 500
96 0 21 2 496 670
60 50 22 4 399 536
6 52 27 7 266 503
89 86 14 5 328 520
62 51 22 5 334 462
81 52 17 4 255 491
100 49 7 6 430 508
20 40 10 3 458 610
40 100 24 6 369 646
41 33 8 3 413 552
49 96 12 3 281 434
33 42 17 2 620 690
16 73 20 1 525 643
92 90 10 6 215 485
49 48 22 5 210 454
63 81 20 6 478 559
87 36 20 1 241 375
48 10 17 2 333 607
40 82 23 4 218 376
88 28 24 7 440 712
73 58 27 4 520 584
38 9 18 2 298 437
88 68 15 1 598 701
83 8 18 1 442 641
13 4 16 2 311 590
49 90 23 3 352 529
69 36 21 1 319 588
65 41 20 2 326 423
47 20 13 7 342 476
1 57 12 3 391 603
32 30 7 1 507 636
39 82 28 1 631 696
62 72 21 3 542 691
79 67 21 6 271 513
63 66 6 6 540 734
96 65 24 4 565 752
24 39 10 1 389 497
54 10 5 1 401 568
1 34 27 7 358 591
15 90 26 7 551 621
75 53 9 6 333 460
59 21 11 5 471 769
70 77 24 3 576 715
1 78 22 5 598 680
64 19 15 2 474 753
53 19 12 6 205 274
61 88 28 5 577 666
68 90 27 2 277 423
85 1 30 1 659 774
10 51 10 6 348 410
26 94 8 2 234 343
11 61 15 7 518 656
12 17 14 3 282 506
73 4 20 2 611 745
95 78 26 7 312 542
70 5 28 5 558 658
3 71 19 7 665 781
2 33 6 7 440 623
78 5 8 6 292 398
84 52 9 3 434 510
32 28 8 4 502 725
8 22 20 7 302 389
67 52 24 7 206 387
40 15 20 2 273 407
76 64 7 6 419 549
90 48 25 1 578 774
18 50 20 4 605 703
77 36 26 6 445 646
20 7 17 5 211 374
23 70 23 2 241 494
83 50 6 5 320 496
12 43 22 3 390 589
47 6 15 1 271 368
4 62 18 4 643 784
23 38 10 4 547 634
13 77 11 6 229 511
26 13 5 5 404 483
58 81 25 2 308 608
49 27 16 5 251 372
88 33 26 1 331 405
39 47 10 3 458 650
24 18 9 4 381 517
72 88 22 6 398 597
23 54 16 6 201 401
87 84 20 1 279 526
81 44 28 1 479 592
62 50 10 1 336 593
60 40 30 3 503 728
8 83 25 2 573 697
86 64 19 7 420 557
60 64 8 4 424 657
6 33 16 3 706 785
53 67 8 4 393 566
21 15 26 1 594 753
21 78 14 6 296 388
50 48 23 5 462 618
43 56 6 3 202 373
91 9 7 5 648 748
55 3 6 5 373 442
65 67 12 7 406 625
32 6 23 3 336 428
5 94 16 4 448 515
12 100 11 3 229 361
28 74 16 2 368 668
33 84 18 1 500 659
57 53 28 3 430 490
57 87 15 2 360 510
65 83 10 3 428 562
46 37 23 4 441 689
70 71 13 1 394 558
28 7 12 4 447 708
87 9 15 6 541 734
55 9 30 4 205 489
96 79 24 5 457 632
64 27 9 4 491 660
42 30 12 1 278 461
47 64 25 5 567 666
79 19 5 7 524 701
69 24 9 4 650 767
66 52 15 7 311 583
3 31 15 4 436 604
39 87 24 4 626 793
23 28 15 3 224 291
67 15 27 2 493 629
57 90 17 7 471 574
42 24 17 4 254 506
24 77 18 1 236 533
14 43 9 7 318 540
42 0 9 3 490 554
99 25 10 5 529 737
60 32 16 1 480 617
40 37 30 1 518 609
11 8 9 6 286 548
20 28 20 4 365 480
73 69 7 3 313 447
26 76 13 2 284 508
67 78 30 2 496 610
5 38 30 3 397 545
21 21 21 6 259 411
11 53 25 4 313 589
85 46 5 1 485 739
71 75 23 2 440 617
59 87 24 2 422 620
34 12 17 1 594 716
31 47 25 7 507 689
60 92 19 1 542 695
74 50 21 5 217 408
99 96 28 7 455 586
56 60 22 1 654 721
70 43 28 6 471 559
35 61 27 1 385 482
73 51 14 4 296 439
99 23 16 1 433 723
6 97 16 4 539 601
97 1 25 4 516 784
96 97 10 7 364 551
2 35 14 6 665 788
35 34 20 6 398 581
70 7 12 1 218 467
56 5 18 7 500 642
87 94 23 6 441 555
95 87 11 5 425 638
17 75 22 4 211 434
95 27 25 2 311 402
45 16 6 6 498 770
23 51 25 5 206 350
14 74 8 5 330 530
10 84 5 7 361 482
43 100 11 3 662 799
96 86 28 6 397 651
87 25 16 7 202 302
63 65 29 3 572 703
2 50 13 4 341 616
12 48 9 6 470 724
23 76 29 2 390 687
49 22 27 3 608 718
24 30 13 2 649 760
38 76 9 7 202 438
63 9 19 7 241 463
35 52 20 5 267 439
26 17 22 1 500 631
100 70 11 6 492 624
52 54 30 4 568 721
72 25 6 2 667 743
78 81 28 6 255 439
89 6 16 6 548 735
23 92 14 1 570 732
81 65 26 7 222 511
23 60 8 3 427 682
68 64 25 2 462 663
74 51 27 3 684 771
6 82 8 3 489 594
66 88 6 6 211 274
87 87 7 2 399 512
69 93 6 4 619 774
24 67 30 6 297 450
27 70 18 5 522 643
26 1 13 7 218 460
76 84 15 3 436 600
16 34 7 7 295 439
39 71 24 6 260 485
34 25 22 4 363 515
6 61 19 5 406 551
82 73 29 6 332 425
74 83 20 1 566 749
2 1 23 1 354 444
60 11 17 2 224 340
65 2 22 5 539 774
5 54 23 1 227 308
78 37 30 6 513 678
95 22 11 4 415 501
67 30 8 2 340 589
25 15 29 6 294 549
77 89 10 4 274 444
16 8 18 6 313 513
83 20 23 6 488 641
42 80 26 1 524 616
9 14 17 1 367 546
95 65 30 1 507 747
2 91 21 3 365 660
14 48 8 7 424 562
91 33 22 5 619 747
75 7 10 4 428 545
2 93 26 3 275 528
81 31 20 1 233 345
85 44 29 5 648 722
62 7 22 7 420 495
48 87 28 7 566 728
87 4 22 7 434 577
35 33 20 3 448 597
80 74 8 4 396 485
68 5 6 7 220 292
0 45 9 5 422 492
13 99 23 2 531 610
39 39 28 3 270 473
52 91 23 6 317 387
75 73 20 2 206 293
55 75 29 5 308 483
52 80 22 3 603 759
31 40 7 6 608 742
71 45 28 1 594 690
54 33 8 6 200 270
92 10 10 7 329 417
69 77 23 4 373 482
19 83 8 1 308 607
46 25 27 1 420 574
12 91 5 7 425 610
52 60 12 3 505 700
39 56 13 6 293 540
14 60 23 2 409 651
1 35 23 7 534 707
37 9 21 1 257 483
78 9 12 7 421 684
1 81 17 3 462 587
27 73 13 5 240 376
10 25 17 1 471 538
92 33 24 5 648 733
59 13 13 5 592 719
80 45 29 1 409 509
34 99 18 7 246 397
75 80 26 7 510 694
60 45 15 4 635 792
73 82 17 1 279 363
43 17 27 2 316 568
27 61 13 2 482 660
