595
27 76 0 0 0 0
81 96 25 3 300 409
66 0 6 3 264 504
50 80 11 3 362 426
68 2 13 2 543 730
53 34 16 4 211 361
95 15 13 7 466 631
60 100 30 2 276 524
21 57 23 1 357 478
66 80 8 1 519 710
71 5 7 5 439 709
62 47 7 4 483 620
34 25 27 4 230 397
0 69 23 5 504 776
6 46 30 3 444 564
8 46 6 1 336 545
25 47 13 5 262 408
66 8 16 2 321 406
13 13 15 5 452 653
6 7 9 6 400 687
91 4 29 1 230 416
19 52 30 6 301 380
56 75 13 3 487 659
83 11 6 2 647 742
81 4 17 2 672 791
95 77 26 5 276 393
76 82 29 6 235 323
40 17 30 3 422 717
53 98 11 7 319 596
98 17 22 6 573 754
1 42 17 1 595 740
97 80 27 7 323 487
66 58 15 7 405 526
73 37 6 3 461 741
47 90 21 2 344 568
48 63 27 4 253 342
55 5 11 5 678 743
96 26 19 4 441 578
67 49 9 4 574 676
48 5 15 5 368 640
73 80 13 4 600 778
53 24 25 6 278 389
49 20 15 5 430 596
61 65 10 4 483 586
60 15 25 1 326 526
18 75 12 5 500 693
17 69 11 3 390 626
14 59 25 2 333 493
38 42 29 4 249 411
0 100 30 5 419 673
85 98 23 3 371 580
84 99 24 6 313 562
75 61 18 7 576 766
54 45 5 6 203 286
46 88 21 1 683 760
62 17 28 1 345 547
35 6 5 7 608 702
13 30 23 1 619 720
32 36 20 1 424 627
33 47 5 5 337 421
25 8 21 4 680 782
25 32 30 5 663 745
80 14 28 4 574 695
65 38 25 2 343 617
90 23 24 2 429 524
62 21 13 3 385 649
12 23 11 3 622 793
13 34 15 2 438 520
47 87 25 5 685 754
70 91 9 1 263 477
86 4 11 4 530 593
13 97 21 6 492 722
74 19 12 4 340 507
38 88 12 2 396 569
0 4 7 1 244 465
10 91 27 3 554 675
49 0 14 1 284 515
56 67 12 1 202 430
14 90 14 7 315 507
71 90 22 4 410 518
61 40 21 3 540 779
4 90 24 2 382 673
73 63 24 4 369 512
48 55 18 4 527 681
2 58 24 4 216 482
8 36 30 6 282 461
65 75 15 3 249 357
37 18 7 2 290 573
24 34 23 1 241 306
58 80 23 2 614 787
55 59 18 5 432 631
60 21 16 2 317 516
20 88 8 3 515 687
34 37 15 6 692 760
29 85 22 5 344 616
52 0 21 6 697 758
42 91 19 3 594 799
15 77 25 5 342 565
9 71 30 2 381 564
14 48 11 2 465 749
71 96 12 4 336 511
78 46 18 4 230 351
63 43 16 6 391 663
86 82 10 7 447 549
11 78 22 3 390 582
72 52 16 2 392 522
97 60 30 2 605 740
41 27 27 3 679 749
75 98 14 5 339 608
34 35 24 3 384 477
4 66 5 5 355 624
96 65 17 6 557 757
19 15 9 4 562 716
99 81 12 3 410 470
79 56 19 2 509 656
52 66 22 5 525 753
91 35 28 7 375 453
80 77 12 5 651 755
73 45 12 2 357 463
4 44 25 6 703 783
49 24 29 1 383 525
75 14 21 6 205 385
61 8 6 6 391 529
69 17 11 6 287 475
92 66 10 3 279 426
97 33 17 1 481 774
24 15 10 3 283 391
9 52 15 3 336 414
6 79 25 4 329 493
64 96 24 2 390 685
53 68 25 3 427 668
37 63 23 6 334 469
39 69 14 5 350 523
66 9 11 4 425 606
2 25 25 6 478 615
74 47 29 3 424 625
65 62 26 5 297 452
22 29 15 6 386 520
88 2 19 5 307 494
91 63 29 4 452 620
96 61 24 5 539 728
56 98 26 2 414 539
76 75 16 3 529 658
97 5 29 5 677 765
90 93 11 1 299 381
81 91 29 4 525 749
61 71 10 3 276 429
83 28 27 4 560 647
3 18 23 4 287 544
6 80 30 5 626 740
5 27 23 6 507 753
15 8 19 2 261 548
41 35 9 5 442 709
58 84 6 5 384 663
5 41 16 1 362 510
88 41 25 3 496 655
0 92 8 1 572 710
70 46 6 1 350 557
39 32 15 2 476 556
4 79 7 5 387 455
27 82 16 6 280 530
92 86 25 1 601 776
56 64 14 2 477 747
89 30 16 1 465 713
80 66 20 1 563 705
26 83 5 1 465 743
3 70 21 1 230 344
11 75 14 1 299 455
21 75 6 3 411 598
0 36 5 7 215 486
91 30 19 3 474 672
30 36 9 1 381 660
64 37 13 4 417 641
59 81 24 7 214 486
15 13 14 4 305 405
6 43 15 3 314 550
43 78 16 2 328 460
86 34 24 5 716 782
57 39 8 7 402 623
22 88 5 3 248 530
24 29 26 5 589 683
89 86 7 6 284 445
70 77 18 4 453 742
9 75 19 5 513 798
45 9 24 5 371 469
100 75 25 2 604 693
38 72 15 7 518 675
47 29 14 7 664 773
23 66 19 7 675 741
34 100 10 5 608 736
10 48 20 6 519 651
64 75 24 1 504 704
26 64 18 6 268 383
99 26 6 6 420 665
8 26 28 2 435 603
18 1 11 3 232 387
52 90 28 5 389 460
49 12 19 6 446 645
29 48 25 7 240 540
3 94 14 5 695 775
47 81 25 7 297 513
4 12 25 1 481 767
4 18 30 6 362 508
55 20 6 4 429 721
83 41 16 2 323 442
98 81 29 2 250 391
83 24 20 4 383 622
82 95 9 3 231 504
88 37 10 7 422 565
54 23 15 1 255 536
100 93 7 2 262 419
29 32 18 5 413 582
97 95 29 2 483 734
67 15 8 3 297 512
48 94 8 6 359 513
18 5 30 1 662 753
91 49 30 4 610 718
42 82 17 6 442 552
33 76 14 7 237 451
14 87 17 5 590 687
77 9 23 1 660 729
73 17 10 2 505 621
2 29 17 2 430 576
19 72 13 6 354 433
63 20 21 6 411 701
10 77 18 2 380 450
58 43 12 6 362 525
36 90 5 3 363 577
17 60 15 1 250 370
32 93 22 1 408 608
27 4 7 3 426 706
46 68 14 6 482 630
23 44 10 1 377 523
13 47 30 1 560 653
69 86 9 7 237 376
48 86 29 6 501 703
86 0 19 3 365 552
27 75 21 7 308 591
63 99 22 4 453 680
91 24 15 5 557 736
57 42 30 3 563 734
73 79 25 5 310 442
88 73 12 7 617 693
23 51 18 3 707 780
10 26 16 3 290 517
33 29 9 7 437 628
3 92 6 2 579 649
68 100 10 7 357 630
78 16 9 7 270 544
53 29 23 1 232 396
86 14 11 1 630 727
55 88 22 5 212 342
94 61 19 2 545 669
28 60 8 2 599 667
24 21 15 3 425 492
84 93 27 1 491 578
31 14 12 4 658 800
79 54 26 5 466 573
45 10 28 6 608 785
60 89 19 1 609 766
23 85 24 4 350 447
83 39 18 1 533 625
41 94 6 4 537 684
83 23 28 3 350 523
24 2 7 7 567 727
29 92 28 4 226 378
72 7 6 1 254 376
41 4 11 7 456 518
68 48 17 1 415 658
39 11 9 5 488 787
28 42 11 4 563 773
82 15 16 4 577 723
87 55 30 1 420 484
74 82 10 4 382 465
54 18 7 2 338 413
88 50 6 5 588 656
33 32 5 5 316 602
88 92 30 5 505 653
29 5 11 4 566 679
68 18 9 7 246 516
33 49 12 1 483 693
16 68 7 3 253 541
28 95 24 4 346 638
8 85 13 4 481 781
38 63 23 6 395 470
82 33 21 5 543 665
28 53 19 4 403 696
92 51 30 2 330 598
76 22 27 6 353 447
11 12 27 3 379 644
79 7 23 2 227 467
25 18 6 1 228 520
94 20 18 5 456 720
27 86 23 6 299 443
42 74 11 4 396 501
71 52 28 1 424 616
18 4 14 5 388 477
90 59 28 6 335 486
75 43 21 2 531 739
44 64 14 7 297 408
86 79 27 1 386 488
59 92 18 2 387 509
49 97 7 1 414 686
48 78 25 3 642 718
6 9 19 2 635 728
75 1 22 4 386 476
52 73 8 7 317 500
17 92 16 1 429 561
78 18 15 7 230 465
4 96 29 2 380 451
29 38 25 4 379 648
53 48 17 2 635 752
90 44 8 5 322 533
84 34 6 6 210 401
28 15 15 2 237 326
88 91 29 6 266 332
61 50 26 3 551 750
11 55 10 2 570 778
39 19 14 6 375 671
59 87 13 2 330 471
79 98 22 6 576 780
31 7 13 2 282 364
74 54 15 6 321 606
78 7 6 6 524 702
24 60 12 2 415 582
25 19 24 6 245 460
29 65 15 1 519 628
22 98 20 4 224 290
12 39 25 7 516 677
26 51 20 6 301 393
93 11 10 3 301 439
28 28 28 3 202 383
45 47 27 3 251 418
60 85 19 4 268 442
29 88 25 2 668 736
11 30 24 3 481 775
26 81 6 6 413 563
92 92 22 7 282 496
17 3 20 7 569 655
31 44 13 6 603 707
24 46 20 2 250 347
45 89 12 4 328 435
42 87 12 6 523 654
85 65 24 1 384 656
76 2 24 4 463 717
81 47 5 3 313 402
8 8 11 3 419 612
72 60 20 3 293 375
7 50 25 7 652 755
16 70 8 3 491 704
2 82 14 1 247 541
8 63 5 4 204 490
2 53 5 6 393 629
38 36 26 7 343 558
87 91 14 1 336 593
28 93 29 1 309 492
74 85 13 6 490 571
65 16 14 4 331 434
11 76 10 2 480 696
93 10 15 2 561 692
6 18 12 3 361 545
51 8 28 4 584 756
76 96 7 4 509 609
6 93 21 3 597 724
78 72 8 3 446 537
17 82 23 1 320 526
39 53 23 2 314 391
61 83 5 5 592 741
8 67 20 3 317 598
43 74 25 4 376 597
26 16 20 6 574 790
66 21 21 3 408 494
34 57 8 2 202 344
42 79 30 5 648 751
30 82 12 4 491 562
40 68 29 5 342 446
25 10 15 2 729 789
29 46 8 2 356 582
84 68 25 7 609 718
49 46 9 6 330 545
85 49 7 7 255 418
73 6 7 7 347 587
3 37 18 4 495 640
12 98 26 3 582 774
56 23 29 1 337 429
1 37 17 6 413 573
45 50 7 5 492 667
74 74 5 1 229 461
98 5 28 5 356 568
77 2 19 2 661 744
9 51 26 5 607 690
5 58 11 7 502 742
77 40 22 4 493 703
76 53 15 3 272 390
67 34 11 1 626 729
15 68 26 5 571 740
92 25 24 2 255 361
55 27 12 2 650 761
29 33 5 5 630 712
7 70 23 6 659 719
20 54 11 7 595 756
15 10 28 2 409 556
99 21 7 7 483 703
34 0 10 5 539 615
0 37 15 5 323 397
100 38 9 1 211 378
49 34 5 1 662 781
23 24 24 6 463 612
86 88 23 4 431 574
75 96 18 2 417 666
11 38 25 4 632 760
75 40 23 3 361 499
64 46 24 1 546 723
22 70 14 5 612 751
40 23 12 1 391 502
32 4 7 2 522 713
62 53 23 6 404 626
16 24 13 6 453 653
50 64 22 5 645 773
66 50 16 6 279 415
71 65 11 4 232 443
63 50 10 1 299 459
89 76 30 5 595 741
16 65 25 1 413 501
79 25 11 1 644 746
100 13 26 4 348 591
57 75 22 2 478 661
40 40 30 2 311 384
46 48 22 2 323 401
90 31 13 7 517 768
50 84 15 7 453 624
44 68 28 7 214 312
41 24 23 6 361 453
16 78 6 4 637 730
5 82 8 1 440 592
45 67 30 4 448 694
84 27 14 1 211 293
18 61 19 7 251 443
81 34 13 3 388 580
78 13 9 2 579 777
48 71 25 4 218 311
74 13 22 3 341 516
17 75 27 7 545 654
40 15 14 2 542 660
13 95 13 1 391 689
45 90 24 2 291 409
49 47 25 5 267 567
77 21 29 1 333 488
89 68 24 6 313 417
52 43 27 1 292 517
95 94 17 2 565 780
50 70 19 1 220 402
64 79 12 5 316 385
28 88 12 1 296 367
30 23 16 5 296 527
60 88 27 3 381 636
45 2 18 4 261 331
27 23 6 4 708 789
26 92 14 4 269 557
11 45 24 5 384 576
70 73 18 7 638 762
83 81 19 2 272 426
21 13 22 5 350 523
50 23 29 5 302 477
34 83 9 7 224 478
99 8 28 4 473 698
47 83 16 7 278 360
32 40 10 4 518 787
77 52 18 3 599 661
83 38 8 1 495 611
65 35 8 7 236 457
88 9 29 6 686 771
95 91 17 3 231 433
56 22 5 5 536 653
29 13 15 4 257 483
21 38 21 5 280 514
78 26 16 3 457 674
37 80 10 1 226 379
57 2 14 3 352 519
84 80 5 3 506 791
37 2 7 7 712 787
44 25 6 7 407 496
100 30 28 5 439 738
0 65 10 7 420 652
42 58 21 4 362 494
46 2 30 3 392 483
70 23 6 7 273 506
93 2 28 7 202 386
15 6 22 3 224 362
3 50 16 4 478 555
23 28 20 3 454 538
63 19 22 1 510 674
49 58 14 3 427 501
9 76 19 1 419 651
8 87 28 2 502 600
31 92 5 1 704 773
55 63 12 2 312 480
34 17 9 7 437 542
48 79 24 5 435 546
98 99 30 4 248 523
53 65 11 1 332 532
47 65 8 3 406 526
65 53 27 3 385 598
10 46 27 3 239 409
14 70 9 1 336 521
13 29 17 3 560 662
7 32 30 3 559 763
42 62 16 4 264 342
92 59 13 2 577 702
64 63 20 1 405 578
30 31 10 2 372 508
17 43 25 6 205 333
63 31 22 5 394 529
58 44 11 4 400 678
33 88 26 2 334 552
61 12 18 1 342 532
63 30 13 7 610 771
34 91 7 3 232 495
2 63 6 6 258 455
24 1 12 4 249 437
40 12 25 7 569 777
34 60 29 2 234 527
12 93 14 2 363 468
14 34 29 5 506 795
0 57 29 2 602 685
84 89 6 5 509 726
46 93 18 7 209 339
40 52 20 1 380 568
40 34 22 4 260 436
68 54 7 5 478 587
76 67 7 4 631 779
92 79 10 2 244 505
12 87 5 5 376 459
100 56 21 4 292 523
62 37 29 4 260 433
17 20 6 1 600 703
0 45 17 2 253 507
40 41 28 5 227 483
78 86 19 1 556 771
69 77 17 7 524 735
29 53 23 6 553 708
67 43 23 1 589 745
48 1 13 2 600 681
65 88 26 5 388 661
50 65 28 2 217 445
87 96 8 4 321 384
67 22 17 2 319 491
84 31 9 6 357 595
63 93 12 6 470 638
89 36 10 5 437 676
74 71 22 2 281 357
78 24 25 2 351 499
19 49 12 2 411 497
88 21 17 2 358 630
78 91 16 7 256 499
97 53 8 6 595 656
97 83 16 4 249 479
73 100 22 5 359 512
90 52 19 6 605 730
42 93 20 6 474 678
81 36 7 1 461 757
34 80 11 4 525 601
4 29 21 4 263 439
88 44 21 2 484 767
66 32 20 7 721 785
43 88 22 3 494 586
100 40 8 6 577 704
68 81 6 5 228 316
25 68 25 6 497 614
77 36 14 1 434 536
32 38 24 1 546 774
12 89 27 1 502 798
66 6 9 4 209 451
27 52 16 4 247 424
82 68 5 7 316 571
17 93 14 5 317 499
68 88 19 7 441 704
20 33 14 4 497 689
33 22 14 5 372 622
66 72 12 7 258 424
23 3 22 3 380 498
33 99 26 6 442 624
0 75 17 7 283 379
27 3 8 6 378 604
100 51 19 1 511 604
8 14 28 6 301 397
94 55 12 4 503 626
73 50 19 1 527 728
7 55 27 7 405 619
39 28 26 6 277 500
16 41 18 1 211 456
13 1 19 7 385 617
46 17 8 2 515 745
79 88 7 7 601 699
56 62 10 7 349 538
