702
99 26 0 0 0 0
96 12 6 1 244 456
72 89 5 7 451 566
25 0 24 4 288 406
83 80 8 7 478 773
63 75 26 6 643 783
93 10 16 1 226 526
91 57 15 5 540 643
72 3 29 1 540 670
86 45 7 6 458 606
62 39 30 4 343 569
18 85 30 7 511 715
48 15 20 5 522 684
41 10 21 7 443 510
77 6 25 7 380 664
1 34 16 3 463 636
70 30 11 2 375 643
5 43 11 2 309 376
86 94 12 2 218 507
66 64 12 2 479 593
99 88 7 5 633 698
86 73 8 6 265 393
57 89 10 1 329 586
95 45 8 5 206 476
21 2 13 3 392 479
52 8 22 3 664 757
15 100 20 5 421 513
48 72 6 3 238 364
42 12 21 1 284 461
32 65 25 1 577 778
98 17 20 5 601 777
18 72 5 4 385 564
4 93 29 6 388 676
11 23 17 2 563 776
47 17 27 5 473 686
63 19 22 6 337 442
37 36 10 4 205 342
56 27 14 7 555 645
92 64 26 7 366 530
73 42 26 3 494 722
27 58 30 4 297 505
8 86 16 4 428 623
44 80 17 6 389 533
37 64 20 3 480 761
15 42 10 4 530 621
22 44 9 7 300 429
6 100 15 3 597 676
43 27 25 1 222 436
64 71 21 7 304 432
100 78 16 4 344 456
60 23 20 2 493 632
91 44 13 7 340 411
41 12 8 7 514 625
0 77 23 1 327 565
37 56 19 7 242 420
69 90 9 3 418 606
100 25 28 4 555 724
59 56 24 6 588 698
66 46 14 1 509 732
32 21 5 3 644 776
17 74 17 1 525 785
78 23 6 5 297 565
19 67 24 7 342 461
66 97 6 5 588 761
66 59 20 7 573 686
54 68 17 4 453 520
86 58 17 1 455 704
63 80 15 1 419 504
33 79 23 7 298 419
43 90 27 2 506 675
1 29 20 5 210 347
52 64 5 2 428 512
44 13 10 1 482 607
87 77 5 1 587 659
19 78 9 4 406 631
41 87 20 2 430 503
64 16 23 1 364 649
25 93 23 5 227 384
13 71 20 7 361 467
38 53 19 2 357 603
5 86 19 7 722 797
25 90 30 7 470 746
61 94 18 4 260 549
3 65 24 5 618 773
90 82 29 3 339 520
11 43 12 5 241 353
17 85 25 3 591 655
25 100 28 4 681 759
62 87 17 7 621 793
78 73 22 1 290 427
97 69 22 2 336 396
22 86 8 5 363 639
47 4 26 2 386 512
75 53 25 1 435 592
8 69 19 7 501 731
86 56 27 1 578 738
56 2 23 4 300 363
40 27 26 5 282 482
18 79 12 3 203 380
41 19 11 6 404 643
37 53 27 5 352 467
38 59 16 1 448 547
83 28 18 3 403 682
43 40 30 7 512 661
93 9 20 1 489 691
86 90 17 2 569 758
22 3 9 4 533 634
23 37 24 1 442 635
99 44 18 1 302 441
61 16 29 6 219 344
61 59 8 4 281 523
39 41 20 3 504 669
7 23 9 5 360 459
69 39 28 2 310 493
29 97 25 1 612 767
33 21 14 3 471 662
45 92 20 5 473 767
5 24 28 5 434 689
27 82 6 4 336 543
45 84 15 1 277 529
46 16 12 4 385 584
57 20 21 2 200 349
15 67 15 2 223 465
49 41 19 5 443 691
57 85 27 6 505 746
46 13 5 1 516 610
38 14 22 2 284 448
29 69 21 1 273 490
83 36 12 2 328 409
11 8 10 2 620 765
62 77 8 2 501 615
5 57 16 5 298 503
50 69 30 3 591 694
63 23 24 3 539 649
82 67 20 3 241 504
50 12 22 7 253 422
45 18 13 7 376 581
22 39 6 2 308 556
44 23 21 6 288 451
12 24 26 7 583 756
87 14 23 3 613 694
75 50 12 4 383 477
91 77 15 6 531 746
99 27 8 2 434 719
99 87 17 5 371 440
75 61 20 2 619 759
14 94 8 1 499 795
55 80 14 3 276 422
38 51 19 1 413 636
83 99 19 3 388 628
9 72 7 4 579 785
49 23 21 6 227 375
1 52 13 1 313 443
70 0 8 7 528 746
15 1 20 5 424 714
7 87 21 2 270 553
91 59 9 1 275 403
57 38 27 1 339 509
13 50 28 5 232 331
84 42 9 7 236 322
53 8 15 6 407 525
64 28 18 7 635 738
37 73 16 4 216 365
97 8 6 3 522 645
87 60 20 5 467 528
61 29 8 1 555 633
86 71 7 6 418 643
4 62 17 7 564 794
80 17 21 6 455 594
49 6 29 6 211 460
20 16 24 3 264 369
67 98 22 7 632 780
100 17 19 5 646 728
74 54 9 3 460 546
24 87 8 4 388 475
3 16 20 6 344 441
6 33 11 1 263 352
77 19 11 2 300 511
24 93 11 5 253 410
48 83 12 1 294 536
87 33 7 3 508 651
91 65 7 3 217 402
48 49 12 4 312 537
97 13 26 1 524 732
92 4 23 5 466 541
19 77 29 2 408 689
14 100 15 1 372 522
2 33 30 1 224 379
74 24 22 1 386 576
61 53 17 6 601 688
66 83 12 2 204 493
22 36 23 1 481 647
52 15 9 1 553 645
62 59 8 5 706 768
14 19 27 7 487 740
96 30 23 3 488 711
87 72 13 2 498 798
14 41 17 7 424 544
81 100 27 5 517 784
20 67 7 4 445 587
93 99 7 4 399 466
45 40 20 6 609 693
68 22 8 4 520 743
35 94 8 6 520 629
85 8 11 2 689 761
0 32 20 4 551 680
16 44 15 6 552 697
30 0 21 3 227 468
83 85 10 2 651 767
79 84 5 6 376 437
69 18 6 6 236 466
58 26 14 2 483 566
84 100 6 4 632 757
99 79 14 7 320 576
3 98 7 5 556 715
52 27 18 6 278 440
24 83 11 2 364 624
50 37 20 7 442 695
48 51 27 6 213 357
23 50 14 3 509 780
47 51 26 3 395 582
87 65 11 7 320 452
41 18 20 2 227 480
12 55 26 3 390 465
63 90 29 5 509 711
71 57 10 7 452 590
79 32 13 6 307 537
67 100 11 6 535 693
97 5 26 3 413 713
45 4 10 5 450 675
29 36 27 5 341 536
80 95 15 5 257 404
99 50 13 2 291 414
88 78 29 1 315 393
62 54 30 2 444 639
80 41 10 6 483 592
25 97 30 2 207 368
32 13 17 2 383 683
67 84 16 6 349 494
60 100 13 3 360 469
60 5 9 7 461 681
8 27 24 5 277 408
44 97 15 7 395 498
6 18 14 6 625 722
13 55 11 1 395 567
84 50 20 1 423 588
51 49 6 7 685 781
10 5 27 5 358 594
32 42 8 3 310 543
42 89 5 7 360 519
89 56 28 6 290 521
31 17 19 3 443 705
44 2 12 2 292 424
64 31 17 4 705 768
29 53 16 2 538 762
53 15 30 1 461 585
93 94 22 2 462 757
11 83 8 4 437 597
88 28 23 2 463 717
23 44 27 3 653 757
74 22 21 2 656 740
29 24 15 7 250 505
55 15 5 5 322 614
25 64 16 7 275 542
54 69 9 3 212 365
53 83 24 1 317 414
31 36 17 2 292 467
99 18 17 2 306 375
19 74 12 7 331 612
79 1 20 6 652 758
65 46 22 6 492 626
12 66 22 3 658 723
86 82 13 2 226 402
30 13 8 2 423 569
78 80 23 6 644 783
53 9 17 3 490 585
26 51 5 7 400 579
4 90 10 7 377 628
83 6 5 3 423 509
69 100 17 3 522 601
64 44 24 5 270 517
22 100 20 2 332 411
30 86 14 3 355 596
5 9 29 5 504 729
85 73 14 2 571 698
100 14 21 6 636 793
37 39 29 5 531 640
1 19 7 5 234 306
17 14 24 6 288 432
94 71 27 2 206 279
37 78 7 7 659 748
26 50 15 7 540 612
73 67 24 3 459 629
6 15 16 6 483 643
21 80 16 6 307 602
72 16 22 6 411 490
82 53 26 6 249 428
28 86 23 3 309 402
35 98 24 3 591 723
13 79 18 1 422 529
16 65 6 5 571 768
76 39 30 3 288 438
89 96 23 7 416 500
49 35 21 4 398 603
72 52 15 2 310 489
67 6 24 7 685 746
26 66 7 6 277 415
50 22 30 2 258 553
52 46 18 1 581 797
60 87 12 4 540 730
97 40 7 1 663 741
62 8 19 5 319 480
8 60 14 7 456 733
31 89 13 2 318 577
94 83 10 6 454 609
99 28 6 3 211 464
24 71 30 3 365 462
83 93 21 5 273 514
78 27 28 3 594 682
69 47 29 3 353 531
22 50 27 3 276 421
93 67 14 2 478 627
19 55 22 4 469 532
6 86 22 3 305 366
59 71 14 1 624 689
67 16 21 6 353 585
77 71 30 1 208 375
24 17 26 6 254 435
89 64 25 1 547 759
30 76 28 5 228 389
91 68 13 4 409 653
50 98 15 6 345 640
46 14 30 4 411 693
29 34 16 2 306 491
91 51 12 2 402 622
71 89 14 5 279 481
78 0 27 6 352 493
54 38 5 2 647 741
89 46 21 6 453 704
11 19 11 3 546 697
57 99 12 5 382 582
87 32 22 7 230 501
72 73 11 5 450 632
35 19 20 1 621 791
69 24 17 6 292 420
100 42 18 2 202 489
37 15 7 5 633 761
2 66 13 6 321 485
22 8 28 6 289 362
62 33 26 3 393 492
38 77 29 4 574 754
45 89 11 6 538 743
39 25 19 2 597 770
11 61 28 1 572 786
18 10 30 6 452 544
96 24 27 2 361 470
52 71 21 4 393 567
24 45 7 3 640 715
100 100 23 1 509 569
49 67 12 2 233 459
60 12 9 2 264 477
98 73 12 2 651 736
76 59 26 1 216 454
92 52 7 5 317 539
88 1 16 7 249 444
66 63 21 6 454 591
54 77 5 7 581 794
25 31 11 4 384 495
23 12 29 1 562 745
42 61 15 4 357 545
8 77 13 1 235 346
72 92 9 1 340 405
37 97 27 6 683 765
37 57 29 2 460 587
56 73 19 7 565 710
78 1 11 5 531 681
23 83 14 5 484 766
75 17 29 3 564 782
32 61 20 6 340 634
8 38 29 1 331 590
5 61 19 1 418 696
52 63 24 3 214 451
82 19 26 1 275 565
77 11 18 3 374 563
42 73 11 3 228 445
25 2 16 3 558 728
49 50 9 2 297 432
72 83 12 1 335 440
72 4 7 2 252 421
47 56 5 7 308 455
10 65 18 7 593 759
7 22 28 6 437 624
100 56 7 4 515 747
62 36 8 3 375 476
99 13 25 3 627 717
93 79 26 4 297 399
23 78 16 3 354 639
23 65 6 3 538 722
42 57 21 6 544 618
40 16 17 3 690 790
33 60 23 1 476 578
96 80 8 1 406 661
76 12 11 2 420 663
69 36 18 5 467 602
5 3 10 7 531 776
33 54 30 6 635 765
8 97 26 7 433 565
87 16 26 3 262 402
71 68 9 5 248 533
16 6 12 6 544 796
78 53 12 2 358 539
40 71 14 7 604 771
1 39 20 2 614 722
75 85 14 5 410 515
9 12 29 3 550 729
39 43 14 7 433 675
16 92 15 7 254 510
16 50 28 3 288 365
86 57 14 6 229 339
16 7 16 4 260 535
52 47 10 5 306 377
20 0 12 1 501 632
40 26 12 7 220 454
42 1 13 6 512 593
7 57 10 4 349 619
61 14 17 2 330 399
54 44 24 3 607 717
64 97 15 7 514 661
31 30 17 3 278 426
90 83 5 2 716 776
20 50 20 5 299 404
4 5 13 5 492 638
65 51 26 3 468 699
17 29 10 2 210 495
51 48 21 4 405 505
24 35 11 3 538 725
9 26 26 5 238 479
74 70 26 2 336 532
14 89 11 2 614 799
21 68 18 5 557 769
33 7 28 5 396 641
100 50 12 6 550 738
38 23 20 3 296 534
99 24 19 7 449 716
10 89 15 2 348 634
66 29 12 4 644 781
58 33 12 2 225 417
49 71 20 2 366 663
93 63 20 2 266 382
15 77 14 4 356 543
60 57 7 3 659 793
35 49 8 7 414 570
86 2 13 1 363 459
59 37 10 4 477 629
2 83 15 2 216 340
58 37 22 2 400 657
92 42 6 2 663 778
79 50 16 2 509 698
36 4 13 7 210 453
59 100 29 5 307 379
10 77 28 4 241 302
2 43 22 3 370 589
53 93 17 5 208 395
27 68 19 3 581 750
53 89 29 6 637 768
67 67 18 5 321 599
44 53 19 4 522 694
19 18 21 6 542 610
54 4 20 5 424 527
43 30 11 4 395 569
42 55 6 7 504 613
96 10 20 2 472 695
52 90 15 1 261 481
49 38 30 5 627 772
66 99 15 3 304 512
10 87 23 1 450 747
87 41 18 4 202 282
90 68 16 4 569 671
77 59 19 2 528 745
2 88 25 7 475 755
83 98 15 2 285 382
9 62 18 2 518 712
36 72 29 5 239 359
38 74 28 1 232 358
56 50 20 6 458 597
40 29 20 3 360 427
19 76 23 4 264 518
41 34 17 6 536 786
20 89 6 3 328 454
81 24 19 6 213 405
59 10 6 3 342 415
83 11 17 1 399 565
19 85 13 1 583 738
86 83 14 3 209 396
20 12 28 2 252 503
5 11 24 2 238 355
69 40 21 4 537 748
80 67 6 3 654 754
34 68 26 2 515 642
51 45 21 4 615 800
67 63 18 6 215 286
48 2 15 4 275 353
17 47 19 3 349 525
6 90 16 3 472 580
78 40 25 7 302 584
33 6 21 5 396 534
94 0 27 5 333 629
52 80 18 3 484 631
94 52 14 2 601 755
95 96 9 2 414 641
31 55 16 4 295 472
96 36 6 6 520 629
4 86 21 6 562 782
17 73 18 6 218 419
17 68 10 1 232 320
50 60 8 4 561 628
55 19 29 4 345 635
54 9 11 3 429 562
18 28 27 1 497 702
10 49 25 2 209 439
47 36 7 4 313 523
63 83 12 1 510 718
75 94 8 1 360 554
85 16 24 3 621 741
98 94 9 3 487 756
15 63 22 6 443 691
35 82 13 3 631 694
21 38 8 4 386 607
44 78 6 4 636 753
17 10 20 7 265 423
72 85 27 5 243 441
80 90 20 2 238 460
51 6 5 6 514 630
11 9 17 2 506 642
11 53 29 6 578 695
17 61 17 6 403 630
90 88 30 6 360 468
30 51 15 2 265 334
68 75 22 4 258 491
26 36 6 7 328 559
1 38 28 2 404 534
16 96 19 5 488 656
68 80 18 1 234 452
51 33 22 2 361 627
74 26 25 1 712 781
42 90 12 3 494 786
20 21 26 3 453 563
71 52 19 6 264 554
94 29 10 1 616 686
82 45 21 4 381 541
58 65 22 7 441 626
41 2 24 2 217 289
75 19 21 6 475 544
54 48 11 2 494 698
17 75 10 5 542 775
93 35 15 2 518 660
59 14 18 6 658 798
44 41 24 6 288 400
43 31 30 1 521 703
24 55 7 4 273 460
50 51 13 6 469 629
7 1 11 7 243 484
76 17 24 4 368 469
66 22 29 3 546 779
85 66 28 6 579 763
22 22 10 2 656 784
28 52 13 3 520 669
30 68 6 2 429 665
5 6 27 5 562 790
96 9 7 3 583 687
60 53 14 1 354 505
49 91 14 7 303 448
27 81 7 5 298 478
21 28 6 7 652 768
0 58 23 3 691 780
78 5 8 3 318 565
10 15 15 7 681 749
39 72 10 2 283 558
22 63 15 5 499 566
5 44 27 4 249 519
44 60 23 6 448 739
99 39 22 7 595 662
13 21 24 3 320 520
30 89 10 3 473 684
81 50 29 3 245 499
61 66 27 7 470 580
55 1 28 5 295 523
65 0 5 5 565 756
0 75 7 7 379 587
3 61 29 7 568 780
20 19 24 3 342 576
31 4 27 4 339 423
44 49 15 1 208 331
19 84 5 4 439 531
36 8 7 6 423 529
74 28 27 5 249 509
31 29 17 2 294 578
38 73 11 7 375 635
48 92 23 3 504 646
65 24 7 5 386 459
75 99 9 1 385 602
88 19 18 3 446 602
48 70 8 1 555 756
15 64 29 1 359 626
51 61 7 3 226 499
30 69 9 6 303 430
56 49 7 4 323 608
23 86 8 6 384 677
56 64 6 6 314 491
57 88 5 4 588 739
80 64 21 5 575 743
36 89 25 6 634 711
24 39 16 2 404 548
50 38 9 7 557 638
84 45 26 1 325 607
21 47 24 3 603 698
37 9 8 3 563 799
77 56 13 7 493 727
54 49 24 7 509 783
53 58 11 4 358 638
8 84 10 5 573 676
75 78 8 4 599 663
0 95 9 2 521 788
33 100 26 1 267 439
72 94 14 1 241 314
84 36 23 4 554 705
53 75 19 1 458 684
44 90 7 2 567 742
29 96 11 2 546 755
42 2 16 1 281 346
13 32 8 7 241 323
21 4 17 7 265 562
29 84 17 6 590 768
90 76 24 5 473 565
61 76 8 2 514 729
17 0 22 4 687 781
44 43 20 1 516 625
99 3 20 6 538 619
55 32 5 3 402 699
70 62 15 3 373 470
71 30 22 7 361 570
9 88 10 2 308 576
4 78 14 7 501 581
64 34 21 7 509 574
87 85 30 2 207 272
23 9 14 3 333 414
11 84 20 5 311 512
28 88 16 1 416 642
80 7 9 4 297 447
71 63 11 5 293 591
58 98 9 7 519 706
30 32 22 1 459 686
53 70 27 4 305 430
35 58 8 3 246 506
32 6 27 4 224 412
24 9 19 5 351 433
85 47 7 5 679 779
53 35 21 1 472 760
49 64 5 6 225 329
74 41 10 1 464 648
15 5 28 3 674 776
68 36 5 7 446 553
45 41 7 5 276 526
37 91 26 5 350 583
95 60 6 4 288 372
21 17 16 2 344 502
92 77 17 6 493 553
63 72 11 2 244 357
15 21 20 1 547 776
81 89 13 2 388 507
11 44 9 6 248 462
59 11 18 6 454 575
48 6 10 5 242 426
15 82 6 4 330 445
100 35 12 3 319 427
90 71 15 1 576 667
4 60 6 7 449 541
86 32 23 3 290 544
39 16 12 4 313 374
6 64 20 7 650 742
0 0 23 7 287 580
23 57 5 3 617 798
86 31 16 3 390 498
90 39 12 5 648 759
93 97 21 7 263 353
64 41 16 5 377 539
54 50 25 5 558 755
35 81 20 3 640 728
15 88 30 4 212 460
46 95 14 6 570 762
34 95 14 2 261 495
18 39 20 4 640 710
76 58 8 5 329 545
40 60 11 6 230 397
71 97 15 7 696 779
62 57 27 4 539 755
81 53 11 2 246 512
78 99 15 4 205 456
96 65 7 7 528 675
9 11 24 6 230 421
40 14 12 3 608 780
53 1 29 6 400 463
