545
74 82 0 0 0 0
75 86 25 4 239 301
45 15 22 4 266 365
59 92 13 1 318 424
50 96 19 3 458 739
56 56 23 5 488 612
45 67 24 7 510 762
64 37 28 4 360 498
28 79 18 4 294 405
8 57 12 2 233 395
28 36 25 1 316 578
35 46 7 5 269 487
74 29 27 7 214 472
30 58 14 1 395 598
74 14 20 3 429 668
43 16 28 4 278 388
48 85 30 1 625 688
90 49 25 2 333 461
33 35 7 2 480 699
19 21 23 6 426 625
56 61 8 6 305 507
33 38 19 6 359 490
78 4 27 6 614 790
57 53 5 7 317 541
57 70 10 7 292 565
36 59 30 6 623 741
51 14 15 6 527 638
95 65 16 6 279 462
47 28 18 1 515 748
64 84 21 5 218 401
0 31 9 2 228 323
11 62 24 6 248 405
82 17 27 2 485 739
43 55 6 7 506 684
40 39 19 6 395 582
24 77 25 5 502 702
84 80 5 4 373 637
85 50 19 2 692 777
7 64 26 3 577 787
26 65 30 1 363 519
94 59 10 7 306 411
78 90 20 6 284 442
39 85 10 1 504 753
7 100 29 1 428 589
71 83 28 5 543 622
67 9 15 3 459 676
38 90 25 7 374 484
81 26 10 3 284 360
62 10 8 7 365 601
22 35 8 4 239 461
24 86 7 6 351 459
57 86 9 6 448 510
81 10 19 6 262 348
96 85 15 5 411 697
68 1 10 4 492 655
98 93 10 1 211 278
76 45 11 7 225 469
41 96 30 7 238 518
30 65 18 7 617 764
91 9 11 2 509 779
90 3 15 4 602 752
28 35 20 3 644 783
15 38 24 4 303 433
67 73 18 6 223 453
30 71 21 3 503 759
46 24 22 7 374 667
89 74 8 4 296 371
76 71 22 6 539 754
45 5 10 2 215 310
79 85 19 5 388 470
51 40 18 4 433 618
84 69 24 4 300 576
5 53 8 1 413 547
36 25 8 5 515 659
86 9 29 7 281 576
53 42 7 2 478 772
83 45 5 1 296 398
45 78 11 3 327 547
19 19 27 3 646 752
59 50 21 2 462 565
2 85 15 7 355 477
79 63 24 6 357 549
96 27 29 7 395 530
78 16 11 7 455 673
56 83 11 3 493 625
42 19 15 7 432 620
93 73 19 1 515 787
4 29 7 2 325 468
83 36 22 3 677 775
82 54 12 2 219 511
32 34 8 2 454 597
27 45 23 6 414 606
87 78 6 1 418 645
51 69 25 2 461 714
100 11 23 6 359 542
89 96 17 4 380 507
29 72 14 4 595 740
71 78 13 7 577 721
61 75 25 6 244 390
51 80 24 1 492 572
90 1 6 7 362 432
29 2 19 5 375 555
38 56 7 3 395 605
85 63 11 1 485 571
53 71 19 4 265 556
100 96 18 7 363 429
44 49 16 6 529 767
90 62 20 5 352 590
1 45 23 1 414 614
59 27 16 6 246 451
58 45 8 6 434 528
87 22 28 1 666 733
85 68 25 7 269 512
10 13 12 3 232 507
35 21 8 4 256 459
50 15 12 6 468 588
89 87 8 1 635 695
47 42 10 2 212 308
85 66 8 3 508 669
46 55 10 1 334 506
63 57 14 1 368 575
47 86 6 7 523 627
25 64 7 7 263 328
6 10 28 2 402 550
21 6 19 5 243 303
52 6 13 4 426 512
98 76 17 3 450 664
24 14 23 5 219 319
24 92 19 3 502 752
9 78 22 7 494 596
33 10 23 3 250 361
16 79 13 1 481 566
50 40 8 6 278 477
66 97 23 2 454 607
19 83 6 3 503 688
6 66 12 2 561 748
19 22 29 2 390 461
96 89 22 1 427 562
7 92 25 4 585 710
98 28 29 5 573 748
97 61 25 1 402 668
63 42 20 2 227 319
68 59 11 3 303 388
74 19 12 5 474 578
47 91 7 1 271 396
69 25 20 7 281 521
0 30 19 1 238 418
69 90 10 2 254 484
58 27 12 5 624 718
80 39 17 4 632 723
38 82 28 1 234 472
93 60 9 7 720 790
27 50 21 2 281 541
36 17 8 4 248 548
15 72 5 5 451 653
87 23 17 4 219 449
40 56 12 6 494 642
8 11 28 2 691 773
3 96 6 3 526 789
53 52 9 7 343 612
10 12 29 3 330 490
82 85 7 1 463 681
21 64 7 7 220 436
41 41 16 3 444 715
20 63 6 3 585 739
48 27 19 1 205 502
62 3 6 4 551 785
54 52 12 3 483 725
44 3 13 5 286 519
75 16 20 7 529 724
95 69 15 2 314 427
79 59 19 3 293 453
24 24 29 4 410 612
2 84 19 3 432 557
2 34 27 1 621 764
61 9 27 7 542 711
14 95 12 2 264 379
49 2 6 6 313 596
16 60 25 1 593 719
85 36 6 1 678 768
97 93 28 1 320 434
32 66 5 3 354 636
57 65 7 3 283 542
55 37 29 6 562 726
56 70 10 6 260 541
60 83 25 7 241 363
67 23 11 5 442 604
71 35 12 3 450 608
13 13 26 4 517 781
99 48 22 6 415 699
65 51 22 2 249 413
98 22 7 1 444 561
55 70 30 5 566 710
28 47 29 5 279 452
3 39 18 7 448 621
55 76 30 3 475 739
92 24 24 6 488 768
5 20 16 5 353 617
40 6 6 7 305 588
55 30 18 1 529 708
97 82 30 4 373 673
24 100 8 7 571 645
49 41 27 2 442 553
81 48 26 1 310 525
44 61 10 3 418 487
11 26 22 4 529 720
99 67 19 4 224 337
58 74 20 2 201 308
24 64 14 7 380 513
53 49 28 1 224 477
92 9 15 7 596 656
35 0 22 6 350 569
41 38 20 7 298 589
24 12 11 1 511 768
8 41 13 7 486 776
68 10 19 1 468 712
10 45 18 5 653 726
86 14 21 5 534 791
35 71 23 7 289 477
50 91 22 4 567 648
28 86 12 7 323 604
94 47 19 4 376 674
53 85 7 4 324 483
73 20 19 6 519 622
39 57 23 7 476 553
0 34 26 6 334 529
7 30 13 5 296 453
48 47 15 4 508 703
93 24 12 7 474 767
64 90 24 2 246 317
68 95 5 5 222 460
78 20 28 1 216 487
100 72 27 5 428 584
48 14 14 6 566 758
31 86 27 1 515 798
57 72 30 1 460 724
37 12 25 2 399 686
37 68 27 7 522 730
62 12 11 2 394 477
23 86 17 1 285 555
14 49 24 4 510 644
39 31 14 4 211 423
21 36 8 1 661 742
24 70 12 3 690 780
15 21 30 3 419 498
89 39 5 7 546 684
40 47 11 3 419 519
20 68 27 5 266 528
100 4 12 6 417 577
64 29 25 6 433 541
82 66 24 6 389 600
68 45 28 6 410 640
28 70 21 7 587 682
33 76 16 2 536 670
63 9 26 4 304 546
58 26 22 6 253 465
27 44 8 5 379 477
60 24 27 4 366 661
33 20 10 2 285 406
16 28 22 7 253 453
64 1 30 3 484 626
43 90 14 5 293 506
60 81 7 2 290 471
67 4 12 5 440 597
96 7 12 3 508 590
63 4 23 1 295 468
82 80 14 4 631 786
1 17 10 2 248 481
62 63 18 3 732 800
98 100 16 5 465 544
40 64 15 2 210 382
74 57 24 1 662 740
8 67 21 2 341 608
53 59 13 6 252 489
3 61 20 7 288 504
25 6 27 4 287 394
8 89 7 5 392 662
26 99 18 6 528 661
19 25 7 5 266 364
10 39 18 5 654 794
25 87 24 7 336 553
22 4 7 3 530 646
74 52 29 5 482 691
94 63 20 1 561 627
56 57 11 4 212 290
78 100 11 5 367 492
10 79 29 5 496 607
39 90 16 2 287 376
77 18 10 6 456 575
57 58 30 6 359 649
3 89 7 2 373 614
23 89 30 2 201 406
2 24 24 5 557 719
51 20 22 6 248 479
4 48 26 5 314 451
85 10 14 1 665 788
34 21 19 1 221 425
3 87 27 3 338 422
36 30 25 1 359 447
10 34 16 1 549 743
83 33 12 5 368 587
27 16 28 6 374 503
40 1 30 1 348 543
82 60 21 4 665 777
24 76 9 3 378 539
43 47 11 7 692 788
95 8 29 1 409 649
91 13 30 7 381 658
48 61 20 6 306 575
35 66 29 4 333 556
13 68 16 5 423 600
6 78 28 6 566 701
68 27 30 4 430 615
44 85 27 3 413 602
45 59 18 3 242 327
55 9 14 2 356 547
23 67 24 7 273 408
85 44 20 3 533 685
26 46 6 7 269 450
72 58 18 1 324 619
6 46 10 2 470 596
64 70 22 4 350 629
35 65 14 5 502 776
61 22 26 5 286 476
67 86 22 3 269 436
29 21 9 6 357 538
49 19 13 3 422 586
7 3 22 7 403 509
60 78 19 2 376 446
95 82 5 3 297 531
97 67 27 3 420 704
90 2 30 7 660 792
86 3 11 2 201 381
98 48 13 3 285 461
35 43 26 2 352 416
5 11 14 5 321 434
50 93 26 6 511 644
77 23 5 6 505 711
42 2 26 2 606 765
64 66 11 5 477 775
53 90 24 6 321 602
31 73 11 7 515 638
71 51 15 4 341 472
60 66 16 7 599 718
50 71 12 6 420 634
90 56 22 6 249 526
18 21 15 4 272 514
76 72 20 7 608 757
44 52 14 3 283 349
77 71 14 3 396 692
75 75 20 6 591 699
8 45 15 4 441 587
67 2 28 7 407 630
41 18 28 1 511 665
94 22 8 7 364 501
94 99 25 5 429 646
1 93 24 6 231 296
42 28 13 1 633 730
81 56 14 6 440 722
0 88 6 4 248 325
84 68 7 7 407 580
38 71 9 2 445 721
79 87 25 6 576 773
12 69 14 4 648 781
45 29 20 4 637 699
60 54 9 7 222 365
92 72 8 5 472 701
75 19 27 6 470 690
63 48 14 5 649 751
21 23 29 2 377 601
32 78 7 5 535 791
44 46 22 6 572 784
47 81 15 7 242 380
35 8 9 5 386 550
46 47 5 1 396 625
60 42 7 2 527 638
38 98 7 7 317 460
98 35 20 4 387 602
0 78 22 3 572 787
71 54 17 5 257 399
98 43 5 7 349 422
38 27 6 3 348 590
47 77 25 5 271 375
41 22 30 6 576 691
35 40 25 1 403 516
86 36 8 6 588 655
11 41 5 4 314 416
8 26 30 5 493 611
52 38 28 2 642 748
36 36 25 4 309 405
1 15 19 2 229 362
39 89 15 2 399 642
77 90 23 3 578 746
56 4 14 7 300 535
71 22 14 5 204 420
97 60 18 1 526 728
83 42 30 5 255 483
27 18 28 1 372 534
88 85 8 1 275 409
87 82 30 2 426 663
17 13 28 2 203 403
60 19 27 1 299 501
13 4 27 6 324 577
31 19 16 5 339 496
27 94 13 2 472 737
36 0 14 5 367 477
92 19 18 3 499 610
76 15 19 6 596 764
78 58 16 1 457 530
30 10 5 6 380 599
71 79 9 5 220 324
36 57 6 2 554 736
55 100 8 7 374 498
40 37 24 3 235 468
7 56 17 7 317 561
6 9 13 1 538 608
10 9 28 2 271 485
90 84 28 6 308 537
84 6 26 4 497 664
65 59 30 5 492 685
68 88 24 6 491 721
2 13 14 7 481 568
77 91 13 1 382 517
93 0 10 4 370 550
3 83 13 3 302 408
73 53 13 1 566 773
63 56 17 6 535 730
76 94 11 4 396 630
99 83 13 5 345 576
29 39 10 3 615 715
62 17 24 1 332 467
57 64 9 2 501 693
66 4 19 1 221 458
46 59 15 4 534 782
66 81 10 1 449 509
76 7 19 5 662 763
1 86 6 7 338 427
18 64 22 7 621 743
83 52 24 7 559 659
10 81 20 7 644 787
49 90 20 2 433 690
63 7 12 2 476 719
57 9 12 1 477 684
74 1 5 7 509 747
24 43 9 3 610 744
14 30 9 7 336 406
91 37 9 6 347 473
63 86 8 5 213 328
13 74 21 5 430 597
61 88 30 6 700 774
69 57 19 5 673 762
36 28 16 1 295 450
84 73 15 7 565 794
16 9 15 4 497 560
30 66 7 1 356 560
8 1 7 7 508 693
78 54 17 5 574 769
43 7 9 1 262 516
16 47 12 2 397 489
44 99 13 7 658 793
4 3 17 6 615 740
50 60 15 3 264 540
43 88 6 4 408 672
17 62 5 3 523 672
9 80 5 2 306 482
86 95 18 5 204 349
64 74 12 5 230 351
72 69 27 7 258 499
65 92 21 7 266 513
92 44 25 6 493 774
1 2 10 3 219 514
18 76 27 4 554 619
56 89 23 2 563 691
35 60 8 5 317 578
3 77 11 3 480 619
68 29 6 7 447 559
30 97 13 4 334 455
81 32 22 2 348 546
88 22 18 1 595 681
61 61 26 6 538 685
83 89 6 2 245 536
47 64 8 5 287 429
20 29 25 4 393 468
44 78 20 1 423 703
2 18 30 5 280 492
42 36 24 7 498 668
25 36 16 6 507 594
4 10 8 7 504 780
21 51 17 4 329 399
99 76 29 7 220 437
30 82 18 4 253 488
42 35 24 4 320 392
68 90 17 2 670 744
20 11 7 6 323 398
77 80 29 7 514 751
14 22 13 5 504 766
42 26 6 6 648 717
6 48 28 2 217 309
12 13 22 6 302 574
46 35 29 5 486 627
45 52 14 2 468 711
72 76 22 4 576 796
24 29 8 3 632 702
30 90 18 7 555 674
48 77 27 5 201 443
14 68 12 1 234 505
96 98 20 1 357 567
15 32 22 3 518 595
12 50 19 5 493 687
21 37 10 4 268 472
29 98 30 3 306 458
77 50 27 6 354 496
83 80 18 7 598 723
31 95 14 7 324 479
7 67 8 6 414 523
80 78 15 2 273 423
12 78 10 2 414 600
9 100 30 6 634 743
7 20 24 7 244 501
78 14 5 4 228 449
8 86 8 4 465 754
47 49 8 1 324 479
67 67 30 5 474 714
65 8 14 2 492 780
86 91 23 5 553 714
26 98 11 4 538 622
47 61 28 4 403 680
8 23 29 1 224 472
69 27 20 4 454 522
20 33 25 6 475 709
85 54 9 3 467 527
34 6 21 7 238 341
84 28 12 2 671 768
100 12 20 1 541 640
20 52 20 5 345 451
90 0 30 3 469 559
70 80 10 1 473 594
24 1 29 1 297 430
6 30 23 6 300 535
44 96 5 5 606 666
58 55 14 4 348 446
67 35 11 4 389 532
87 11 13 6 668 759
18 54 5 1 286 479
0 52 20 3 441 722
