1843
88 6 0 0 0 0
21 37 19 7 700 789
94 57 11 6 455 557
24 88 13 1 326 457
12 3 10 5 639 726
67 80 26 6 304 446
58 92 7 3 247 484
62 43 12 6 331 580
2 34 7 1 287 498
29 31 30 7 304 445
99 82 27 4 243 391
7 62 11 2 394 618
53 71 5 5 451 575
81 18 28 2 318 603
64 25 24 3 685 751
14 39 26 5 336 568
85 90 11 3 224 392
38 6 18 3 355 473
24 97 8 1 550 627
1 78 8 7 374 612
55 60 12 7 522 619
3 22 18 7 320 462
39 18 25 4 287 419
28 8 17 2 343 470
91 11 7 3 491 557
98 47 22 6 304 472
40 99 27 6 457 667
64 88 8 7 545 799
100 13 21 4 310 583
100 70 13 5 523 729
64 59 5 5 200 354
91 72 9 3 339 525
64 53 9 5 277 365
44 68 29 1 550 793
95 74 10 5 540 729
18 76 5 3 619 784
16 100 17 1 609 730
51 42 17 4 626 783
94 79 22 6 234 509
80 30 23 4 249 457
67 10 7 4 597 719
37 24 20 6 383 537
11 57 13 4 505 782
16 65 18 1 225 314
94 32 15 1 454 692
92 69 15 2 245 533
80 63 29 6 483 642
58 17 20 1 683 776
93 100 6 4 362 507
10 61 7 1 520 800
38 74 30 3 528 661
52 65 27 3 608 688
4 61 10 3 299 423
27 78 21 1 523 656
83 61 12 3 296 454
23 40 11 7 590 745
93 25 22 3 286 506
36 99 15 5 501 666
52 71 28 7 201 428
78 37 22 2 336 457
6 43 28 3 378 601
35 30 27 5 351 583
65 44 8 6 516 666
3 67 30 6 447 625
44 9 11 3 551 690
66 47 29 1 213 453
31 20 9 3 420 676
97 74 30 3 507 725
63 34 28 6 494 690
75 27 12 1 468 714
67 82 7 4 474 738
71 6 27 5 282 495
84 46 24 3 581 722
84 75 21 6 671 777
52 21 6 5 403 502
57 90 11 1 440 554
33 88 7 3 226 409
47 96 28 6 466 691
37 96 22 5 210 362
16 15 15 5 493 586
100 4 12 7 613 696
1 25 5 5 283 545
40 26 21 5 499 654
11 6 7 3 490 596
77 57 16 7 248 439
100 1 26 7 260 477
61 63 16 4 510 721
44 87 23 3 622 785
8 41 5 3 522 697
80 1 7 1 552 725
14 59 5 4 261 412
74 72 17 1 561 749
55 42 15 7 374 634
90 15 27 5 517 736
60 39 15 2 641 791
33 79 6 2 528 645
91 52 25 3 464 663
28 97 24 4 558 763
95 20 19 4 230 365
48 9 24 2 411 711
35 28 5 5 296 358
15 58 25 6 495 555
55 24 13 5 380 605
73 59 13 6 266 374
90 13 11 6 315 483
13 69 14 6 247 446
48 6 15 7 267 464
21 85 24 2 489 738
22 85 6 7 275 482
79 19 16 3 501 669
1 23 30 3 502 701
48 67 16 7 246 410
95 90 13 2 316 397
83 7 9 2 514 588
10 6 14 6 207 399
66 27 15 2 227 324
29 98 6 5 445 613
10 83 20 6 391 543
53 52 22 1 454 645
60 92 30 5 574 660
71 18 13 3 356 497
55 82 20 6 397 622
9 74 23 6 389 577
78 75 9 7 449 745
83 22 24 4 615 744
11 91 9 5 646 751
94 68 21 2 387 508
67 52 27 2 367 628
73 72 6 7 515 783
76 74 8 5 630 710
41 47 10 2 393 653
64 35 24 2 343 445
49 87 26 7 371 461
8 83 19 2 271 511
89 27 25 2 488 729
6 80 21 3 586 709
30 49 25 2 647 744
87 94 12 2 378 523
30 56 6 3 610 799
65 19 15 2 530 796
69 33 8 1 248 415
5 30 30 2 556 672
30 28 21 7 276 449
12 10 30 5 292 508
36 42 13 2 554 702
95 47 23 4 483 639
48 14 19 1 236 384
64 23 30 5 495 754
49 28 16 7 405 646
74 50 23 4 401 580
36 51 24 7 422 571
53 45 13 6 617 759
92 90 21 2 431 569
0 14 25 3 245 407
53 73 6 4 621 752
31 56 18 3 342 416
66 8 26 1 394 605
92 2 6 4 460 616
52 56 22 3 368 661
77 93 29 2 277 480
91 16 12 5 221 439
84 73 28 4 227 370
7 32 7 7 234 337
0 80 19 3 442 722
96 14 29 3 282 485
100 85 6 7 270 376
58 20 9 7 524 664
8 100 13 3 399 670
94 20 25 2 301 525
38 51 29 2 468 704
53 10 24 7 490 729
67 28 19 1 315 598
3 56 16 7 289 431
89 28 16 1 513 697
1 34 30 4 239 317
21 3 19 6 293 487
80 2 25 3 225 356
14 62 17 2 711 772
17 41 25 7 606 756
61 27 21 6 320 398
17 96 24 4 340 459
77 30 19 3 720 798
41 8 25 6 429 652
79 73 18 1 265 419
92 13 10 3 471 669
46 26 29 3 235 521
19 72 23 1 231 342
86 49 12 1 297 560
11 45 14 5 501 727
85 100 5 3 258 399
61 3 22 7 580 725
19 46 27 5 354 499
67 77 22 6 414 678
89 59 22 5 518 684
43 1 27 5 286 439
38 13 29 5 516 769
57 95 19 1 251 448
36 60 26 5 449 724
63 4 9 3 231 313
9 95 20 7 507 793
11 93 17 7 590 799
0 17 8 1 597 711
54 50 9 6 413 702
85 97 20 1 518 793
18 97 7 7 569 647
83 59 10 4 366 512
67 58 5 1 576 747
34 68 7 3 595 690
71 14 12 7 281 552
31 28 30 4 313 581
34 31 13 1 663 778
28 33 22 6 388 448
81 36 5 4 421 693
96 41 12 4 232 381
64 90 14 7 598 754
6 79 18 4 327 549
75 66 26 1 387 608
3 90 20 7 450 559
61 86 14 6 313 613
64 67 18 2 210 405
10 52 7 4 427 663
5 72 11 7 481 740
31 86 27 3 704 764
51 92 6 5 614 729
84 20 26 7 572 761
79 52 21 1 265 400
34 18 6 4 200 476
35 49 14 4 316 483
91 99 13 3 255 455
70 96 12 6 345 609
62 7 25 1 369 662
66 41 5 1 380 456
86 7 16 3 549 703
16 63 14 3 244 488
87 1 15 2 472 569
31 42 19 4 340 562
59 2 22 4 343 470
66 18 23 2 338 545
7 47 22 7 218 295
11 55 9 1 406 564
17 30 10 3 269 384
34 10 22 5 227 311
62 15 7 3 562 771
16 24 30 7 226 420
59 61 27 4 533 675
36 97 5 4 248 548
76 85 11 6 632 779
18 9 25 4 389 455
67 99 9 7 556 693
31 52 17 6 363 481
48 29 12 3 475 674
10 49 16 2 582 695
11 8 15 5 467 702
33 76 12 1 209 284
65 23 17 7 587 684
64 70 15 2 588 745
66 74 25 2 595 793
84 41 13 4 219 397
34 33 23 3 229 341
66 98 16 1 376 621
49 43 8 6 543 624
45 40 23 7 216 413
81 40 14 4 680 740
87 53 19 2 234 473
9 65 25 7 512 699
39 16 17 2 257 325
75 48 12 1 388 667
25 47 15 3 591 764
57 33 16 3 577 668
35 63 10 3 279 554
83 11 9 5 505 698
77 22 5 5 433 573
83 76 16 7 591 796
18 50 6 6 640 727
18 47 22 7 454 751
66 6 28 2 451 516
53 32 24 7 481 626
62 42 10 3 267 349
25 10 16 1 260 346
78 55 23 4 216 387
74 10 11 3 216 362
98 59 27 5 430 514
47 4 14 7 464 574
0 100 12 6 401 638
11 40 24 4 602 790
62 71 15 1 421 687
96 0 9 1 590 797
38 27 24 4 472 623
28 76 26 4 535 688
10 72 12 7 672 774
71 27 25 5 403 519
94 88 11 2 302 545
8 52 25 1 292 455
9 19 5 4 441 509
74 26 22 7 522 686
85 3 19 4 538 608
15 67 28 3 335 562
3 7 19 7 446 570
32 40 8 5 265 525
66 97 7 6 411 644
60 64 30 1 541 751
65 42 18 4 393 677
34 42 22 3 386 473
13 58 19 1 534 726
58 6 27 4 296 360
18 94 5 3 572 743
80 50 5 5 594 798
66 79 10 7 503 696
89 33 7 2 327 612
30 62 25 2 470 742
38 53 9 2 361 425
70 22 24 3 436 670
23 48 17 3 481 754
99 45 7 4 565 641
89 85 21 4 300 553
86 100 8 1 483 614
27 60 29 7 220 498
4 62 23 2 215 342
8 90 26 1 650 743
64 15 21 7 472 560
23 88 30 6 462 612
88 16 29 6 288 358
15 50 17 6 705 781
20 80 12 2 437 579
61 80 26 3 505 735
89 63 22 7 472 758
92 83 27 5 432 696
41 5 12 4 501 664
0 90 10 5 222 341
93 24 27 3 412 510
12 8 21 4 314 415
76 53 24 6 278 542
96 17 17 5 478 653
61 69 12 4 663 732
85 27 25 6 616 705
89 6 26 6 459 701
29 28 13 3 208 377
78 57 18 6 390 651
15 47 30 6 398 565
47 38 6 6 579 667
54 8 10 1 539 754
90 70 17 5 389 543
78 78 25 5 227 295
91 97 16 4 346 496
36 27 11 2 322 571
82 81 16 4 415 483
43 5 10 4 443 711
93 37 12 6 213 380
21 33 6 6 444 533
43 54 30 6 311 376
70 33 10 6 406 659
49 59 30 3 306 571
29 7 26 5 539 775
16 17 29 5 589 670
34 28 5 5 436 612
14 58 27 6 537 616
50 15 26 1 443 664
27 73 18 5 325 551
3 41 12 6 336 447
91 85 22 3 347 488
23 13 13 1 374 588
25 19 29 3 621 720
22 32 16 4 224 446
65 78 21 4 483 739
34 91 20 3 439 527
64 82 28 5 423 610
5 76 24 2 262 525
15 14 10 7 641 733
71 20 16 1 242 356
78 92 26 7 428 723
68 31 27 3 289 522
34 29 11 5 260 467
42 63 6 5 344 455
2 4 24 3 383 448
19 75 6 5 410 628
49 34 7 1 389 559
59 59 8 2 606 737
1 31 25 1 570 741
93 89 29 3 405 618
65 66 7 4 363 454
18 52 23 2 253 352
30 14 17 5 521 761
65 38 8 1 279 579
20 7 22 5 500 793
88 76 20 1 307 603
23 50 21 3 296 382
83 44 5 5 311 413
36 84 25 2 245 460
45 4 7 3 378 499
77 17 10 6 676 789
100 86 21 6 269 442
83 10 11 5 487 547
7 37 29 1 575 716
59 13 18 6 555 794
23 15 9 2 672 756
56 69 8 2 375 600
18 12 8 7 363 577
73 29 22 5 403 582
0 45 26 3 297 440
80 21 20 4 219 303
9 5 18 2 209 298
27 81 25 6 336 439
28 59 19 3 305 398
47 84 21 3 225 409
0 70 18 6 287 461
86 66 24 4 270 350
22 17 10 4 218 418
87 97 18 2 408 615
43 45 21 1 248 310
58 95 19 4 499 635
46 71 8 5 330 608
32 57 10 5 364 474
33 5 19 7 699 760
5 63 27 6 456 619
95 53 17 1 475 662
5 100 26 5 353 472
64 47 18 6 512 758
39 75 13 1 424 576
98 41 30 6 512 577
81 41 14 6 289 454
93 91 29 6 305 433
51 79 10 5 503 578
57 71 13 4 648 741
23 86 22 3 557 800
60 13 20 2 589 707
12 95 8 3 314 489
24 54 29 7 323 551
40 1 21 4 246 309
72 97 30 7 660 760
75 100 12 2 443 541
82 78 28 4 609 754
79 2 22 4 543 628
56 45 20 5 350 593
55 29 7 5 594 655
29 54 18 5 463 560
72 47 29 6 253 430
42 48 8 2 393 554
21 17 28 7 597 681
88 58 10 1 326 459
36 21 25 1 561 657
62 75 29 7 665 785
63 8 8 4 341 627
70 63 8 7 382 503
98 3 6 7 210 496
27 68 8 1 317 499
20 56 6 3 364 585
72 93 6 7 362 569
19 55 30 2 272 423
57 44 9 5 229 523
68 15 21 7 225 471
83 43 22 6 245 512
77 5 23 6 695 793
6 71 16 3 501 583
7 18 7 4 599 779
6 22 16 3 499 722
23 43 22 5 377 623
80 89 26 7 455 683
11 71 26 1 349 482
83 32 5 7 249 394
1 81 23 3 573 721
11 77 20 5 571 699
52 46 14 2 355 559
92 93 14 3 578 714
74 3 11 3 676 799
88 5 24 7 346 553
57 59 16 1 349 630
64 83 17 3 482 613
80 97 22 6 506 745
22 19 16 5 346 451
57 25 6 4 322 440
65 41 13 3 652 763
28 85 9 2 664 773
65 62 16 1 312 375
14 78 30 5 558 789
42 28 24 2 243 458
55 15 27 7 632 763
83 97 17 2 425 498
37 54 9 4 288 352
71 42 23 6 523 692
43 22 22 2 329 429
27 7 19 7 206 293
4 70 13 6 330 522
9 57 27 5 438 728
58 21 10 7 310 476
11 97 24 2 607 731
2 20 13 1 294 363
18 63 28 4 453 624
44 55 22 6 523 772
68 74 15 2 425 678
80 18 6 1 244 400
91 73 8 5 271 541
32 63 16 7 552 758
51 19 26 5 218 379
2 87 6 1 510 573
11 51 23 2 546 778
66 81 26 6 648 712
66 16 8 4 377 632
7 53 21 5 464 725
90 10 17 4 410 693
0 64 10 4 486 557
84 15 11 2 563 798
2 82 8 3 458 737
76 99 19 3 537 702
27 14 21 5 231 380
55 95 22 1 559 767
58 25 29 5 269 513
60 54 12 2 652 775
98 18 28 4 553 671
5 4 17 5 715 795
59 53 21 6 434 631
3 2 6 3 660 769
2 100 16 2 517 669
94 70 19 6 375 665
22 54 28 4 348 524
89 91 14 1 322 533
83 84 8 2 479 622
23 26 9 6 406 658
94 4 22 5 230 425
63 37 23 6 338 556
52 13 25 3 447 677
2 18 29 7 486 766
90 58 20 5 309 492
11 81 18 2 203 436
5 88 7 2 568 676
48 91 22 7 623 781
68 30 22 7 477 593
62 31 6 1 592 770
35 8 9 4 208 352
15 24 18 7 206 298
2 70 11 2 301 470
12 81 28 2 583 673
60 21 8 6 202 406
21 72 25 3 606 739
75 11 18 4 514 575
50 43 7 2 562 793
14 73 28 3 301 524
38 33 13 2 267 376
39 22 19 2 242 310
40 27 7 7 285 478
56 79 27 1 531 668
67 7 16 6 514 648
33 71 8 2 534 790
93 22 21 1 493 653
33 86 16 7 556 702
17 3 13 6 455 681
61 94 15 3 343 427
33 37 7 1 296 477
67 78 18 2 493 645
52 25 13 4 407 588
2 6 13 7 692 793
83 57 25 3 568 643
39 39 13 4 403 662
47 67 27 3 354 539
49 16 14 3 634 747
8 6 30 4 318 439
84 36 10 4 251 511
32 53 30 6 505 666
46 50 17 6 230 460
22 69 14 7 200 413
18 91 25 5 420 688
91 70 14 5 515 724
30 58 21 3 346 489
93 21 12 6 361 568
90 43 15 1 328 601
44 82 20 2 299 575
12 75 6 1 559 740
76 50 6 2 707 767
64 11 9 5 285 363
13 4 22 6 363 573
40 52 20 5 549 704
33 81 15 6 229 333
66 15 30 3 672 760
38 45 7 2 580 732
44 74 29 3 626 759
93 16 24 1 396 522
85 39 30 2 282 521
69 93 8 6 356 651
61 40 17 3 212 370
24 35 30 4 483 616
7 13 28 7 543 657
54 96 30 7 236 328
16 36 15 2 218 344
26 43 16 7 346 452
93 43 27 4 419 493
83 8 12 3 489 654
74 67 10 4 321 541
95 4 16 2 604 769
11 3 28 3 537 635
24 82 26 7 342 637
71 51 16 3 239 444
39 73 16 1 352 543
82 5 27 6 284 491
17 9 28 6 440 576
10 73 28 1 590 712
63 87 21 3 660 771
71 93 9 3 533 671
25 50 22 4 528 659
79 28 26 5 549 623
81 74 23 3 330 531
28 35 14 7 643 743
27 50 28 6 323 383
16 34 6 4 435 586
21 63 28 3 221 476
50 80 17 1 285 554
51 81 13 2 519 609
100 52 16 3 445 567
77 94 18 7 362 489
67 92 9 3 317 426
66 72 24 4 728 788
13 100 21 7 500 762
64 17 25 3 317 507
98 55 27 6 254 489
35 45 5 5 658 740
62 26 5 1 457 537
53 20 27 5 259 377
71 84 16 6 602 693
65 97 23 5 236 317
98 27 28 3 324 497
89 0 26 6 347 526
84 63 20 1 233 459
81 77 12 4 621 723
73 37 30 6 557 628
27 2 5 5 238 302
81 4 12 6 557 708
88 12 7 3 610 780
98 74 6 6 506 621
89 61 19 2 278 538
49 80 29 6 288 577
45 100 14 4 385 447
70 67 23 6 342 455
56 88 19 5 327 514
88 96 7 5 571 699
21 95 11 4 666 755
2 36 23 3 332 477
49 67 9 7 514 679
64 69 26 5 327 529
67 64 6 1 423 666
31 44 14 2 582 726
40 57 28 7 646 738
39 59 12 1 385 571
0 74 12 4 236 367
2 9 11 3 497 773
99 85 16 3 520 709
37 30 6 7 602 770
45 26 14 7 594 676
7 63 28 4 232 505
74 48 20 5 202 420
97 4 12 4 586 681
79 65 7 5 482 605
11 25 5 7 555 767
58 75 27 7 439 686
85 49 16 7 407 634
31 2 22 7 651 739
40 93 21 1 409 637
60 68 27 2 259 477
34 67 6 4 533 725
12 47 24 6 426 516
65 37 20 7 330 591
35 0 9 3 420 591
94 56 23 1 460 603
58 15 11 4 288 565
15 59 14 4 296 508
96 46 25 1 455 518
94 16 5 1 712 777
54 48 9 1 416 495
100 69 22 2 324 433
10 67 12 1 322 620
10 80 22 6 434 515
44 77 16 1 323 519
51 66 27 1 249 540
10 86 14 4 383 582
73 35 17 1 482 691
26 37 28 1 300 466
51 33 23 7 521 680
41 31 18 6 447 633
53 7 29 4 374 549
95 27 28 2 652 778
29 93 18 2 702 767
76 79 16 2 430 655
62 56 18 2 241 404
45 30 16 2 249 516
45 11 5 6 526 785
44 10 7 6 522 626
31 23 30 2 676 794
94 85 9 2 634 711
64 6 9 3 542 614
79 37 28 3 341 449
11 7 18 7 536 754
57 48 20 4 649 796
38 39 9 6 709 793
27 0 10 6 380 579
82 59 21 5 575 672
9 16 13 7 343 424
72 86 14 6 508 685
91 89 20 4 541 673
98 48 9 3 263 458
84 51 14 4 324 447
27 43 17 7 237 311
35 98 9 1 396 643
27 91 29 1 567 649
58 27 11 3 527 667
5 24 29 5 245 419
62 5 17 1 200 347
66 37 5 5 258 359
90 72 23 7 330 410
57 74 17 2 323 587
39 25 14 2 412 520
38 59 10 3 221 472
90 79 23 5 687 790
28 46 17 3 398 666
58 87 30 3 427 573
15 90 10 5 422 562
84 87 11 6 285 553
26 98 22 5 427 624
37 72 8 5 528 658
42 20 6 7 465 643
46 79 5 5 480 624
67 0 13 5 382 446
22 37 28 1 506 785
79 78 5 3 565 696
84 5 7 6 380 584
75 53 27 1 598 790
5 46 18 6 359 498
38 28 5 5 601 747
97 20 11 2 554 626
46 2 20 3 214 375
48 12 21 1 435 536
96 81 5 4 659 782
78 80 23 6 429 560
83 13 20 3 415 580
72 57 29 4 570 703
7 42 24 1 438 517
4 66 24 2 309 562
70 78 7 1 655 795
33 33 21 4 498 745
23 3 20 7 550 621
65 92 12 7 549 676
45 79 5 2 312 562
46 52 14 5 435 649
28 21 24 5 384 447
91 71 18 3 387 447
0 91 19 3 530 800
57 49 15 4 452 608
91 80 7 1 462 554
68 79 21 7 318 560
89 20 20 7 334 433
11 64 8 5 618 704
13 49 21 4 609 733
51 84 7 4 504 571
18 96 13 6 569 646
31 16 25 2 589 741
25 26 19 3 403 520
42 92 26 6 238 490
48 34 7 2 350 459
96 20 22 1 442 623
16 64 17 4 406 646
68 32 17 4 699 779
80 85 10 1 264 502
85 16 27 5 482 564
64 89 11 3 464 749
4 41 15 2 287 541
64 19 6 3 365 630
47 63 20 3 211 447
80 8 24 6 565 677
93 65 14 4 438 572
54 7 8 2 422 642
85 0 29 5 418 679
68 99 30 3 481 726
50 8 26 4 393 613
69 19 18 5 358 440
56 2 30 7 342 543
26 6 28 6 508 592
95 62 26 1 380 470
16 75 26 4 427 669
48 93 18 4 335 443
90 23 12 6 459 523
89 9 16 1 242 311
8 35 19 4 341 577
95 17 15 1 439 735
29 4 9 7 419 614
100 89 7 5 320 494
96 40 21 1 406 480
66 32 14 3 470 615
63 81 5 4 260 516
18 84 14 7 417 672
4 60 14 7 483 620
21 81 18 7 226 512
34 83 29 1 418 535
57 38 30 5 435 526
15 64 28 5 250 374
56 72 25 6 442 709
4 80 8 3 558 635
69 64 14 6 547 704
57 3 19 7 557 676
54 64 16 3 399 652
75 50 23 7 350 581
82 35 5 5 430 598
22 9 12 2 319 429
10 90 26 7 462 698
88 78 15 3 421 613
34 49 9 7 221 479
77 6 10 6 464 731
89 58 15 5 301 597
98 28 10 7 411 624
99 88 18 7 221 433
43 33 19 2 357 463
20 9 6 5 281 501
4 56 19 5 500 774
28 98 23 3 400 584
77 32 26 3 369 444
80 25 8 3 325 554
6 76 9 7 317 606
92 65 18 4 476 599
84 38 21 1 460 724
50 30 16 3 397 596
22 98 20 7 302 421
50 68 20 7 409 533
43 49 30 5 553 696
70 30 25 2 465 686
62 33 26 3 209 431
100 54 10 6 249 425
33 42 9 6 420 508
68 62 6 4 399 694
31 75 10 3 288 478
68 76 28 4 387 608
97 82 28 4 610 742
49 30 30 2 247 316
42 78 19 1 394 594
35 43 7 4 326 525
69 48 30 5 265 540
6 45 21 1 713 798
64 10 25 3 227 385
86 17 12 7 700 760
27 11 7 3 509 768
15 54 8 2 411 509
64 31 9 3 408 615
79 44 30 6 515 676
83 28 20 5 368 630
59 76 8 7 607 762
41 51 15 5 579 676
47 36 23 3 536 787
80 29 6 1 525 720
69 30 19 6 390 470
61 22 19 4 333 494
78 50 30 6 593 735
15 22 7 3 234 325
17 38 30 5 462 653
71 74 21 5 584 721
85 53 9 5 503 679
91 4 13 7 612 697
88 62 10 2 514 606
22 81 30 6 357 545
89 94 13 2 503 608
2 49 6 1 554 739
73 30 28 2 543 620
12 13 22 1 386 586
78 45 14 3 285 454
56 40 20 3 321 417
34 59 7 2 336 509
39 48 11 7 626 793
74 19 20 4 383 610
75 97 11 7 424 628
16 85 27 5 434 664
98 86 27 3 263 405
83 17 17 6 257 499
24 79 10 7 437 655
59 3 29 5 483 705
26 21 22 3 469 681
93 42 28 5 490 673
86 82 22 7 526 629
44 91 24 2 238 507
80 49 11 3 292 482
54 70 5 4 239 426
85 41 5 2 227 354
64 0 27 5 342 478
96 28 7 6 429 616
40 31 28 4 285 374
4 93 27 3 483 755
66 52 20 3 446 513
51 96 9 4 201 301
40 13 20 5 468 642
100 95 20 7 498 637
24 9 20 4 494 753
23 78 19 7 391 652
42 37 25 6 497 718
79 98 11 1 389 547
40 14 25 1 343 481
90 97 29 3 536 622
25 44 26 1 504 712
55 65 29 5 587 753
95 73 25 5 216 443
15 29 15 1 377 445
28 17 10 2 535 665
72 94 8 3 320 599
35 79 24 5 524 704
96 82 17 7 559 661
80 79 14 1 290 497
6 2 8 6 451 644
59 17 16 6 435 650
86 73 26 7 474 562
81 17 5 6 430 552
26 11 21 4 458 602
8 81 28 1 458 721
29 83 17 5 626 788
10 54 8 1 316 379
86 81 16 7 303 431
63 59 21 2 512 583
95 91 18 1 448 700
34 47 15 5 348 630
75 26 9 6 336 456
52 62 24 4 321 453
64 44 12 4 538 639
61 29 12 5 281 517
22 94 29 5 357 490
67 100 10 3 566 763
70 47 10 1 400 690
58 22 17 5 279 470
11 54 24 7 337 533
2 48 7 6 543 722
65 99 30 4 669 769
47 55 9 6 219 421
35 18 19 4 331 505
67 96 17 1 452 545
29 5 11 6 278 576
54 34 20 5 634 695
69 91 11 7 519 780
78 5 22 7 247 386
51 2 30 4 363 559
82 11 18 1 351 428
83 42 6 4 242 484
3 30 12 5 417 541
52 76 8 7 390 686
97 84 7 1 261 443
3 18 27 5 408 604
79 93 21 1 200 339
63 45 23 7 340 630
16 30 21 7 225 414
95 97 23 7 304 602
91 53 30 4 326 417
95 55 25 5 218 337
50 94 11 3 212 367
16 59 15 7 394 552
42 36 23 4 566 679
57 7 19 1 483 782
76 59 6 7 272 385
61 30 9 6 612 800
54 86 26 1 574 780
66 91 16 6 714 775
45 74 24 3 230 394
56 9 14 3 526 787
85 61 29 7 553 751
71 32 28 4 654 761
11 58 15 3 282 486
29 39 18 6 630 696
97 31 21 7 285 399
13 9 11 5 237 394
95 34 18 7 360 459
1 55 11 3 212 452
14 5 27 3 287 407
6 29 7 6 331 422
54 21 17 2 469 612
34 44 17 3 540 654
21 21 27 1 490 620
54 37 25 2 689 754
70 81 14 4 360 505
22 23 28 5 308 556
33 59 12 2 425 564
54 59 27 3 367 589
33 90 20 2 589 666
100 50 30 3 322 529
71 30 28 6 535 602
33 66 9 6 453 669
28 31 25 7 361 475
0 40 5 3 332 502
30 63 12 6 536 673
35 82 24 6 354 487
45 60 11 4 306 408
28 83 13 2 370 587
35 52 6 1 294 431
74 60 12 5 609 797
50 13 14 6 568 697
9 49 28 2 263 524
25 76 19 5 273 557
24 59 16 2 262 529
71 8 12 1 585 757
41 88 12 5 517 615
67 67 12 4 287 535
26 95 24 2 283 347
17 71 26 5 351 467
39 2 5 2 299 386
54 15 28 1 263 509
31 76 19 2 346 632
26 41 19 2 584 671
1 41 9 2 354 573
18 72 11 7 350 505
69 57 5 2 390 627
49 69 13 1 506 630
92 38 28 7 522 596
30 20 13 6 456 673
69 92 12 6 422 561
35 69 19 2 615 774
93 4 9 4 457 652
12 42 29 6 261 454
55 13 6 3 375 666
24 28 25 3 470 639
62 83 9 3 508 762
31 17 21 2 624 730
36 22 13 1 501 789
36 36 10 5 611 700
55 35 24 5 516 714
86 40 6 2 325 494
89 40 5 1 411 507
91 100 30 3 326 581
97 80 13 6 474 754
58 46 27 5 276 407
82 37 15 2 237 425
33 18 11 7 484 600
87 62 29 1 519 612
93 76 17 7 631 770
17 16 10 3 287 378
32 41 26 3 294 376
58 52 13 1 628 733
41 37 24 4 628 764
27 84 9 3 508 609
94 74 14 1 485 629
30 81 10 1 493 760
4 83 30 1 352 604
63 92 30 7 514 644
43 25 23 5 481 627
30 54 17 7 547 695
14 55 27 6 318 462
25 56 24 4 524 628
31 24 5 4 425 501
80 7 26 5 223 380
57 89 24 4 324 538
37 45 9 2 550 713
33 14 8 2 489 618
3 23 14 1 373 493
86 12 20 7 447 580
53 69 19 1 254 432
61 58 26 7 457 544
61 18 18 7 467 616
18 38 7 7 567 753
7 3 23 5 545 699
71 59 18 7 219 282
59 20 14 2 568 792
60 6 17 4 311 570
30 82 21 3 263 413
26 97 8 7 651 717
78 29 15 5 365 568
40 35 5 2 476 653
99 71 30 2 378 670
22 33 30 7 562 666
19 66 9 1 348 577
100 17 25 3 678 768
3 10 28 5 649 709
3 57 25 4 435 714
72 68 30 7 650 748
88 80 30 7 262 537
23 62 16 7 468 663
46 97 17 3 240 437
12 84 18 5 486 703
38 90 5 4 245 540
84 62 28 4 677 751
58 26 26 5 698 794
33 44 30 6 660 732
58 62 28 1 381 454
71 45 21 4 658 752
45 94 10 6 340 563
47 73 10 7 358 596
33 52 14 1 380 541
26 17 29 1 487 671
35 25 6 7 487 574
60 76 23 4 414 570
11 34 28 5 504 714
14 75 29 7 494 607
27 17 26 1 304 462
48 80 25 1 488 769
10 79 12 2 429 680
76 90 23 2 398 484
29 59 9 2 373 641
39 40 27 7 269 492
30 85 12 4 278 402
26 8 14 5 296 388
66 86 30 7 454 692
68 61 13 5 320 388
60 41 30 3 470 585
87 13 18 4 200 280
90 55 22 7 302 418
36 62 26 5 278 457
71 69 30 4 634 721
84 83 13 5 485 720
47 88 21 4 278 511
67 53 13 3 231 401
18 79 20 3 307 408
61 71 15 7 275 367
34 24 17 6 241 381
21 88 28 5 340 408
66 7 22 4 541 696
56 23 20 3 355 495
84 25 19 7 455 630
0 28 22 6 536 622
87 83 23 3 503 630
34 26 8 5 674 796
81 68 29 7 382 667
25 66 13 7 385 646
94 53 24 4 490 614
5 27 27 1 438 503
19 48 24 3 503 583
88 54 23 6 218 279
64 97 27 6 319 460
100 73 13 5 456 703
51 17 14 6 282 389
39 99 14 1 593 732
99 72 22 7 390 543
3 93 17 6 430 614
38 25 15 5 311 505
21 18 11 7 464 725
89 43 10 1 243 350
3 81 23 7 397 542
68 16 6 4 572 642
80 19 22 5 430 715
31 59 13 6 703 769
49 62 27 5 321 409
31 80 14 6 702 783
47 14 11 2 497 710
19 45 27 5 342 452
65 14 19 5 607 752
45 0 26 3 561 707
78 96 12 4 524 749
25 18 6 1 217 342
86 14 29 4 300 389
42 100 20 1 539 647
44 72 8 2 650 761
85 80 13 6 367 445
52 99 21 5 414 579
24 27 18 3 397 528
62 35 18 2 420 508
7 54 25 7 653 796
80 39 11 3 443 516
40 92 23 2 304 438
43 37 6 5 518 646
36 72 28 6 338 597
35 36 5 6 348 584
44 54 23 2 226 506
15 56 28 3 381 581
49 23 25 2 297 547
34 92 8 2 203 433
81 80 11 5 480 668
44 35 17 5 344 448
24 45 23 2 485 572
20 89 7 6 281 352
59 82 28 3 633 739
20 21 15 7 359 591
72 27 8 3 327 411
15 4 22 1 628 788
29 24 25 7 205 419
45 68 8 6 465 578
54 9 12 6 492 737
71 89 29 4 218 444
95 46 6 5 220 417
49 60 15 2 382 488
71 26 20 5 636 752
16 28 23 5 630 743
48 94 17 2 696 783
87 77 6 2 424 576
12 5 16 5 470 684
75 70 13 3 342 577
94 19 13 6 650 727
81 99 23 1 514 686
91 46 9 7 226 393
80 54 27 6 342 596
96 56 12 1 523 623
64 87 9 6 530 792
87 70 27 4 307 452
95 35 30 7 593 672
17 62 13 2 525 700
62 84 21 4 262 526
38 97 18 3 327 589
76 14 30 1 444 696
5 77 8 7 454 751
61 17 11 2 287 422
64 57 11 7 516 580
92 81 29 6 249 414
95 23 16 2 471 544
10 38 23 6 564 706
48 41 15 7 603 695
4 29 5 1 366 599
81 90 26 6 712 775
21 77 8 3 421 699
76 7 7 2 245 454
51 61 10 7 363 434
6 67 6 4 238 334
31 64 15 6 363 475
51 51 8 6 512 654
0 99 6 1 537 741
87 88 19 6 239 419
77 99 15 5 494 604
43 69 19 7 534 598
34 19 22 3 418 577
14 64 15 2 305 489
5 67 24 5 465 681
4 26 17 2 332 546
13 86 14 7 680 789
99 60 11 5 676 782
19 40 9 5 546 674
76 66 26 4 623 769
53 11 11 4 315 434
6 41 9 4 203 325
8 69 5 1 281 379
98 58 7 5 376 561
11 26 13 6 536 648
71 33 17 6 381 511
52 86 16 2 470 604
84 53 12 7 639 731
21 41 5 7 546 761
86 22 21 4 344 565
38 16 21 3 511 656
35 55 23 2 466 689
91 6 21 5 620 773
92 97 15 3 288 419
97 38 24 3 521 630
3 62 21 3 400 504
78 98 6 1 409 652
51 18 20 6 358 492
8 3 22 3 225 433
54 32 5 3 284 397
59 24 13 2 472 627
8 43 20 7 551 619
26 62 29 2 250 482
6 73 9 6 430 546
54 47 29 2 442 675
42 95 22 2 449 651
52 7 28 7 489 557
18 37 19 3 201 472
97 10 22 1 465 526
1 10 30 3 542 791
64 29 20 7 215 278
21 67 15 4 390 614
50 52 21 2 345 551
1 69 27 1 708 798
11 49 26 7 406 534
61 36 27 3 464 638
61 96 30 3 701 792
50 18 12 3 517 766
89 32 8 3 580 772
41 20 8 5 565 768
10 26 12 5 408 552
42 54 24 3 319 497
4 98 25 7 313 448
40 86 27 3 610 733
87 20 7 6 409 646
19 78 17 3 288 426
30 93 27 6 630 705
63 98 22 7 507 651
66 57 28 4 215 287
100 45 7 3 580 643
78 89 9 1 367 443
31 68 23 6 211 365
28 1 26 3 595 663
94 80 13 3 367 533
80 59 29 6 573 762
37 98 16 7 571 639
86 59 7 1 323 422
60 66 19 3 586 741
36 59 24 5 538 600
75 35 6 1 393 493
17 90 20 4 412 673
25 53 27 2 509 768
82 86 7 6 550 625
60 70 14 2 377 452
27 58 15 7 236 386
89 37 13 7 515 646
21 30 9 1 306 517
72 29 19 1 516 715
29 34 13 4 594 710
13 96 29 6 402 671
81 67 5 7 210 326
35 78 20 2 602 747
46 87 17 1 421 655
59 40 28 1 529 701
29 90 6 5 253 382
80 43 11 6 480 756
27 85 16 7 322 610
8 61 6 2 490 673
42 5 27 4 418 602
60 14 15 4 356 631
78 93 6 1 346 433
26 80 12 5 341 421
23 30 6 3 619 690
27 18 27 3 687 754
10 96 6 4 208 449
61 99 11 4 546 628
5 35 5 5 448 595
90 28 8 5 308 601
95 40 8 7 492 582
32 14 6 6 219 309
19 44 18 6 633 693
39 93 18 6 229 336
49 45 12 5 206 325
23 75 24 1 350 558
57 45 11 5 472 727
38 78 25 1 378 552
49 57 12 4 475 535
82 38 10 3 459 706
57 73 25 4 541 639
94 36 20 5 441 674
91 63 28 2 522 590
72 9 5 1 465 530
72 6 9 5 356 496
88 75 16 2 594 727
79 80 12 5 517 619
20 29 10 5 637 796
76 47 14 6 276 362
51 78 22 4 308 411
10 75 6 6 649 751
4 76 12 4 245 352
64 4 27 2 425 563
46 36 18 7 475 640
11 73 25 5 204 443
2 15 16 6 410 698
36 91 16 3 363 475
72 78 26 1 458 563
19 90 18 7 648 721
67 25 17 6 328 517
51 47 20 7 592 771
80 16 10 1 243 487
25 82 14 5 299 489
87 27 14 3 608 766
32 84 30 1 430 656
60 62 25 6 303 398
52 58 20 4 352 494
29 86 25 6 301 565
37 71 14 4 331 531
85 32 29 3 337 483
95 18 17 4 652 737
34 96 24 3 394 522
63 76 19 2 718 788
20 71 7 1 488 586
52 41 11 1 238 340
26 94 17 3 216 363
28 75 9 1 372 527
26 93 27 1 281 343
71 66 13 3 576 788
48 68 18 7 276 392
34 85 24 4 538 682
38 40 21 3 555 755
1 97 18 5 641 719
4 94 8 5 518 704
87 66 15 3 344 558
70 52 6 5 378 498
93 18 11 5 631 725
52 12 10 2 452 582
83 34 24 7 360 577
22 39 16 3 363 644
75 78 17 2 395 649
18 13 28 6 522 692
78 19 12 4 373 653
24 53 21 2 288 407
55 40 24 4 472 681
19 36 18 3 424 503
95 65 19 5 337 569
30 88 25 5 403 514
24 51 8 1 334 472
51 34 30 1 653 744
52 45 10 3 418 590
78 25 15 5 386 591
33 73 17 6 443 637
8 68 21 2 400 479
76 81 18 7 266 334
86 90 24 7 524 768
69 42 28 6 596 687
67 22 15 3 203 502
70 89 11 7 320 561
10 9 11 2 259 404
70 58 14 5 676 785
2 29 14 6 589 772
45 91 9 4 539 684
62 12 30 7 268 456
93 26 25 7 388 648
95 78 8 2 249 449
9 96 17 3 494 670
91 96 9 7 409 515
39 100 17 5 398 614
66 51 9 2 655 786
29 23 13 7 364 521
62 66 10 2 211 320
66 70 9 4 305 372
3 82 8 6 506 792
18 49 30 2 536 771
10 68 29 5 548 646
30 50 21 1 468 696
59 81 20 7 498 596
35 24 20 1 208 416
74 82 5 1 200 306
54 63 12 3 704 786
70 71 7 2 284 514
44 78 12 3 325 547
81 88 17 4 425 648
60 69 14 3 557 699
56 42 7 7 411 488
88 65 24 5 295 435
19 74 30 2 227 437
73 47 29 6 501 794
1 53 7 5 459 565
100 35 30 4 619 717
40 74 27 5 588 648
42 2 25 2 270 382
51 15 19 1 494 606
60 50 19 3 553 771
80 33 10 6 368 574
46 0 8 7 470 636
78 32 9 1 505 693
31 88 13 1 385 477
82 63 24 2 305 588
10 89 13 2 299 386
22 56 18 2 685 786
88 86 17 4 405 527
33 87 6 3 652 740
51 69 13 2 501 698
60 45 30 1 394 491
11 1 17 5 385 563
69 78 28 2 353 423
2 16 8 4 376 564
58 13 10 5 293 548
95 5 23 2 300 456
39 44 23 4 500 589
38 76 14 4 468 583
87 9 7 2 435 564
89 39 17 7 276 517
66 76 27 1 340 584
24 98 15 1 487 767
9 80 8 2 510 703
77 84 20 5 388 497
63 48 13 1 254 427
100 11 25 4 338 421
90 82 8 7 538 633
62 80 20 3 605 783
9 100 29 3 362 661
98 2 11 2 420 578
51 28 12 3 261 341
19 61 25 2 427 612
78 84 13 1 669 737
21 7 19 1 447 579
90 49 13 3 516 738
5 29 16 7 548 622
59 50 28 5 504 644
95 100 5 2 535 676
20 61 27 3 320 592
99 41 26 5 385 672
59 30 28 7 246 432
23 60 27 1 568 794
26 34 27 1 400 487
43 59 11 2 377 529
91 57 19 7 378 616
30 73 19 2 478 692
23 52 7 6 537 702
8 8 26 2 292 470
34 22 12 7 230 311
76 37 12 6 501 630
47 46 16 6 487 616
19 17 12 7 530 616
37 19 10 1 206 299
91 15 24 4 456 712
96 12 19 2 371 554
90 78 14 6 593 769
94 8 28 5 272 443
43 64 5 5 215 380
37 90 8 1 226 454
86 31 30 5 272 450
12 38 9 7 370 537
2 32 19 4 571 642
40 58 9 3 303 600
48 36 10 3 271 389
58 7 6 3 510 604
55 91 6 2 560 779
56 3 14 5 239 337
16 73 9 3 461 679
94 81 9 3 429 512
96 59 16 1 503 574
43 84 7 3 665 762
40 98 30 6 425 531
60 83 5 7 663 738
20 30 24 7 422 687
87 50 8 3 345 610
15 37 6 3 478 588
13 33 11 6 463 595
55 28 7 5 379 498
19 98 24 6 531 795
25 59 19 2 627 731
86 71 19 3 415 700
13 11 10 6 254 504
42 22 27 5 240 512
24 30 24 3 308 528
67 16 16 6 542 760
48 19 14 4 237 469
52 18 19 5 449 602
19 62 19 3 302 511
21 90 12 2 432 621
74 44 15 5 515 786
15 70 30 1 290 539
32 7 11 6 663 743
19 56 24 6 557 664
89 49 13 4 456 707
74 87 19 1 246 479
72 91 8 6 502 652
77 78 18 7 504 663
38 50 19 2 407 476
97 48 15 6 288 512
31 29 30 5 442 537
93 97 13 5 393 631
11 87 29 7 308 583
54 81 10 6 447 563
0 92 19 7 332 473
37 65 27 1 237 394
53 8 29 2 342 490
30 59 7 5 269 368
38 24 22 1 594 782
94 35 20 3 641 769
86 69 13 4 620 685
94 46 16 3 609 705
31 50 26 3 690 751
98 57 18 1 381 459
52 32 25 5 682 758
98 51 26 5 476 583
66 96 5 1 581 685
23 94 5 1 500 638
97 52 30 4 292 456
100 99 18 1 482 567
81 62 7 4 482 739
64 99 10 1 298 487
12 27 22 6 503 665
49 14 15 1 597 659
50 90 15 3 353 643
51 37 8 2 397 688
23 33 18 3 436 679
5 10 22 6 512 681
72 7 16 4 525 673
57 27 22 2 371 619
36 40 27 7 379 629
28 90 29 4 542 717
75 22 23 1 484 748
84 35 14 2 295 494
50 49 24 1 408 632
13 88 17 3 200 336
16 72 23 5 352 551
47 31 10 1 230 416
34 52 9 1 513 786
88 72 6 2 680 755
59 89 13 4 578 736
69 52 27 4 222 450
31 33 13 5 323 498
35 93 6 3 520 664
82 21 26 5 465 651
38 91 21 6 227 329
82 71 28 1 325 468
2 94 30 2 210 478
4 85 16 6 204 286
38 18 18 1 529 603
46 8 23 7 239 340
19 67 20 7 671 797
100 84 17 5 395 622
31 63 18 5 272 411
13 87 12 6 607 757
50 77 11 5 349 444
23 24 20 3 660 722
100 25 27 2 450 529
59 26 26 6 409 660
1 4 7 1 229 529
31 51 7 4 309 440
13 27 25 1 658 782
11 90 30 6 419 691
79 41 6 1 306 390
87 85 30 5 377 603
4 5 10 2 580 659
96 71 27 2 490 750
33 70 28 7 271 512
71 47 29 1 223 395
24 39 12 6 240 414
19 54 20 4 239 535
83 25 5 1 546 769
16 53 16 7 402 619
77 91 28 6 299 486
41 9 27 1 457 524
83 82 11 4 672 741
66 24 28 1 602 691
51 16 15 2 325 406
73 84 17 1 520 606
4 13 21 7 326 433
99 100 15 1 476 678
37 8 23 3 424 596
76 78 26 5 554 644
35 27 23 1 490 600
7 89 9 4 549 795
92 63 8 3 465 663
12 29 19 5 337 630
59 1 9 7 398 548
93 8 17 2 649 755
41 54 18 7 703 788
89 98 18 6 465 685
72 85 6 6 432 507
74 94 19 1 429 573
90 1 13 4 529 748
17 100 9 4 272 390
75 92 13 6 598 696
82 4 8 3 567 750
40 28 17 7 544 762
64 3 16 5 607 770
20 68 30 6 291 352
61 10 15 5 236 404
24 49 20 3 580 666
97 64 23 1 531 716
85 12 10 3 513 653
59 86 23 2 483 557
82 42 19 1 530 667
71 54 14 1 280 386
6 72 21 6 616 688
57 23 17 6 332 534
81 7 16 5 391 633
63 99 17 1 276 511
79 48 18 5 450 535
96 30 16 5 536 613
52 92 12 3 541 644
46 38 7 7 290 512
8 92 19 2 382 640
97 65 8 3 347 598
43 90 15 6 370 505
7 77 30 4 563 676
39 54 26 2 363 552
57 82 14 6 295 405
58 69 23 2 269 363
78 82 15 2 362 549
69 26 7 4 322 515
58 56 14 7 427 527
48 55 18 1 413 555
39 56 28 1 472 639
15 10 24 6 517 624
41 94 14 7 296 449
71 79 14 7 276 520
24 58 24 2 730 790
12 40 10 6 315 562
79 55 27 4 631 761
47 40 21 2 365 653
41 91 30 1 332 568
10 82 21 1 463 689
28 52 20 3 502 734
73 15 19 4 639 743
5 93 15 7 211 301
31 12 23 1 264 422
69 69 15 1 398 631
17 99 19 6 356 577
12 35 11 3 309 536
56 48 20 1 234 333
87 17 22 1 704 774
26 32 17 3 413 622
83 45 15 1 201 397
28 50 12 3 506 769
96 58 21 3 246 501
85 87 30 7 305 461
46 63 11 7 238 337
26 88 24 1 719 779
4 81 5 5 605 675
18 22 8 2 560 687
42 77 20 5 353 591
55 84 25 5 299 374
5 3 13 3 233 408
32 28 28 4 401 597
54 83 16 6 504 695
41 24 7 6 314 439
70 79 12 3 578 679
69 100 7 6 339 440
96 16 17 6 596 800
12 92 23 3 370 593
74 81 11 5 360 500
8 63 14 1 555 785
40 97 9 5 476 733
16 21 7 2 459 598
53 37 21 7 567 747
34 1 8 2 648 782
35 64 5 2 285 541
56 83 5 1 233 454
83 60 10 1 651 718
95 93 13 5 428 576
29 17 7 1 517 694
41 69 7 2 421 517
93 55 18 4 347 532
31 87 11 2 219 296
12 52 24 5 550 766
40 29 13 4 550 783
64 86 19 7 505 660
56 89 28 1 261 501
10 20 9 4 478 591
86 72 27 6 338 628
33 10 25 1 656 727
16 88 13 2 289 373
44 64 21 4 368 450
12 53 10 2 690 788
16 51 24 5 694 764
57 50 23 7 503 739
41 60 21 1 310 566
50 48 9 1 261 558
8 77 8 5 668 736
45 7 8 5 556 634
71 28 23 3 552 630
8 21 28 4 276 345
58 34 6 7 414 703
35 39 25 1 435 533
68 47 9 6 238 514
82 91 30 1 329 605
61 12 30 6 223 289
23 91 14 7 537 675
18 59 30 3 363 462
90 90 22 7 347 590
47 97 12 4 518 637
71 50 12 6 445 550
82 50 15 4 595 737
95 43 21 6 381 565
56 36 9 1 394 594
45 50 6 7 417 516
16 4 6 2 385 623
59 4 7 3 392 611
90 47 15 3 360 549
70 7 29 7 261 381
29 69 22 4 217 391
23 54 7 3 351 464
80 38 12 3 455 582
89 82 12 1 434 627
18 35 24 5 674 778
40 47 18 7 387 529
25 83 20 4 688 766
23 9 16 5 523 618
77 81 28 3 502 656
16 67 10 4 205 382
82 68 22 5 499 642
94 33 19 5 327 452
4 17 18 2 698 773
50 44 19 2 426 616
0 82 9 7 448 523
89 30 12 1 617 788
93 28 9 3 232 330
23 76 29 5 418 654
12 77 18 2 484 661
68 39 29 2 493 675
63 82 26 6 535 797
6 59 5 6 274 334
69 35 12 3 449 712
91 44 9 7 581 696
85 57 6 5 449 708
85 20 13 5 458 533
90 37 10 6 651 750
32 48 5 5 522 733
84 1 29 5 320 478
61 16 30 2 487 683
3 44 15 5 357 650
73 81 9 5 529 622
19 88 22 6 250 422
24 84 12 3 422 529
73 18 26 3 315 486
96 97 16 3 384 589
17 65 17 4 420 611
68 72 14 1 411 650
61 54 25 1 422 590
52 54 22 7 597 691
18 89 18 4 590 717
3 98 25 3 332 432
2 35 11 4 258 444
6 63 10 7 440 615
65 65 17 5 265 368
89 38 5 6 409 496
47 60 23 7 537 696
70 16 29 3 382 449
47 21 9 6 641 720
66 0 8 1 507 629
91 10 21 4 653 797
15 99 12 2 280 493
5 79 18 7 433 512
89 8 13 5 490 665
47 11 29 5 266 528
41 73 10 1 423 561
38 75 20 3 343 474
40 32 23 4 560 725
15 85 8 4 380 502
43 68 13 1 302 526
92 30 22 7 362 440
5 43 19 1 447 582
71 12 23 2 661 762
30 7 24 2 216 379
84 17 18 7 596 760
0 39 6 3 228 368
90 75 8 4 572 721
82 7 10 3 520 675
57 83 5 1 583 709
33 53 10 2 377 460
87 59 27 3 535 789
3 55 17 2 610 677
57 84 29 3 516 635
26 57 14 1 484 714
84 59 29 5 387 474
78 10 10 2 523 785
38 9 6 3 238 431
8 54 16 3 490 744
97 55 12 6 310 561
11 22 13 3 276 510
73 91 27 2 486 641
13 82 28 6 431 637
50 42 22 1 404 587
83 75 22 3 301 469
10 23 9 7 307 429
10 25 15 2 440 561
89 86 5 5 687 757
72 21 11 5 531 669
4 36 30 2 269 416
79 3 5 2 372 628
91 19 7 2 544 799
61 1 27 2 210 290
16 12 13 2 278 426
93 77 13 2 407 494
36 38 10 6 202 275
64 28 24 1 285 407
76 82 12 6 373 557
61 76 19 6 304 543
74 96 27 7 653 714
9 54 13 2 213 364
11 88 26 7 493 758
57 6 9 5 291 441
0 60 22 1 427 620
53 49 24 5 441 533
98 44 7 6 348 546
32 21 12 5 407 660
26 78 7 3 590 794
23 46 9 3 310 502
92 50 22 3 458 569
0 86 19 6 318 454
72 15 10 5 322 453
85 10 20 6 284 404
17 79 16 6 417 555
58 14 28 2 292 401
33 97 16 5 473 722
8 0 11 2 257 487
15 36 16 1 485 729
35 31 18 2 328 610
50 26 16 6 285 556
67 97 10 3 312 428
