1902
38 50 0 0 0 0
20 2 13 2 406 601
17 58 19 6 229 334
13 65 27 3 222 377
21 14 6 3 325 466
57 27 20 4 523 664
0 6 28 5 315 476
46 7 21 3 374 509
92 80 8 6 577 783
33 59 5 2 595 655
98 61 15 5 469 625
81 96 10 5 224 296
66 88 27 1 414 496
44 70 22 1 218 395
60 36 11 6 226 508
48 3 24 2 400 467
0 97 25 5 560 672
43 71 18 7 280 577
40 84 12 1 344 459
36 11 30 7 452 581
67 16 16 6 322 607
25 5 19 6 354 649
96 44 30 5 494 659
29 43 24 3 380 451
51 19 27 5 678 764
30 57 19 7 213 415
64 36 23 3 357 550
25 51 16 1 378 529
3 41 10 7 398 546
87 99 29 4 439 545
66 9 16 4 453 612
25 100 19 1 297 511
73 15 15 6 244 423
79 82 20 5 575 798
70 1 29 4 284 509
56 50 23 1 303 568
74 2 30 6 206 491
44 95 16 4 507 586
18 38 7 2 239 388
95 93 28 7 256 467
74 74 25 7 685 783
11 42 24 3 464 639
33 17 20 2 487 682
33 34 15 7 268 498
49 62 13 1 301 535
51 95 26 7 353 548
68 36 21 6 296 458
28 23 28 6 600 784
62 18 12 7 224 468
84 39 22 3 230 362
23 56 22 1 200 493
10 34 15 6 254 513
85 49 25 2 508 730
28 86 21 1 434 613
40 85 26 4 334 569
72 77 5 6 702 768
67 58 21 5 312 390
1 70 12 1 523 761
47 79 17 7 386 529
46 1 5 6 403 560
31 48 25 6 302 547
2 78 24 7 517 768
79 36 17 7 370 463
88 56 20 2 411 560
70 7 30 1 571 702
22 49 15 6 245 402
77 30 6 1 512 680
86 82 29 5 419 688
77 98 7 2 547 723
50 16 13 5 562 701
89 51 26 2 345 545
95 53 16 3 450 631
24 92 28 3 225 358
64 58 26 4 208 419
46 54 13 3 508 695
79 51 26 2 301 405
36 87 24 3 283 539
31 35 22 4 605 774
90 49 10 2 438 591
58 3 12 7 486 769
48 39 6 3 446 691
99 25 24 2 354 563
40 4 6 1 323 608
66 0 16 2 315 387
73 45 14 1 274 406
62 74 21 4 587 670
70 90 26 2 466 739
25 99 18 6 670 789
47 3 6 2 381 501
13 73 11 5 485 772
22 79 27 4 553 629
0 1 9 6 450 574
12 80 22 5 332 456
20 70 19 5 250 545
30 15 28 4 332 589
48 100 9 4 235 391
28 73 8 2 454 616
98 93 26 3 374 605
8 97 22 4 339 495
14 56 5 6 588 778
84 65 9 3 259 516
3 47 7 1 316 593
41 26 6 6 251 371
69 62 13 3 466 638
37 51 27 5 265 498
72 14 13 3 633 715
48 41 9 2 325 459
16 48 14 2 428 536
79 44 13 1 334 540
51 35 7 3 269 551
59 63 28 5 455 661
93 0 26 7 304 574
67 59 29 5 445 599
44 97 16 1 437 646
27 34 17 1 276 351
73 47 14 5 488 631
39 37 9 6 410 654
44 79 18 4 344 537
98 55 6 6 455 659
37 38 19 2 393 500
0 2 5 2 468 748
2 20 21 4 499 688
35 52 22 7 547 790
69 51 28 3 313 581
46 63 29 7 463 581
46 64 20 7 485 555
24 13 14 1 607 738
16 27 29 4 360 605
36 54 28 4 291 538
41 14 21 3 446 629
25 89 10 7 288 550
29 41 7 1 341 405
35 36 12 5 203 321
46 51 13 1 457 689
60 21 11 7 219 450
77 37 28 7 208 301
17 9 23 4 574 744
84 45 12 6 348 490
54 80 26 5 577 779
8 54 30 4 294 398
92 40 20 1 340 637
15 54 25 2 519 622
98 23 26 6 238 420
96 83 16 3 369 638
0 51 13 2 577 785
63 73 18 6 383 448
29 56 10 3 327 623
66 59 5 2 418 498
81 49 12 3 675 740
99 62 18 6 246 394
34 49 8 6 337 406
85 42 11 2 594 662
13 39 22 2 649 715
54 48 16 4 289 398
54 29 11 7 499 687
28 62 21 7 323 403
30 51 13 1 220 343
12 21 24 2 614 679
15 16 25 2 220 425
55 40 30 3 384 494
9 20 16 5 204 374
59 72 29 6 410 674
96 62 27 2 337 525
54 11 18 1 519 593
73 4 11 4 209 353
14 38 9 4 438 589
72 70 6 4 579 785
69 46 25 1 228 525
92 22 5 2 509 655
62 14 19 2 268 359
34 62 18 7 406 695
24 23 25 5 282 372
27 41 25 5 565 759
94 100 7 3 386 562
10 25 19 6 244 369
63 28 9 3 265 539
68 10 10 6 368 590
1 92 11 1 609 671
81 86 25 7 525 730
64 2 30 1 290 388
56 6 22 6 382 636
12 16 22 7 415 598
83 84 12 5 284 469
42 94 11 6 421 713
24 94 23 2 571 795
92 54 7 3 535 683
38 39 13 2 497 579
68 78 6 3 614 750
96 76 15 3 441 721
33 40 11 5 216 292
16 37 14 6 496 721
87 20 13 4 286 430
72 31 10 2 422 621
19 50 16 4 670 744
14 73 7 4 233 333
6 0 18 4 538 650
94 40 30 5 514 668
98 54 16 5 470 579
28 69 16 6 213 343
23 58 17 1 594 725
49 20 28 3 616 739
32 1 29 6 711 777
50 55 28 1 381 463
24 18 6 4 288 406
75 58 30 3 298 529
20 78 5 2 359 589
45 64 27 3 565 672
96 50 20 2 427 540
87 45 16 1 349 598
68 85 13 7 595 735
7 14 15 3 242 542
65 68 14 4 398 607
18 96 7 5 579 647
10 90 22 3 273 395
92 62 20 4 459 725
31 60 21 6 345 478
28 56 21 7 303 421
33 28 21 1 392 542
78 47 19 4 418 712
42 77 23 2 410 504
42 57 13 5 348 438
36 79 11 4 418 632
23 67 28 5 220 434
36 93 21 5 430 710
37 84 13 6 347 632
78 18 20 1 556 707
63 30 7 6 415 710
40 61 23 4 303 500
40 51 28 2 441 544
96 37 7 5 505 693
50 90 10 2 571 775
24 54 9 6 504 734
17 99 23 6 384 511
9 96 20 5 205 269
72 81 7 1 355 581
74 94 19 6 723 784
43 29 5 6 287 512
17 96 9 3 409 674
96 98 24 5 274 367
49 26 5 3 411 601
8 24 28 4 423 701
47 46 19 6 476 655
23 82 6 5 664 784
81 56 28 1 513 763
39 57 28 3 413 605
51 80 28 1 460 689
96 24 22 4 501 664
55 3 9 5 353 493
85 6 6 5 267 492
4 11 9 1 307 471
54 59 11 3 253 314
67 61 26 4 350 520
68 38 26 4 473 739
0 47 22 7 492 681
75 46 25 5 452 687
45 17 19 4 323 455
36 64 14 5 359 586
70 97 19 6 421 532
95 11 17 7 483 548
80 14 22 1 231 293
84 67 7 5 359 580
21 79 13 7 320 532
52 54 17 5 560 630
41 31 23 4 537 760
97 52 20 6 616 796
57 4 6 1 507 675
69 2 28 6 299 504
24 20 22 2 234 348
46 49 12 7 683 766
33 45 6 3 433 524
39 8 22 5 491 624
39 53 16 6 528 785
21 64 24 7 492 645
78 20 7 3 541 784
31 90 18 5 419 673
85 25 27 1 720 781
27 86 29 6 367 528
46 27 10 4 416 499
54 57 27 6 307 430
72 61 9 4 609 766
7 8 22 6 502 768
74 22 19 7 476 598
72 72 15 4 548 755
92 9 6 4 414 496
54 89 27 1 394 487
5 65 9 6 397 569
56 68 17 2 449 590
4 87 30 6 295 442
40 1 7 5 539 779
9 43 10 4 447 598
96 69 12 6 412 704
31 36 18 3 457 660
12 9 20 1 214 463
100 51 25 1 354 530
24 47 13 4 408 656
40 36 24 7 218 306
56 60 7 2 361 465
99 74 18 7 488 661
18 58 21 3 316 543
35 64 30 1 278 344
23 98 24 7 323 566
56 94 24 6 380 664
98 88 22 7 368 557
25 29 25 5 242 503
48 67 30 1 539 779
59 85 23 5 434 593
48 9 13 6 590 766
74 45 6 7 547 645
54 100 15 5 362 602
28 45 8 1 387 672
16 91 20 7 538 624
63 16 14 4 498 733
77 28 16 4 426 627
43 1 13 6 215 393
82 64 5 5 507 697
52 96 26 2 596 771
77 75 30 4 338 456
93 24 17 6 536 796
31 69 14 6 209 331
30 5 28 1 206 286
43 30 25 7 222 391
22 26 13 4 378 607
8 45 27 6 536 672
41 97 29 1 517 585
20 43 24 2 541 742
16 61 17 1 529 762
76 88 12 6 249 426
94 95 14 7 485 759
84 8 17 3 229 373
42 36 21 2 653 736
72 69 19 5 332 406
11 35 21 7 595 751
87 44 16 6 344 631
90 97 23 5 429 636
29 65 16 6 239 504
58 97 16 4 396 516
59 48 11 4 634 713
52 100 18 5 579 694
63 21 29 2 532 768
96 19 24 6 660 753
82 72 23 4 706 766
64 38 20 5 577 764
38 18 27 2 324 521
78 82 25 2 329 414
32 95 19 2 485 549
57 58 19 6 604 774
70 40 24 6 419 712
16 86 6 4 260 328
44 83 15 4 524 740
99 2 24 2 473 570
62 43 22 6 446 560
94 93 8 7 606 667
38 70 27 4 342 567
19 20 23 4 327 388
57 66 15 1 221 398
10 77 16 6 203 379
82 23 19 4 623 707
8 20 23 2 328 573
41 42 20 4 262 383
76 20 9 1 205 353
47 76 23 7 592 784
53 69 12 4 557 789
19 13 20 7 275 380
57 37 29 6 321 461
54 66 8 7 207 344
37 3 11 3 675 772
6 95 16 3 234 456
8 18 9 6 254 365
70 62 8 1 210 298
91 59 5 1 393 667
29 77 10 5 262 455
61 62 7 5 539 609
29 53 7 2 550 639
4 60 28 7 428 623
46 19 21 1 261 474
85 19 10 7 245 407
10 61 26 6 514 697
83 6 24 2 455 717
92 24 14 1 537 674
4 25 26 4 637 730
67 39 30 3 201 446
15 23 13 2 403 573
89 75 22 5 295 364
52 66 15 3 571 766
22 84 16 2 366 438
9 3 9 1 365 540
64 57 13 7 468 710
83 56 11 5 301 496
75 34 17 3 202 490
5 79 24 1 483 589
57 80 8 2 405 620
60 34 9 5 232 520
52 25 12 7 499 562
91 15 13 4 275 548
50 99 13 1 569 756
25 32 19 3 534 793
34 75 24 5 544 714
20 34 5 3 201 423
37 19 8 1 246 377
2 59 27 4 639 760
44 84 17 5 611 687
19 15 23 7 493 767
11 32 21 6 546 660
66 29 16 6 660 737
1 37 24 3 524 689
72 93 20 1 387 635
18 85 14 5 406 620
34 29 24 4 342 614
77 86 16 3 269 370
72 25 7 4 405 507
26 18 30 6 516 666
60 80 17 3 499 772
54 86 23 3 265 396
56 89 9 6 516 634
52 15 23 2 202 475
99 13 18 5 682 764
31 28 6 6 315 487
34 2 15 1 210 320
64 6 28 4 591 758
94 76 23 3 427 577
28 29 15 3 259 483
25 18 12 1 536 772
79 96 16 2 473 635
64 91 22 4 355 635
73 53 9 7 441 664
7 41 17 2 495 696
80 86 14 4 518 599
29 12 21 2 392 546
75 99 14 3 465 658
69 50 24 5 409 585
3 96 20 6 322 431
10 44 7 6 345 580
22 46 8 3 538 737
34 64 6 7 398 477
8 12 20 2 562 631
42 71 6 3 413 681
43 96 10 1 544 728
61 26 24 6 487 652
27 4 27 2 515 608
5 32 19 1 598 661
79 40 20 7 512 693
28 38 20 4 513 738
66 53 20 6 422 710
26 8 12 4 685 798
55 30 23 5 595 658
89 0 18 2 341 549
21 39 14 5 610 776
15 35 23 5 207 460
14 34 21 2 230 481
18 57 12 7 445 697
84 40 19 7 221 431
94 55 17 3 379 442
21 65 12 6 378 488
16 66 25 5 278 526
23 47 14 7 522 752
63 87 19 2 506 588
23 32 12 1 261 384
94 43 30 1 288 422
1 8 18 6 323 435
18 42 27 2 319 435
64 52 10 1 338 549
14 60 27 3 610 745
58 80 13 4 306 433
3 18 27 6 554 684
67 97 7 2 522 748
13 53 24 7 510 681
57 56 8 6 477 593
72 43 15 2 232 328
100 5 21 2 579 791
92 81 24 6 485 577
27 26 13 3 393 643
21 2 20 5 533 710
76 18 17 3 365 478
65 14 21 7 230 319
60 86 15 6 427 703
50 20 26 2 593 655
37 25 30 5 225 324
50 71 8 6 487 612
93 76 13 5 281 452
75 68 28 7 708 794
39 81 30 4 579 793
20 53 11 3 494 595
7 83 9 6 568 742
51 14 22 2 525 636
87 16 19 6 518 742
22 80 19 5 541 740
18 99 20 2 655 795
62 32 28 7 635 774
99 80 10 7 571 638
65 78 28 5 540 728
62 63 10 5 208 448
18 52 17 6 321 554
62 51 30 4 476 537
37 71 17 4 564 703
74 44 5 3 486 704
27 38 26 2 458 758
61 67 6 2 239 530
83 69 16 7 258 336
33 91 26 4 662 737
17 47 30 5 608 694
46 66 29 6 407 692
63 18 22 4 408 622
16 56 9 4 460 528
10 30 14 2 233 354
79 6 27 1 452 549
91 14 16 2 260 322
90 37 30 1 370 660
89 19 23 6 328 482
12 2 13 1 435 570
50 57 17 7 611 792
69 47 8 6 376 674
72 51 8 7 657 722
46 10 25 4 286 476
7 45 15 2 610 752
29 51 13 4 410 667
21 18 20 2 223 283
96 67 11 3 650 776
35 53 5 2 418 527
8 53 29 5 301 540
66 66 22 5 300 550
84 41 16 4 496 750
27 39 13 6 681 744
79 87 21 3 355 631
57 74 17 4 575 658
15 51 21 4 572 647
76 82 29 1 259 554
0 20 17 4 318 536
74 81 6 6 513 794
94 29 23 7 561 631
74 66 13 3 365 509
22 6 14 7 617 722
53 5 11 2 324 416
33 38 21 1 344 601
38 82 26 2 465 678
99 95 23 7 268 458
0 28 30 1 288 579
22 20 12 3 301 564
24 2 25 6 524 771
29 88 22 1 290 573
21 97 17 6 269 375
99 52 20 2 437 522
47 66 25 5 516 668
4 99 7 5 586 675
87 15 18 3 480 748
67 37 28 7 613 795
34 91 12 2 568 708
25 97 10 3 297 580
41 29 28 2 362 654
30 58 25 5 413 485
94 22 12 2 261 528
12 52 18 4 304 514
56 14 23 7 502 670
2 56 17 6 619 794
90 1 10 1 301 465
33 76 19 4 514 642
56 63 22 1 347 642
71 57 16 1 375 467
75 22 22 6 493 737
40 75 23 7 267 561
71 100 13 7 293 390
74 99 26 3 545 688
31 91 17 7 291 586
18 9 26 4 470 603
72 92 23 5 222 425
31 98 21 6 338 529
91 52 22 2 277 474
74 4 22 5 253 411
56 77 26 3 482 771
92 84 20 5 601 768
32 81 29 5 305 418
56 56 20 7 563 769
0 75 29 2 215 370
2 14 28 5 259 319
68 95 21 3 427 627
99 73 18 6 543 755
17 14 30 2 338 424
47 74 17 4 661 730
11 10 23 3 536 653
33 9 19 5 519 725
64 24 13 7 502 690
2 77 8 6 210 408
85 72 12 7 212 360
27 14 29 1 424 657
50 11 28 3 454 616
5 27 21 5 279 567
41 100 21 1 371 545
6 14 5 4 468 623
19 56 23 6 260 331
40 5 24 5 682 754
75 30 14 4 636 718
95 66 30 6 430 494
33 62 15 4 479 671
98 97 9 6 246 308
61 2 29 2 534 630
6 47 9 7 592 676
93 27 14 5 505 633
12 19 27 6 335 594
15 42 17 2 201 315
38 45 15 3 503 629
46 65 9 1 499 740
73 35 20 2 514 706
71 39 19 4 418 482
69 76 17 7 202 376
83 31 5 3 417 666
8 13 26 7 577 709
63 10 6 7 354 457
94 80 20 2 385 609
78 26 28 1 539 750
85 95 12 3 316 442
5 10 27 3 565 671
80 5 23 2 442 632
13 3 30 2 410 541
97 63 27 1 534 754
81 84 16 3 658 728
37 75 28 4 336 577
5 34 6 2 549 742
10 3 20 7 402 642
18 61 21 7 449 701
12 100 15 2 495 708
65 43 23 5 365 500
39 65 19 5 704 767
53 92 23 2 408 685
29 74 11 6 610 784
44 94 14 7 231 349
12 93 23 4 208 482
44 72 23 3 355 540
9 8 6 6 418 540
55 100 8 1 432 668
18 1 23 3 680 796
1 58 5 5 526 719
21 15 18 2 250 386
66 77 6 2 442 645
32 75 10 4 308 404
26 47 20 4 662 794
0 4 18 3 302 469
49 9 5 5 465 631
5 39 10 1 428 557
73 64 25 1 229 345
48 58 7 3 255 420
7 91 11 5 450 701
60 15 28 2 392 631
15 74 28 7 511 592
97 48 6 7 414 648
82 21 5 6 330 471
3 56 19 7 214 281
15 17 5 7 269 522
94 77 20 6 353 478
91 45 9 3 531 757
59 51 26 6 351 635
12 83 10 5 333 507
47 32 26 7 544 712
89 42 17 7 541 771
21 75 14 3 414 520
57 30 16 5 308 426
19 83 9 2 429 619
80 51 17 5 292 369
61 88 8 5 424 622
5 5 9 7 594 722
62 70 25 6 588 747
74 92 7 1 727 797
17 54 18 1 270 412
73 9 30 3 369 582
7 82 28 3 426 631
89 96 30 4 217 501
26 39 17 6 528 712
40 54 10 5 561 649
29 80 8 3 653 754
46 37 27 3 446 633
98 16 22 6 254 485
46 39 30 4 498 766
5 4 29 4 364 658
88 41 15 3 375 486
56 20 22 2 477 613
15 70 30 4 314 582
63 70 14 5 296 485
74 64 23 5 286 480
83 8 15 3 484 683
52 67 30 7 288 455
20 28 11 4 339 536
30 21 22 5 307 465
30 91 29 2 273 438
62 76 14 5 686 755
5 37 23 2 212 275
43 51 12 4 283 374
66 54 18 3 545 613
26 67 19 4 558 739
36 65 24 5 207 448
82 84 19 2 598 785
30 80 9 6 608 792
60 83 24 5 610 749
68 81 15 5 361 575
93 10 13 2 525 673
52 91 21 6 488 561
37 59 30 4 401 613
85 98 5 1 483 622
40 41 21 5 653 786
4 56 15 4 247 334
10 4 27 7 411 694
12 10 20 4 550 633
54 52 8 1 364 435
10 78 19 4 453 705
12 57 22 3 550 799
48 5 25 7 310 385
69 91 8 1 536 749
15 38 23 3 532 594
50 38 9 5 614 749
38 0 11 1 379 644
66 21 16 1 213 482
9 10 22 4 357 478
90 46 25 5 393 506
92 82 25 2 554 718
16 69 27 5 390 495
33 5 24 1 558 727
90 15 21 4 356 652
72 45 19 6 572 679
37 93 10 5 482 633
29 83 12 5 488 561
95 71 26 2 207 481
42 70 27 7 466 550
40 6 15 1 460 673
35 50 29 3 291 530
29 70 23 2 532 718
11 0 29 1 449 575
8 78 18 2 388 639
84 84 19 5 316 565
25 90 16 6 294 355
15 93 20 7 706 771
56 66 5 4 362 643
70 53 30 3 500 582
23 44 30 6 322 405
43 80 22 2 217 356
79 57 24 5 227 354
81 68 26 5 291 407
0 29 14 2 526 701
4 96 14 4 444 693
77 81 15 4 480 601
1 50 27 1 526 659
27 57 21 6 264 525
79 50 15 3 635 702
6 15 16 7 442 652
45 14 5 5 454 615
5 54 23 4 641 716
23 18 12 4 354 594
11 78 20 4 362 635
83 14 23 5 387 464
86 37 28 1 490 652
60 60 5 7 213 503
32 13 29 3 339 598
61 93 14 1 253 539
13 18 21 3 250 496
23 51 15 3 241 469
19 52 7 3 600 679
62 67 12 7 480 742
80 66 28 4 445 522
100 76 13 7 429 674
58 26 27 7 438 526
80 77 23 6 303 418
28 40 9 2 204 496
62 35 27 3 413 627
67 26 10 2 352 452
55 83 17 5 630 744
79 58 15 2 409 692
13 56 26 7 231 360
95 96 20 4 406 670
51 75 11 5 579 694
97 87 10 4 590 729
81 17 12 3 593 786
97 51 26 4 271 453
10 86 8 2 489 761
2 75 10 2 658 768
42 100 19 4 585 676
88 78 12 5 634 758
30 93 16 6 419 546
23 27 17 2 550 692
4 17 29 5 316 389
60 55 24 1 623 746
73 98 9 5 602 740
8 62 19 3 370 471
15 47 25 6 573 722
5 12 19 4 206 438
55 17 27 2 624 754
95 85 13 2 226 444
13 54 19 2 327 568
51 17 11 1 259 332
79 100 16 2 362 633
42 41 26 4 399 479
2 54 18 3 407 538
62 47 22 4 292 487
75 50 13 1 434 686
41 36 23 3 223 396
36 0 7 6 241 414
1 96 11 3 292 413
15 14 26 4 435 549
95 31 21 4 603 689
87 37 20 4 468 611
0 42 19 3 348 451
7 15 25 7 241 396
64 51 27 1 211 334
25 40 7 3 383 634
19 57 25 6 465 542
57 44 28 5 245 325
40 13 9 2 255 468
13 75 22 6 440 609
69 45 14 5 445 692
78 8 8 1 244 331
10 59 9 6 413 556
75 12 22 2 392 539
32 38 9 2 515 752
97 54 8 2 235 337
10 92 13 4 306 591
86 38 20 7 525 643
13 35 17 2 473 645
13 58 22 5 284 563
85 86 20 3 259 422
38 9 15 4 211 383
14 67 29 5 335 543
46 24 26 2 577 752
15 91 30 3 314 518
13 76 11 3 338 568
45 10 14 6 455 634
46 12 16 7 271 384
20 33 22 5 611 732
64 1 14 5 220 308
96 57 25 1 403 606
79 10 30 7 360 653
2 87 27 1 281 433
63 42 16 4 421 591
41 78 27 2 665 799
49 33 27 6 301 518
26 64 25 1 298 486
73 44 15 6 397 635
97 46 18 2 459 759
4 53 12 6 549 770
2 7 7 4 345 637
94 36 16 6 280 418
11 19 13 2 357 550
20 48 6 6 324 577
100 0 15 4 439 517
84 0 13 1 237 335
30 16 29 3 339 505
13 5 5 3 346 606
68 43 18 3 557 718
32 39 26 5 326 458
98 62 11 6 433 497
31 81 22 7 242 403
93 81 22 1 382 498
33 1 17 7 225 294
80 94 21 5 277 551
10 45 23 3 383 457
45 67 27 2 381 445
50 76 16 7 311 493
29 97 18 1 570 651
88 14 10 4 340 448
86 4 20 4 595 675
73 54 8 4 203 454
19 95 18 5 449 525
38 27 7 3 302 558
66 48 23 4 490 780
29 20 28 4 460 605
50 31 18 4 389 621
80 27 6 6 487 570
42 18 25 2 440 509
42 26 5 6 474 547
64 82 11 7 313 523
81 37 24 7 510 646
58 18 16 3 630 772
51 8 17 3 328 413
63 39 15 4 299 392
13 42 14 4 411 517
15 22 14 4 329 598
41 21 27 4 486 769
99 72 14 6 402 564
4 32 29 7 399 538
4 1 21 3 553 762
50 0 6 1 430 530
80 69 22 1 364 473
53 82 30 3 544 641
69 42 6 4 455 725
85 59 10 6 462 561
67 32 25 7 269 405
95 64 12 7 231 528
69 72 13 4 488 671
19 53 26 1 507 750
62 59 13 1 463 697
68 56 12 1 443 674
42 63 24 1 283 388
81 99 12 2 370 651
88 23 5 7 458 711
38 52 20 7 584 649
23 57 8 3 209 363
81 47 18 2 651 780
9 2 9 1 518 785
70 22 20 4 278 438
57 7 5 7 454 743
78 62 6 5 227 494
55 87 5 4 448 617
94 44 18 3 235 337
16 7 15 4 364 481
25 45 17 6 470 646
15 19 17 3 520 611
76 58 7 6 457 527
45 97 24 1 645 799
32 48 25 5 289 472
60 65 29 6 325 386
86 90 20 7 455 558
68 15 24 1 343 606
89 4 24 4 577 654
0 41 22 1 277 406
83 72 22 3 568 714
44 86 28 6 225 285
78 67 28 3 501 696
30 69 7 5 246 403
13 11 11 2 522 766
97 59 16 7 601 776
72 73 28 1 296 472
76 22 24 5 444 566
43 55 5 6 562 720
36 29 20 1 388 609
96 4 5 6 335 613
26 20 15 5 326 467
100 15 28 6 355 538
34 51 26 6 500 758
59 30 29 4 436 662
48 29 19 3 537 680
11 92 5 3 239 502
49 16 27 3 512 787
87 96 15 3 411 473
12 8 11 4 528 677
60 71 16 5 392 655
77 23 29 5 389 545
23 11 7 6 381 646
15 88 5 7 390 644
14 17 28 7 317 409
37 95 23 1 242 377
16 13 26 7 265 463
92 89 18 4 573 638
67 46 25 4 604 729
99 54 22 7 375 509
64 40 25 4 648 728
85 65 6 7 353 602
68 20 26 5 628 731
7 22 15 5 457 567
25 70 15 5 274 355
51 43 20 1 250 423
89 57 24 4 404 587
90 44 24 2 430 505
75 69 20 4 306 513
89 67 29 7 445 742
44 93 27 1 543 624
82 95 18 5 333 624
47 71 7 5 496 635
75 90 26 6 348 641
46 9 6 7 639 703
98 43 11 5 406 655
85 69 6 3 307 477
17 8 5 4 328 429
73 67 22 4 257 401
60 90 10 4 305 579
22 85 13 3 442 645
44 40 15 2 219 324
49 17 14 3 235 346
90 95 12 1 521 625
45 45 12 3 223 469
43 56 10 6 450 723
18 35 19 4 292 443
39 35 5 4 616 767
5 0 9 3 583 740
22 7 27 5 437 698
95 89 25 3 368 497
26 74 15 5 538 618
66 75 26 2 549 666
43 100 21 2 512 754
51 42 6 7 366 490
70 48 16 5 311 459
3 71 26 6 204 462
93 84 30 3 310 530
87 72 22 6 247 457
62 38 23 4 542 768
56 92 23 3 427 508
7 69 26 2 396 620
39 58 11 7 479 591
27 63 25 3 432 586
52 13 7 2 468 657
16 18 5 3 497 618
10 50 30 7 360 629
85 32 5 7 335 617
97 60 14 2 329 456
27 74 16 5 323 535
68 72 24 6 717 797
44 88 27 4 546 679
80 60 21 4 257 417
47 94 24 4 447 734
55 77 19 4 460 655
34 84 5 2 682 744
82 32 12 5 484 717
70 45 6 5 593 666
33 37 12 6 401 492
98 91 15 6 363 561
15 27 14 7 293 543
10 95 15 3 408 623
44 19 9 3 670 773
84 85 8 5 369 493
53 19 28 3 557 718
53 74 5 4 430 494
87 35 15 5 459 616
18 3 22 2 402 688
7 86 16 2 609 771
39 73 9 5 285 350
5 97 10 6 204 354
90 86 12 1 538 732
21 24 20 1 448 718
13 38 14 2 595 673
84 5 29 3 362 461
66 44 8 7 509 615
6 48 25 4 294 500
44 17 23 2 406 484
9 82 6 6 364 484
79 19 18 5 545 767
78 53 29 5 327 418
9 44 7 5 524 688
37 99 29 1 599 686
100 82 13 7 402 505
30 82 17 5 519 656
64 19 22 1 566 734
1 17 17 7 726 788
50 94 22 6 472 753
66 82 12 3 646 771
61 14 13 3 241 355
6 42 13 7 495 683
36 90 16 7 548 700
59 26 8 4 659 741
72 3 27 7 470 620
82 51 30 4 354 473
28 58 12 2 587 651
50 92 12 5 217 466
96 70 5 2 358 639
28 66 29 5 668 745
8 42 18 3 473 634
67 93 14 7 606 695
3 100 19 1 238 507
17 42 29 4 300 377
91 90 23 2 428 530
89 35 20 7 415 597
66 73 29 2 489 591
81 88 17 6 328 448
69 10 20 6 253 343
40 82 18 7 415 497
66 98 25 3 364 613
19 37 9 6 417 674
4 48 26 2 503 726
20 1 9 4 302 422
68 29 30 5 663 726
54 38 12 2 444 532
18 11 18 5 211 478
89 80 20 4 330 486
74 97 28 5 588 767
78 55 25 1 550 729
8 4 22 6 343 621
45 89 17 1 304 408
89 38 15 5 588 763
95 58 12 1 508 695
61 19 10 2 348 574
15 13 11 1 316 408
68 73 17 7 573 685
47 23 6 5 345 492
63 1 6 7 607 722
33 79 14 1 560 746
49 80 29 3 498 749
44 89 6 7 530 730
100 77 10 1 510 773
54 78 8 4 652 784
48 55 30 7 224 518
96 53 5 7 581 730
57 2 10 2 510 728
88 3 9 1 396 488
93 47 19 2 283 456
100 68 10 2 568 734
40 43 21 5 280 487
14 94 22 4 341 545
3 97 13 7 696 789
99 87 25 3 615 734
5 45 21 2 578 649
90 24 15 4 381 543
19 8 15 3 565 785
55 27 30 4 367 470
29 19 29 4 463 731
13 29 23 1 239 441
10 33 16 3 268 423
23 74 21 7 219 286
73 52 16 1 406 503
29 8 17 2 364 663
22 70 10 7 408 549
26 26 27 6 529 771
5 81 26 5 263 549
73 18 18 7 586 763
23 65 30 1 579 680
34 72 28 1 548 775
80 2 5 5 214 421
18 12 12 1 349 589
62 83 22 4 367 546
6 66 16 4 556 747
17 76 30 1 200 323
87 26 11 7 375 555
50 44 25 1 651 748
5 17 17 4 356 427
41 15 30 2 365 569
14 55 21 6 206 311
91 38 10 3 411 571
88 24 11 6 510 691
50 80 21 7 414 703
53 36 30 4 481 694
46 55 16 7 535 595
82 45 5 7 379 624
9 50 25 5 206 455
86 27 12 2 383 625
3 39 21 4 368 627
13 91 13 4 467 683
75 54 26 6 576 747
7 95 21 4 585 798
5 68 13 7 364 595
81 24 18 4 499 742
21 68 24 3 272 482
88 15 9 5 238 332
36 50 21 1 223 434
81 10 11 6 413 583
77 85 24 6 286 496
8 90 27 2 463 762
6 11 16 4 451 558
18 26 29 6 211 308
34 74 13 3 320 554
80 80 25 1 401 528
22 90 21 7 220 417
71 15 6 6 294 441
88 59 8 5 228 524
2 35 15 3 454 711
62 42 29 7 567 677
57 33 27 6 505 668
56 53 11 4 648 773
87 17 29 1 417 643
8 83 17 7 656 746
36 8 17 6 366 486
7 24 5 2 410 651
62 8 10 2 290 400
22 22 7 3 425 622
36 3 23 7 545 785
49 28 14 4 560 741
85 1 12 6 543 699
78 97 9 3 323 446
58 88 8 1 471 576
13 47 15 2 628 756
25 53 9 6 665 766
69 69 30 7 360 495
61 78 13 3 216 332
96 40 13 4 443 522
66 87 11 3 496 702
14 100 27 3 432 647
44 41 29 3 280 531
51 12 5 1 382 673
35 49 20 3 251 397
67 21 28 7 332 485
69 12 30 5 624 783
87 4 5 3 584 697
35 22 26 1 501 778
79 76 25 2 498 559
21 84 6 5 422 515
4 42 26 3 646 723
11 54 28 5 479 714
11 1 17 2 258 524
30 23 23 5 622 751
49 14 17 2 633 705
70 78 16 5 309 440
45 33 6 4 571 684
26 46 9 4 432 548
36 32 6 2 655 719
14 57 10 6 360 454
96 96 30 1 418 613
59 15 14 4 247 481
41 89 8 1 423 547
63 3 20 5 663 790
79 34 24 7 545 659
74 27 15 3 494 608
87 64 17 7 416 624
73 91 10 1 419 514
61 96 17 7 518 604
100 19 6 1 347 603
54 72 10 5 353 583
30 67 19 2 299 433
12 88 30 7 343 500
82 62 27 1 503 711
40 11 19 4 278 445
93 88 15 6 271 360
19 16 16 5 380 540
58 31 11 1 242 420
78 65 22 3 451 714
70 100 22 3 502 723
27 82 25 3 449 719
70 39 23 7 524 751
42 66 17 7 292 517
8 96 15 4 364 538
72 87 25 7 347 431
83 30 29 2 474 619
21 61 6 1 241 447
26 11 23 7 458 560
57 72 28 1 710 786
24 39 11 3 533 784
37 1 24 4 497 746
59 68 24 3 547 796
51 21 19 3 498 783
57 51 23 3 224 495
33 24 20 3 565 733
32 90 15 7 495 680
9 30 18 3 488 722
93 30 6 7 467 686
25 47 9 3 526 676
12 78 21 7 406 607
11 6 7 1 256 455
39 66 23 5 544 793
39 26 5 7 465 659
89 99 20 4 597 758
25 68 5 7 414 676
82 28 24 6 545 681
53 95 24 1 561 789
8 86 26 3 482 563
27 8 5 2 531 702
52 9 30 3 394 677
86 95 14 4 221 475
70 56 14 2 354 572
14 40 12 1 571 682
47 90 16 2 366 591
82 54 5 7 419 553
26 10 10 4 299 444
88 88 12 4 453 567
86 53 16 2 502 660
88 84 9 2 241 366
42 17 12 7 235 461
2 64 18 2 333 586
24 65 17 4 562 739
90 96 17 4 487 571
94 72 7 4 408 579
78 17 29 4 414 654
31 64 19 7 329 607
99 21 20 5 475 733
61 29 27 1 428 639
96 32 6 5 391 475
35 10 13 2 268 539
90 64 6 1 376 607
20 26 9 1 320 457
77 63 24 4 423 514
54 96 10 2 529 797
72 56 27 2 543 754
74 52 20 3 727 791
81 4 14 7 532 645
34 88 7 5 260 445
73 62 12 3 536 663
72 28 12 5 446 528
80 31 27 7 475 603
68 40 12 5 503 584
59 57 9 3 581 693
26 95 22 1 297 393
54 1 8 2 250 433
93 33 24 7 574 645
46 53 10 2 442 670
64 63 18 5 307 453
44 51 11 2 210 338
16 53 9 6 293 541
43 20 13 6 516 587
14 27 5 2 371 476
45 25 27 6 225 319
16 97 26 4 471 540
68 34 13 2 544 635
95 43 25 1 510 670
85 74 28 7 390 553
41 83 25 2 297 388
82 94 12 4 362 525
1 15 20 5 364 506
80 45 17 6 319 560
78 96 9 1 211 288
36 72 17 2 610 775
16 20 26 1 679 797
64 83 30 4 413 473
8 44 25 2 501 612
29 67 19 3 256 386
0 9 28 2 593 692
46 80 26 3 372 467
57 34 8 4 338 501
68 94 11 6 279 422
85 20 12 7 515 788
92 76 25 7 469 541
77 53 18 6 489 561
61 10 8 5 232 434
33 8 20 2 538 660
84 60 21 1 418 555
16 10 28 6 612 730
45 19 14 2 544 658
88 16 10 4 616 731
8 38 25 7 685 795
98 8 12 1 538 708
99 3 10 4 440 567
52 89 27 4 220 475
64 27 28 5 255 518
40 98 25 2 500 680
36 41 5 1 572 636
38 40 18 5 300 539
32 46 24 1 259 422
95 100 26 5 425 618
88 5 5 2 264 442
35 27 20 2 364 634
97 31 21 3 357 518
22 82 20 6 306 500
25 67 24 1 233 301
66 100 11 1 228 393
66 40 12 5 357 486
52 16 13 7 551 742
71 60 9 1 422 597
58 48 17 4 440 623
31 96 16 1 209 460
46 23 22 3 717 778
100 11 26 5 324 566
37 97 22 6 679 769
59 61 23 7 674 758
14 18 6 3 470 696
35 90 18 5 536 751
25 54 9 2 491 688
34 27 13 4 430 523
39 30 29 7 433 493
74 33 7 1 399 572
34 36 27 7 286 471
37 77 27 6 317 611
65 60 23 4 519 665
79 62 29 1 327 498
95 21 6 3 677 794
83 39 12 1 259 441
63 74 15 6 629 746
81 62 15 3 657 718
95 23 15 7 498 659
61 32 27 6 210 282
7 77 30 7 620 684
82 29 23 2 414 577
45 24 22 2 227 387
28 91 13 4 548 719
21 26 20 1 505 757
97 55 17 3 289 431
97 0 6 5 500 659
72 98 27 3 365 567
15 3 7 2 563 798
86 12 29 2 316 523
80 63 30 2 537 605
76 84 11 7 470 543
65 99 8 5 338 577
95 46 30 4 271 481
64 48 8 7 485 710
48 37 11 6 456 721
78 59 8 4 462 533
7 74 23 5 246 318
12 36 18 4 320 599
1 86 11 7 262 327
76 33 16 4 363 628
50 52 6 6 354 460
99 60 8 7 400 684
32 8 30 1 572 690
30 37 17 1 468 638
31 56 5 6 634 695
7 78 11 3 280 400
66 27 12 6 518 603
3 99 22 2 217 351
23 10 25 3 341 463
5 9 27 1 242 369
1 19 19 7 408 634
74 20 30 6 314 474
99 33 8 1 455 599
87 55 17 4 425 648
30 25 16 2 372 466
32 61 17 7 206 426
81 51 9 6 686 769
3 44 23 3 444 505
90 11 14 4 472 619
18 34 19 5 366 547
96 0 27 2 302 541
48 19 10 4 273 367
62 21 23 7 387 485
54 18 19 7 430 725
23 37 28 4 495 775
68 23 29 6 377 670
28 10 18 2 246 366
79 68 5 3 330 410
5 2 8 6 309 569
31 46 21 2 380 458
45 9 7 7 297 523
80 34 12 1 261 513
18 39 15 4 236 411
12 22 24 5 272 488
66 92 11 3 646 722
36 47 23 2 347 532
83 53 16 3 653 744
62 82 8 6 603 743
22 28 26 4 574 647
48 30 18 3 313 459
40 58 20 6 217 469
67 83 12 3 533 623
93 7 14 5 221 405
86 26 30 1 551 769
35 89 5 1 517 760
70 32 27 7 466 744
62 22 7 6 582 732
86 78 22 3 204 459
27 11 13 6 507 603
74 57 21 1 415 527
39 55 28 3 321 460
44 29 29 5 405 475
19 18 19 1 267 404
92 14 13 3 354 537
86 15 30 7 281 449
48 71 30 2 487 630
16 99 15 3 289 375
27 30 14 3 477 546
10 17 13 5 252 443
87 28 24 3 488 773
1 53 23 5 587 653
66 35 15 3 484 574
11 37 14 7 229 384
1 66 10 4 280 407
79 46 29 3 210 488
70 82 6 7 414 483
23 34 7 5 225 516
82 27 16 4 432 574
61 48 29 4 345 414
37 29 7 2 380 589
11 61 14 1 403 474
36 9 7 3 389 536
72 11 5 2 406 576
4 67 28 5 309 451
6 58 18 3 395 515
91 95 21 1 484 653
95 81 19 7 357 648
24 58 28 4 341 478
62 72 11 1 480 721
77 76 29 4 294 428
16 75 23 6 214 359
14 92 5 1 526 660
43 95 20 2 584 674
46 84 13 5 297 552
60 26 6 6 259 372
56 29 17 3 365 473
98 69 18 3 623 792
60 12 22 5 531 726
57 55 10 7 496 718
62 19 21 4 241 310
84 44 23 7 275 401
74 96 19 2 207 357
6 5 30 6 235 492
6 56 15 1 559 744
58 17 27 4 532 632
73 0 6 3 234 481
42 99 22 5 317 517
13 60 13 6 429 649
8 26 24 6 538 600
100 87 7 4 205 443
56 72 22 7 290 461
25 2 30 5 504 786
23 20 27 3 445 690
55 2 19 1 297 463
95 15 27 6 535 693
20 19 30 1 344 499
27 22 12 2 343 438
1 32 12 6 429 570
69 94 16 3 358 577
18 79 8 7 438 557
83 15 18 4 298 429
84 52 20 1 319 435
90 50 11 1 210 411
20 22 5 4 462 685
63 24 17 4 672 770
23 89 26 4 497 610
59 50 27 6 535 634
66 74 11 5 535 665
81 16 20 4 682 745
23 43 27 2 592 711
65 42 8 7 203 399
96 29 25 5 266 403
93 25 22 7 469 728
74 39 12 5 440 630
16 33 28 1 609 675
0 37 12 3 392 673
37 79 28 7 476 611
9 63 22 1 681 780
47 86 26 3 269 556
58 14 8 2 281 562
8 11 8 3 320 429
23 28 7 7 693 793
74 30 19 6 393 475
23 63 21 4 353 503
66 25 16 1 558 629
28 44 23 6 295 576
19 31 28 1 511 640
61 24 16 7 211 496
79 89 15 2 618 799
60 22 23 2 283 436
6 43 6 1 570 729
53 88 27 4 510 679
30 46 19 4 308 381
60 13 25 5 360 432
84 99 20 3 384 636
71 2 12 2 623 697
54 28 28 6 221 373
37 66 10 5 361 527
7 97 30 2 609 754
79 24 22 2 265 557
98 14 15 3 643 734
16 39 5 4 697 791
72 52 24 6 209 426
90 58 6 2 471 683
46 21 27 1 349 551
22 60 9 4 206 406
34 54 5 3 500 582
97 98 16 3 262 333
10 49 23 1 285 482
48 16 13 5 316 605
85 58 12 6 508 768
87 68 12 7 294 389
17 86 13 3 349 569
90 88 25 3 286 430
84 61 16 2 307 370
78 91 7 1 406 658
30 56 18 2 574 689
37 21 22 6 457 648
66 18 19 4 509 599
48 14 28 3 283 580
74 16 27 4 280 467
39 16 16 2 372 500
36 67 15 1 247 499
55 41 12 5 366 583
37 54 22 1 276 568
87 56 24 5 390 651
51 89 9 2 409 481
34 96 17 3 436 736
6 26 13 1 560 676
6 77 29 3 271 549
98 38 29 6 451 688
72 40 26 6 450 544
59 27 25 1 433 553
18 97 12 3 439 718
82 73 18 5 380 558
90 8 27 4 382 589
76 39 22 3 476 724
92 27 10 5 347 468
48 76 15 3 245 364
21 41 27 3 565 699
50 67 17 5 559 714
96 60 8 1 256 350
13 52 16 5 304 556
92 91 23 1 688 767
61 65 26 1 659 741
20 46 30 5 363 655
82 49 5 2 370 653
44 55 12 6 331 416
69 40 25 1 453 568
9 0 9 3 580 651
85 29 29 6 259 448
7 52 17 6 419 581
81 82 15 6 507 683
25 8 16 5 379 564
55 75 15 5 320 460
24 17 26 3 253 368
35 55 25 3 555 660
15 77 27 3 354 465
35 26 16 7 560 713
27 78 25 2 616 774
26 79 17 3 503 592
57 91 26 7 519 600
13 2 11 5 438 500
11 64 28 3 233 367
34 65 10 2 489 592
5 13 15 4 474 699
98 95 25 1 471 733
60 77 20 6 318 421
90 39 11 5 668 736
91 2 11 6 211 384
59 98 29 5 260 559
55 80 22 6 299 454
79 99 19 2 641 783
50 24 25 2 307 461
64 12 10 2 462 614
11 12 7 1 239 469
63 9 18 2 534 789
86 31 27 5 355 489
74 10 26 2 396 538
95 26 13 3 715 781
45 50 9 2 321 448
51 3 5 1 455 751
100 71 15 2 559 704
51 100 26 6 310 568
55 95 5 6 453 544
36 55 22 5 705 794
26 49 11 1 429 516
9 66 15 7 306 514
62 15 7 5 505 783
20 13 8 4 279 540
85 61 28 7 225 357
81 73 25 7 279 350
43 87 15 5 271 369
59 1 21 7 401 513
13 92 22 1 244 435
30 89 30 2 650 756
75 20 7 7 323 470
81 27 25 4 359 442
29 99 13 5 462 577
46 83 5 7 313 540
28 9 25 6 566 795
23 38 10 3 420 714
13 51 5 1 554 718
14 41 18 7 398 665
32 76 18 7 404 668
64 86 19 3 202 338
9 94 23 4 504 641
58 98 20 4 209 296
58 64 12 2 597 702
31 63 13 1 530 706
3 64 9 4 338 491
82 26 5 6 228 419
0 65 30 1 461 619
27 5 24 3 227 447
48 90 17 1 456 527
21 73 26 1 619 747
40 78 26 3 499 661
31 27 7 7 422 684
97 27 20 1 209 456
95 19 7 6 238 438
74 49 23 1 453 626
50 81 14 6 419 525
98 75 30 7 667 784
39 91 17 2 251 408
49 41 21 3 382 496
97 94 27 1 340 426
24 1 22 2 237 418
77 0 20 6 212 415
83 22 11 5 637 749
50 49 21 3 636 712
69 33 8 1 522 773
9 36 21 4 599 720
83 61 20 2 457 615
35 60 9 1 622 759
57 23 11 1 309 578
62 52 29 1 344 578
37 10 5 6 583 791
6 80 27 3 591 755
89 93 8 6 367 431
72 54 5 2 297 434
51 13 18 6 428 559
88 9 5 1 350 552
84 20 14 2 315 571
10 55 24 6 399 639
32 50 7 6 221 393
67 65 27 4 555 719
42 46 23 6 407 537
17 25 23 4 605 771
99 37 11 6 348 592
43 88 5 7 292 423
15 78 28 4 592 722
99 10 29 3 403 528
50 6 23 2 216 340
19 93 6 6 540 671
21 13 23 3 321 481
3 73 18 2 339 639
90 0 18 1 257 539
69 36 27 7 331 580
11 85 15 3 590 677
73 38 9 7 302 511
65 6 28 5 230 290
70 31 30 4 239 441
51 36 25 7 371 664
79 13 5 4 552 757
13 37 16 3 369 489
47 51 13 3 208 268
69 99 13 4 419 709
79 91 24 4 254 334
90 35 17 3 619 740
57 100 6 1 272 335
75 95 17 4 341 590
69 21 6 7 523 788
17 16 28 4 508 626
29 29 7 2 420 595
0 56 14 6 503 577
27 16 17 2 624 734
61 0 18 6 361 486
51 20 12 7 273 569
31 61 22 7 461 745
16 95 17 7 518 642
84 75 18 5 581 739
7 67 11 4 422 488
71 6 27 1 501 748
31 68 23 2 554 792
32 44 29 3 663 730
19 28 29 4 283 580
43 19 8 3 234 513
14 63 14 1 335 571
88 70 9 1 232 418
97 80 26 1 481 667
55 93 11 4 216 442
88 37 24 6 257 485
91 9 21 7 239 339
33 73 22 5 454 676
9 75 7 2 656 746
27 96 16 4 489 655
32 97 11 7 408 572
65 74 17 5 465 617
16 77 5 3 416 512
39 23 21 5 416 624
54 58 16 6 402 587
60 84 22 5 339 476
67 38 10 5 449 556
80 50 20 2 399 656
74 84 10 4 262 453
99 79 6 6 201 336
80 58 9 2 266 546
41 59 30 4 484 720
54 83 12 2 368 607
84 63 20 5 469 720
84 64 11 5 506 652
13 78 19 4 600 744
72 100 17 4 404 682
50 27 27 2 326 560
7 5 13 4 489 734
67 76 28 6 212 347
89 60 11 4 507 600
51 32 14 1 569 671
18 7 11 1 478 552
79 56 6 2 429 587
62 68 28 2 447 641
10 20 27 7 274 415
52 44 11 6 432 577
51 76 6 4 461 551
5 49 7 4 698 761
80 33 7 7 267 461
38 3 22 2 390 631
25 88 24 5 656 776
67 29 15 1 477 587
86 28 30 6 460 664
12 89 6 1 244 531
69 20 9 2 631 759
20 92 30 3 263 446
29 90 15 1 351 432
16 54 14 3 545 751
26 15 12 5 500 720
51 79 28 5 220 470
87 85 29 7 323 479
59 43 28 3 580 684
41 76 29 2 379 553
45 23 15 4 358 586
50 7 21 1 302 411
55 0 10 6 264 422
91 25 20 3 598 681
6 76 30 3 328 553
13 67 14 5 580 753
95 70 19 5 689 787
52 19 27 3 326 461
90 25 26 4 293 446
37 81 7 6 382 578
79 41 7 5 446 589
29 54 14 2 378 636
17 85 10 5 333 543
58 43 6 3 220 507
22 97 30 7 473 559
0 0 12 1 367 525
18 15 21 4 248 349
99 91 5 4 637 740
5 91 27 3 401 596
82 50 21 5 483 624
81 15 6 2 412 500
90 34 28 7 562 770
70 35 20 5 484 662
98 77 23 3 498 787
69 67 11 6 396 606
58 81 9 5 377 470
73 24 18 1 226 421
67 74 25 2 340 617
62 53 14 5 413 670
8 91 18 6 638 776
36 57 13 7 453 743
85 0 6 7 497 724
35 59 23 2 508 668
76 95 29 5 381 485
88 34 30 2 703 782
0 58 28 5 464 633
18 60 27 1 339 550
44 47 24 6 479 639
76 67 20 7 654 744
10 28 29 2 330 412
73 37 25 2 408 553
29 15 11 1 286 462
17 12 23 2 589 782
94 62 30 5 467 614
48 84 30 6 468 758
0 68 10 7 371 490
31 86 14 5 208 278
46 20 16 2 419 717
51 40 12 7 413 520
40 18 8 4 214 312
95 98 25 3 287 572
41 52 16 2 344 620
65 80 7 6 581 771
87 25 20 1 426 675
10 15 24 7 279 571
97 36 5 5 367 611
29 86 19 1 600 779
45 20 7 6 265 519
67 4 7 4 329 459
75 93 14 3 330 494
27 48 22 5 209 369
2 0 26 1 498 758
23 0 20 3 463 706
42 2 6 2 358 426
79 65 15 5 470 610
38 56 9 3 269 552
0 40 17 5 430 633
54 65 12 6 450 657
23 75 21 7 499 565
89 94 26 6 488 567
98 18 7 6 499 786
44 57 26 6 372 455
48 32 22 3 453 583
80 41 14 4 253 371
63 63 10 7 285 504
65 59 23 2 428 569
22 63 12 3 630 797
75 48 12 5 552 673
66 58 18 2 374 440
43 21 10 7 727 798
33 50 21 5 492 639
68 80 17 2 204 319
16 58 8 6 557 772
5 71 14 4 479 749
27 58 11 6 550 752
25 39 29 2 601 738
51 54 6 1 479 587
92 6 13 6 540 768
10 12 21 3 567 768
19 54 26 6 268 399
48 21 17 7 672 762
1 11 16 5 578 798
22 3 21 7 488 647
98 42 16 6 559 715
7 7 24 7 534 605
67 55 16 2 362 517
49 69 28 3 411 677
66 32 14 7 393 611
1 73 21 6 438 669
14 93 30 5 305 373
12 15 16 3 458 656
59 25 9 4 467 674
45 58 18 6 486 649
91 21 22 2 365 560
57 73 9 7 505 573
0 34 17 2 255 429
95 16 25 5 551 617
66 5 11 5 231 503
27 13 11 6 445 541
55 54 30 3 598 742
1 43 19 2 525 724
17 91 26 1 204 416
77 54 16 3 671 787
8 55 15 2 457 548
95 88 27 7 632 798
79 14 21 5 405 571
0 16 10 5 243 354
77 44 11 7 532 735
67 75 28 4 666 744
16 25 21 4 290 459
21 46 23 5 383 651
96 81 22 7 307 487
8 60 8 3 301 371
97 41 28 2 619 752
20 6 14 3 555 784
13 55 9 6 487 569
100 91 6 5 242 506
12 65 13 4 234 321
53 46 8 4 420 670
0 26 26 6 231 332
76 74 27 1 552 636
91 58 22 4 364 451
72 42 17 4 607 778
57 3 30 2 541 709
21 58 28 2 684 754
1 80 28 1 202 325
96 45 7 7 280 420
75 56 10 3 365 624
76 35 13 1 372 640
41 49 19 4 375 459
58 85 16 6 350 586
80 29 18 1 200 319
42 92 29 3 503 676
75 21 24 2 343 615
23 9 14 7 391 679
93 21 17 6 409 480
97 26 18 3 672 793
88 85 18 4 316 394
97 9 27 7 210 363
14 58 26 3 661 749
48 2 6 7 328 612
65 15 16 4 309 518
52 33 16 2 440 533
37 76 21 6 440 607
47 75 17 2 392 483
