1806
55 30 0 0 0 0
3 91 9 4 410 632
31 60 10 6 441 638
98 85 25 4 471 741
45 40 11 5 576 786
67 9 18 3 362 554
88 56 14 7 562 677
80 69 30 7 286 397
41 73 21 6 578 639
58 2 7 3 260 361
33 70 5 2 256 517
46 42 6 2 210 461
73 72 29 6 409 681
72 74 30 7 655 776
36 92 20 4 230 484
29 2 27 7 562 795
42 0 16 1 216 371
93 57 16 5 474 535
65 55 9 2 617 744
57 66 5 5 372 460
52 84 12 4 331 552
40 66 21 7 371 605
37 93 9 6 375 441
15 58 10 4 459 549
57 60 24 6 222 511
9 54 26 3 212 453
2 37 17 5 398 536
38 40 23 7 647 731
76 36 21 4 492 772
49 41 19 1 385 622
33 48 16 3 299 486
63 45 21 3 662 742
85 94 23 6 303 367
49 15 16 4 415 653
35 14 19 1 360 466
59 22 14 3 344 592
14 42 5 6 322 426
40 9 10 7 552 723
32 40 17 5 472 610
30 71 20 3 482 687
23 81 26 4 381 560
42 50 23 4 275 431
75 59 7 5 609 670
7 84 18 7 590 749
93 65 29 2 471 554
89 10 21 6 599 782
75 90 25 1 709 794
72 42 10 5 309 452
50 34 17 4 577 776
36 34 8 7 526 620
23 12 9 6 293 583
21 53 19 6 286 505
49 74 14 2 548 640
52 79 6 5 446 664
94 50 27 7 575 777
75 98 13 3 660 723
61 73 23 4 585 791
23 97 30 6 424 515
20 41 7 1 440 728
73 31 11 5 536 777
92 64 26 2 288 513
20 92 28 5 202 428
48 64 20 7 250 313
72 66 5 6 334 496
66 86 26 7 469 605
40 91 25 3 684 767
85 7 21 3 263 405
1 54 20 7 361 639
39 26 23 1 386 619
93 49 17 3 546 711
86 84 12 5 392 634
32 17 21 3 307 484
93 37 16 3 638 787
64 3 13 7 482 753
83 44 26 2 673 753
21 11 22 2 414 643
71 45 11 4 375 619
82 41 11 4 270 338
95 41 28 2 448 713
83 19 7 2 519 669
86 85 8 7 406 696
74 37 6 5 457 577
69 62 25 3 360 495
65 51 29 5 463 572
3 6 24 2 301 418
85 67 28 6 326 403
45 52 23 1 320 454
58 11 19 5 499 709
68 63 6 3 533 695
55 77 18 6 216 350
37 15 21 4 448 674
50 20 29 2 485 587
92 34 30 4 390 506
30 20 21 7 562 655
67 89 25 1 248 542
24 75 13 1 219 350
41 39 19 2 274 513
78 20 18 3 470 662
82 81 5 6 239 320
88 61 9 2 520 799
30 56 7 2 344 598
63 65 21 4 384 596
58 29 8 1 206 277
54 85 13 5 607 711
77 28 14 4 463 697
34 6 23 7 324 591
85 51 24 5 225 512
1 24 11 1 625 754
57 50 30 2 637 738
95 50 22 1 536 762
77 20 19 1 353 451
58 12 20 3 376 591
85 34 21 7 532 758
82 40 15 2 386 456
98 98 5 6 292 477
51 71 19 3 469 545
28 7 10 5 366 655
64 75 29 4 221 379
74 33 16 6 546 711
92 44 21 1 435 638
80 44 24 5 616 685
43 35 22 6 452 752
6 39 18 2 298 371
10 28 6 2 347 645
53 6 10 3 397 686
43 57 12 4 682 768
77 68 19 1 608 781
57 86 7 1 254 445
77 7 12 1 636 731
99 1 29 7 238 330
97 21 10 5 510 620
18 72 15 5 314 540
32 23 27 3 483 626
28 78 17 6 406 538
59 17 26 6 474 699
98 37 26 7 279 487
16 65 27 3 276 522
63 69 22 6 500 766
56 74 14 5 412 597
100 20 16 4 614 794
62 2 6 2 318 537
49 100 30 3 371 485
71 60 22 3 235 349
80 58 8 1 317 384
81 57 17 4 354 610
2 17 12 4 265 372
25 86 20 6 314 376
14 28 13 7 400 654
5 48 25 5 260 443
48 29 25 4 460 681
55 61 26 7 549 725
60 81 7 5 617 689
100 54 16 3 579 797
1 91 27 1 301 394
73 9 30 3 386 607
28 32 17 5 594 719
1 25 15 1 303 544
81 84 27 5 510 674
41 33 6 4 439 578
47 73 23 6 255 546
34 19 25 7 413 690
25 6 13 3 532 703
59 15 19 6 414 612
83 18 11 2 435 711
91 34 6 3 329 546
1 26 13 6 508 729
58 88 16 3 539 619
51 22 11 2 526 653
59 1 13 5 418 635
81 28 20 5 720 797
14 19 5 1 528 626
96 5 16 2 297 421
1 81 11 7 368 641
86 2 22 4 522 680
87 22 11 2 582 781
50 61 22 4 710 772
15 97 12 3 291 498
58 21 28 2 543 693
36 70 22 4 451 625
76 75 10 1 299 447
85 54 17 2 299 448
9 80 17 4 231 514
71 93 8 5 319 590
81 49 5 2 640 783
33 39 10 3 563 767
85 0 24 6 519 694
29 67 30 3 321 450
4 47 19 3 589 788
89 84 11 5 280 506
13 22 14 6 305 565
2 61 18 3 633 716
98 70 7 1 274 363
88 78 28 1 557 651
99 34 8 1 459 563
92 89 15 3 397 645
27 82 27 6 509 672
36 19 21 5 499 578
8 33 23 5 528 597
1 94 27 4 234 501
75 82 29 5 494 751
6 19 27 5 399 576
49 53 20 7 409 610
79 51 25 1 396 639
55 59 12 6 391 497
82 32 16 2 615 750
50 65 13 6 251 395
54 43 28 5 434 703
46 26 7 2 228 377
16 6 11 4 538 780
71 54 11 2 504 575
61 21 23 6 307 517
70 74 23 1 452 562
64 55 25 4 210 485
1 0 22 2 411 502
49 80 14 4 433 621
17 28 5 3 637 706
4 34 25 5 453 703
97 48 12 4 656 753
19 30 12 6 256 517
91 60 18 3 672 760
37 9 25 4 311 411
90 83 6 7 289 528
12 20 23 5 230 455
82 37 20 2 266 520
66 76 26 1 472 756
40 7 27 7 300 452
97 64 21 3 271 508
23 90 5 1 421 582
4 37 7 2 633 767
63 67 29 3 637 798
68 82 5 1 337 616
11 6 29 5 566 627
67 30 26 7 380 446
11 5 9 6 214 443
84 61 25 4 472 570
0 21 18 2 446 576
22 57 18 7 493 790
62 44 5 2 277 395
62 92 5 6 453 548
55 48 7 3 273 446
30 44 13 7 573 780
79 61 6 5 358 586
17 16 23 4 304 543
21 9 26 7 635 722
87 44 11 5 624 779
92 24 26 7 207 459
93 96 14 6 340 579
60 20 22 3 400 551
98 38 26 5 299 520
36 76 19 1 493 693
47 14 19 4 354 448
72 15 14 1 482 547
67 87 14 6 463 722
58 66 22 1 508 793
15 41 21 2 219 401
45 82 13 5 634 708
37 52 23 6 678 800
82 53 15 7 610 671
61 83 19 5 232 292
30 72 21 7 422 564
16 98 24 4 263 362
43 19 5 5 352 509
82 15 5 4 206 363
61 91 23 6 276 404
98 62 15 3 250 521
54 54 24 7 376 660
33 25 18 4 527 645
60 19 13 5 425 630
73 8 18 4 262 379
64 51 22 2 340 638
36 94 21 3 502 777
95 48 5 4 319 583
5 13 28 3 337 465
65 79 28 7 375 582
98 4 30 3 469 628
22 87 8 5 409 518
98 75 12 1 326 595
67 52 11 3 542 700
75 33 23 7 229 349
79 54 29 6 352 596
26 86 7 2 248 448
10 37 14 6 587 689
66 99 22 7 510 610
29 95 21 2 283 372
36 24 22 2 350 577
95 38 17 4 352 593
70 20 27 2 275 383
31 81 17 4 413 523
62 64 30 3 420 670
61 85 27 2 382 570
95 65 15 4 302 557
3 3 29 5 485 772
16 92 21 1 664 785
28 17 26 4 547 724
44 59 10 6 542 736
30 33 7 1 422 592
3 69 10 7 209 436
14 6 6 4 356 507
60 84 7 1 215 483
43 46 19 1 359 623
43 56 15 4 675 772
71 3 22 2 308 428
99 65 18 4 698 761
12 67 28 6 546 733
8 13 10 5 236 500
91 22 29 2 307 479
89 22 24 5 438 670
77 59 16 5 611 685
17 17 15 7 371 560
59 29 14 3 289 366
25 58 8 6 404 608
14 66 19 5 624 780
99 69 16 3 595 785
78 81 23 1 478 754
88 30 24 5 230 480
69 31 21 2 300 533
89 9 26 3 376 590
67 32 19 5 499 654
100 0 28 7 332 545
54 67 14 7 571 747
60 99 30 1 335 625
3 18 30 3 242 469
48 76 22 3 263 379
27 19 20 7 402 564
10 7 24 5 672 736
5 24 16 3 341 506
93 92 6 6 345 631
68 25 17 1 443 600
96 83 28 2 532 741
98 94 27 6 328 517
40 60 15 2 320 458
35 100 25 2 370 565
48 21 23 4 460 717
34 20 18 5 606 673
54 68 23 1 292 387
98 91 23 4 214 402
68 36 10 7 205 306
4 23 29 4 304 481
91 9 28 5 258 345
9 20 25 5 238 459
52 20 10 4 468 589
25 19 16 1 516 758
72 79 13 1 582 714
80 83 29 3 507 748
71 23 14 6 523 763
20 77 6 3 359 561
95 91 22 2 311 450
9 98 25 6 415 601
56 5 28 5 358 474
28 56 10 3 289 356
41 88 24 6 519 695
5 87 20 5 624 750
17 94 27 5 255 319
96 91 18 7 333 494
4 81 25 2 380 463
83 48 15 6 451 608
85 10 6 5 514 731
21 52 23 1 444 545
13 60 15 7 582 750
14 73 6 4 464 662
71 79 5 2 285 482
27 79 24 5 281 535
65 76 29 2 519 743
92 87 28 3 294 480
56 76 8 6 316 404
62 6 16 2 433 618
15 30 29 2 670 775
82 94 18 6 279 569
8 41 15 2 570 742
81 86 20 4 312 524
35 2 15 1 344 640
10 58 20 5 422 674
37 58 28 3 253 462
18 23 5 3 467 710
65 56 16 3 315 431
20 84 12 6 235 307
59 39 21 5 451 648
24 89 7 7 471 676
85 23 22 7 419 641
86 36 15 5 578 702
15 23 22 2 418 718
17 86 20 3 383 474
87 2 12 3 247 328
18 44 14 3 318 496
46 58 23 5 276 453
50 4 7 4 439 656
36 40 6 7 291 442
57 91 12 2 338 429
45 49 6 2 493 565
58 63 23 6 327 480
35 51 17 5 330 564
9 36 7 7 478 648
14 27 22 3 403 465
48 99 22 4 453 566
94 31 28 3 435 555
81 55 9 7 286 473
52 68 20 4 380 548
97 33 20 6 441 659
13 76 13 4 308 536
60 9 14 3 275 474
46 38 15 1 543 743
24 19 21 3 490 788
70 35 11 5 299 462
82 9 18 6 529 760
28 8 23 6 460 698
2 13 24 4 613 790
30 93 9 1 605 676
21 10 25 7 222 304
42 2 9 5 353 642
16 80 24 2 469 612
69 3 11 6 597 747
1 98 13 2 335 486
55 9 22 3 614 696
60 100 12 7 469 692
6 66 16 3 414 610
70 87 7 1 302 442
2 70 13 7 315 382
26 87 21 7 477 598
81 8 27 7 478 654
53 28 7 4 429 599
66 79 21 5 388 458
68 77 25 6 410 487
32 15 23 5 460 697
14 35 8 5 292 550
91 62 10 1 358 628
86 26 5 1 705 783
63 55 24 4 241 409
79 12 15 4 391 519
61 75 25 5 327 408
59 21 16 5 415 709
54 45 10 6 275 450
27 65 9 7 366 450
66 95 27 1 674 772
60 29 24 2 400 543
31 20 18 2 239 513
23 10 25 5 449 672
45 12 22 2 429 708
84 50 23 2 584 668
41 72 23 5 234 342
95 96 7 4 334 426
41 0 23 1 266 540
43 79 12 5 352 611
68 64 16 3 300 427
77 37 21 6 547 746
77 89 29 7 293 372
10 81 8 2 320 500
74 88 27 3 413 627
10 16 19 1 353 500
71 46 29 2 655 778
6 94 25 2 559 729
32 67 17 1 384 562
19 26 19 2 595 722
97 76 18 2 364 479
70 80 7 4 250 396
78 63 22 1 613 692
87 83 30 4 297 456
69 90 15 4 205 295
50 21 11 5 563 651
88 90 13 1 638 761
29 43 13 7 475 585
61 69 26 3 488 600
93 81 23 3 216 315
35 56 9 6 554 713
87 96 12 5 384 622
22 27 8 7 627 755
53 20 17 4 261 332
69 1 15 5 282 346
55 93 7 1 336 501
79 39 18 7 282 434
69 50 30 2 411 622
2 71 9 6 608 680
30 51 10 6 230 490
1 45 21 2 252 530
49 92 10 7 590 731
69 12 30 3 603 692
29 13 8 4 201 388
58 84 30 2 444 738
66 73 25 7 517 698
16 100 5 1 352 573
32 39 13 3 530 717
47 23 6 5 304 547
73 50 9 1 236 504
42 59 26 1 517 653
71 63 12 2 509 700
39 55 15 5 256 408
77 26 12 7 294 368
90 35 9 5 550 696
53 19 24 1 578 663
50 6 25 6 484 603
76 18 14 4 494 727
10 70 11 6 328 489
49 76 9 2 344 544
20 38 8 4 607 773
87 63 20 1 383 617
20 99 24 6 484 616
86 45 22 6 273 445
37 75 21 6 551 707
74 4 6 5 379 613
38 62 26 5 422 563
82 89 24 2 482 549
0 26 10 3 655 722
66 80 22 7 377 619
92 100 19 6 490 700
55 64 21 2 320 505
48 7 12 1 291 477
66 93 17 7 241 410
4 85 25 4 562 702
34 10 10 4 250 460
96 53 28 4 574 706
82 24 12 6 244 427
79 23 14 5 537 778
54 7 16 6 456 634
5 7 25 1 311 561
44 81 14 1 262 512
69 80 28 5 418 676
52 39 21 1 410 475
39 37 30 2 359 491
86 76 13 5 534 682
83 55 5 5 418 578
73 7 24 4 286 527
36 77 19 6 233 427
53 27 26 2 231 505
47 41 6 5 264 414
69 94 14 1 645 705
0 60 22 2 423 621
10 43 20 6 376 597
15 10 22 5 520 709
97 100 9 1 455 714
80 55 27 3 348 544
30 86 20 6 459 742
36 69 23 1 260 551
39 31 24 4 705 793
58 65 18 3 235 323
80 12 15 3 404 590
5 23 25 3 537 739
18 35 29 2 567 708
62 53 29 3 332 561
18 93 10 4 331 531
42 1 23 3 548 799
18 29 19 4 485 611
63 86 12 1 687 786
97 87 13 5 332 546
37 31 24 2 605 775
100 70 13 7 227 337
92 47 25 3 698 773
10 93 23 5 590 723
45 24 10 1 409 620
92 12 7 6 439 626
98 84 28 7 463 546
75 16 23 1 333 469
85 73 8 5 344 565
76 95 7 3 200 489
66 67 10 7 366 545
33 72 12 4 220 437
30 17 13 1 230 468
85 74 30 7 254 380
65 49 19 3 457 625
64 92 12 5 464 534
12 72 17 6 283 492
11 79 8 1 453 750
38 78 22 6 283 411
91 16 16 7 287 436
96 68 10 5 478 558
66 46 25 1 620 774
80 61 28 3 295 591
48 50 29 6 504 580
26 73 21 6 277 397
40 31 28 3 277 517
73 97 20 6 424 494
98 80 26 4 498 721
65 90 16 6 611 773
84 80 5 4 442 655
90 98 13 5 360 482
50 85 23 1 392 640
20 4 11 7 628 775
61 94 17 6 394 464
58 39 14 4 428 533
93 24 25 7 494 566
85 89 12 2 493 681
53 89 10 5 579 711
51 63 5 7 475 577
68 39 23 2 209 348
92 7 11 5 260 410
24 10 18 7 508 669
97 22 15 5 350 622
13 33 17 2 479 592
84 52 29 6 513 779
10 6 15 7 389 475
30 59 10 5 216 416
41 68 15 1 422 527
91 49 14 4 201 324
41 6 24 4 524 672
40 54 5 3 671 735
48 77 8 5 505 792
22 68 30 4 438 561
24 28 29 3 562 780
17 47 22 1 489 781
62 49 13 4 444 650
68 98 18 6 653 757
10 21 6 3 559 684
3 98 30 7 646 745
6 71 19 5 258 363
42 24 16 7 333 462
79 4 12 7 386 508
89 40 11 7 672 736
45 23 30 5 226 388
79 47 20 5 430 623
42 63 8 1 274 570
88 57 18 1 373 538
80 76 25 3 205 492
14 86 25 7 397 558
12 9 23 1 600 740
34 8 16 3 313 400
1 57 21 5 577 675
49 42 12 1 490 632
32 19 22 4 495 561
44 24 5 2 499 652
66 83 19 7 281 402
24 31 22 6 255 509
39 58 24 2 596 727
25 90 11 6 362 468
76 46 25 1 718 778
71 42 25 2 311 406
39 43 21 1 229 488
56 46 23 4 527 661
0 2 13 1 467 652
26 29 19 2 341 615
45 80 17 2 459 678
19 93 21 5 540 694
73 70 19 6 365 450
9 11 17 5 507 638
10 13 15 4 370 541
68 35 6 1 380 659
46 64 5 4 462 675
48 51 20 7 282 373
82 4 25 2 224 330
28 73 23 1 480 579
76 37 29 4 307 482
86 97 7 1 335 608
47 55 19 3 312 484
13 55 30 5 328 471
37 18 10 2 610 730
41 47 17 3 311 559
51 10 20 5 242 349
62 42 24 5 369 430
9 17 20 4 294 559
27 1 6 2 568 714
72 78 10 4 610 724
7 59 10 5 476 594
15 35 11 6 287 405
92 0 13 2 229 339
73 1 6 1 551 740
39 97 26 6 480 613
72 57 28 7 235 296
47 81 6 5 551 677
31 75 21 3 490 613
98 72 10 6 448 686
93 15 5 4 576 683
93 27 26 3 243 509
90 10 27 6 249 455
60 54 7 6 674 740
90 29 30 5 468 651
73 74 8 2 637 706
40 13 8 1 336 502
35 15 10 3 519 589
43 3 9 6 510 615
69 57 18 4 519 620
71 20 22 5 373 506
55 50 16 5 540 686
87 56 24 7 538 793
63 39 28 2 455 654
96 93 24 3 350 502
30 77 25 1 659 719
59 97 16 3 270 489
44 49 17 4 536 731
92 54 23 3 544 658
19 91 25 5 415 605
9 16 16 6 401 563
86 33 6 5 459 649
95 75 14 2 423 648
48 15 30 4 396 516
73 90 17 2 468 751
39 75 8 7 431 719
95 10 7 7 507 622
15 38 14 6 290 383
49 24 18 7 320 510
33 82 18 4 546 718
20 76 8 6 390 644
80 87 7 1 308 439
10 67 30 6 657 730
91 55 13 1 553 791
51 70 21 3 238 307
7 53 18 2 257 334
41 8 19 2 549 795
45 57 27 7 461 638
57 81 16 2 420 554
88 54 21 5 400 623
65 31 22 2 408 666
11 67 29 2 584 715
73 42 17 4 408 561
28 61 5 6 489 675
50 3 24 7 607 707
43 97 11 1 449 734
2 65 22 4 438 566
57 36 12 4 495 749
61 4 16 3 573 761
21 46 26 3 532 653
0 25 28 1 662 755
75 87 7 5 318 597
18 60 15 5 231 340
10 74 24 5 276 396
73 69 5 4 352 644
82 95 22 5 267 429
40 85 30 1 224 503
17 34 29 4 293 529
43 43 8 1 203 376
26 17 5 2 287 380
81 0 29 7 269 439
59 64 26 6 392 477
94 59 16 5 632 699
69 39 11 1 272 545
48 46 13 6 496 610
0 92 17 1 341 565
91 17 27 6 269 498
61 51 9 7 424 648
64 37 8 4 471 567
74 21 9 2 353 574
41 74 19 5 306 528
67 56 24 6 314 562
23 42 8 7 220 291
52 46 11 2 543 643
63 47 25 1 263 363
16 22 21 3 441 635
53 10 26 6 574 686
22 17 14 3 387 457
92 31 22 7 251 367
33 84 25 2 460 689
96 18 25 5 481 574
70 68 11 1 549 628
4 89 8 7 276 549
79 3 15 1 381 545
86 78 19 1 326 541
38 81 5 5 467 733
18 42 13 1 495 661
98 65 13 7 516 610
8 78 19 3 463 763
21 2 5 1 229 402
19 0 6 3 373 467
53 25 16 4 228 403
23 78 19 7 641 752
79 11 22 1 430 549
67 35 18 7 211 344
39 40 17 6 221 369
43 4 20 1 470 720
80 47 15 3 299 420
15 87 17 4 370 531
2 86 17 1 228 528
100 79 30 1 403 524
74 81 6 3 293 388
91 76 19 3 345 555
5 27 20 1 479 779
15 62 26 2 581 729
84 94 21 4 346 602
89 99 14 7 402 545
76 17 14 7 523 682
62 72 25 7 626 762
18 65 23 5 490 677
95 46 25 6 540 678
85 16 16 1 349 631
32 59 11 5 474 760
33 34 26 6 258 513
43 88 16 1 603 795
89 37 16 6 254 455
31 80 26 4 354 615
79 67 19 5 245 322
89 86 18 3 349 421
85 25 26 3 454 612
28 46 23 1 224 500
69 99 17 6 469 637
31 58 14 4 616 763
97 96 6 7 495 737
74 50 23 1 370 588
73 49 29 4 558 709
13 75 12 6 702 792
48 70 7 6 600 739
94 81 30 4 561 700
61 26 13 4 378 554
86 50 18 4 200 290
23 18 13 6 700 793
6 32 20 1 250 487
47 31 19 3 448 532
26 51 30 3 501 675
59 41 16 6 220 481
25 85 12 5 404 583
27 53 5 7 243 454
42 64 25 3 245 350
32 73 12 2 629 729
78 80 24 2 468 716
43 20 14 4 537 703
85 99 25 1 487 770
52 34 10 6 633 775
97 57 26 3 280 485
66 32 8 6 370 433
29 9 18 1 344 583
99 57 24 1 418 586
59 37 20 7 388 686
60 87 26 6 241 434
99 88 9 5 469 618
33 32 8 5 217 517
21 47 17 4 345 585
67 48 30 7 321 474
46 69 26 5 520 770
31 51 6 2 456 740
91 46 5 4 690 770
32 88 27 3 561 707
53 62 17 2 232 470
93 60 25 5 496 572
10 76 18 4 439 568
71 86 26 4 225 379
25 64 15 4 436 497
93 26 8 3 431 677
74 61 8 6 337 414
24 37 17 1 345 531
73 77 27 7 457 607
13 77 30 2 201 296
85 91 23 7 404 545
1 80 16 7 552 619
62 84 14 4 218 302
52 45 6 4 436 667
53 24 15 1 441 559
96 35 29 1 412 613
11 8 19 1 580 705
53 92 19 7 466 549
88 19 22 4 378 525
33 35 29 6 602 671
19 76 27 2 393 574
58 16 22 6 209 463
78 57 15 7 346 513
21 83 14 3 605 797
20 58 25 1 599 743
89 42 16 2 263 510
6 55 6 1 435 618
70 82 13 6 570 694
23 32 11 4 270 508
87 65 20 5 289 515
4 41 17 3 389 532
67 46 10 1 278 457
5 96 7 3 488 736
24 21 6 2 564 738
79 89 6 1 220 481
72 100 25 4 456 741
55 63 11 2 267 374
83 12 10 3 596 731
58 91 17 2 322 532
77 44 16 4 624 722
97 83 21 5 281 359
53 78 19 4 588 742
15 26 20 3 491 755
5 65 16 1 444 704
76 61 12 2 384 469
44 93 5 7 551 776
0 14 26 7 481 587
51 26 22 4 382 606
17 19 28 5 211 271
45 10 9 6 263 441
83 65 29 6 634 769
22 80 19 7 299 537
11 77 15 7 460 741
10 5 17 2 425 664
55 81 27 6 435 693
28 45 30 2 260 395
11 10 12 7 202 457
25 87 11 3 465 535
95 0 27 5 404 653
71 11 27 7 454 635
15 12 9 5 527 666
31 92 8 5 514 785
6 42 11 1 367 460
94 79 26 3 294 552
13 1 15 7 487 689
19 43 22 1 367 588
88 0 24 2 437 626
14 72 17 6 637 716
92 33 12 7 230 346
81 77 19 4 265 519
43 27 12 4 252 471
36 32 14 1 346 515
10 1 6 7 329 567
31 82 7 4 351 504
50 1 15 5 453 579
45 76 8 3 256 455
18 39 7 1 426 672
26 81 7 7 429 726
39 78 5 2 377 606
58 33 22 6 498 622
20 34 22 5 517 691
98 89 12 5 218 400
45 98 8 6 457 547
37 98 27 2 249 378
52 9 30 1 422 541
43 25 10 2 253 538
62 60 25 1 338 500
60 53 16 3 387 448
45 65 9 3 262 326
80 8 11 5 300 395
59 5 11 7 518 657
13 0 27 5 576 644
67 96 25 5 304 555
48 19 22 5 381 548
84 18 22 1 579 748
8 26 11 4 274 388
10 60 27 1 276 536
45 1 10 1 202 369
1 7 22 4 439 573
89 73 23 6 647 735
39 28 8 4 304 432
44 86 15 2 274 536
79 26 25 6 398 684
24 32 17 4 536 672
3 54 26 1 617 709
18 83 27 2 468 544
45 7 9 6 210 507
8 36 17 6 577 679
93 87 9 4 553 732
18 99 24 7 359 436
84 73 9 6 613 729
1 87 25 3 447 698
20 6 18 4 453 574
86 37 10 4 444 694
42 80 14 1 506 794
21 30 28 7 539 681
72 58 15 1 573 726
34 95 21 6 514 753
19 10 28 2 262 403
9 75 7 3 605 665
65 47 19 2 401 696
84 59 5 6 208 417
16 58 27 1 251 534
30 52 15 3 322 542
28 71 13 7 372 533
63 10 9 6 450 733
28 24 30 2 263 530
82 91 28 7 251 542
6 52 11 5 368 582
63 74 26 6 292 480
83 74 21 4 508 791
88 33 25 5 314 455
93 16 6 5 543 632
0 36 13 4 277 390
69 97 5 3 503 646
71 21 15 4 577 756
73 14 18 6 366 452
55 87 13 3 512 595
5 32 23 5 233 441
58 25 18 3 285 403
88 60 25 1 402 672
83 33 17 4 657 762
24 14 7 4 360 491
90 38 18 7 486 593
68 45 14 3 416 593
70 76 26 3 506 750
57 71 10 7 373 512
76 93 9 1 274 508
42 51 28 3 534 701
57 90 12 7 589 775
93 33 5 1 713 784
73 78 23 5 372 577
96 38 9 1 519 756
68 34 6 5 558 769
86 0 14 1 538 702
9 89 28 1 359 431
12 99 22 6 407 670
15 75 6 6 483 686
62 59 6 7 451 639
97 58 10 1 248 349
12 30 20 3 244 459
35 68 27 7 330 601
62 75 29 5 389 470
57 11 8 3 397 537
93 20 17 2 391 621
54 29 7 5 214 332
86 57 5 7 586 758
33 83 23 6 364 480
5 98 16 7 558 775
89 51 17 5 212 393
22 93 22 3 236 498
18 38 28 3 436 657
74 83 15 7 498 608
72 19 27 1 305 560
67 57 8 1 629 789
24 79 13 4 298 389
49 98 27 1 593 748
95 81 6 7 225 399
75 71 8 6 304 366
50 40 7 4 422 512
17 65 11 7 283 528
10 44 10 1 450 583
6 7 15 1 200 450
30 75 24 5 321 528
86 73 5 4 468 562
97 25 28 2 218 313
15 39 9 3 541 621
63 88 11 2 623 746
31 41 12 5 549 641
4 28 19 2 644 736
45 92 26 3 538 670
11 96 10 6 502 724
76 6 22 5 297 586
53 82 15 1 518 794
89 20 6 7 522 583
77 18 15 6 609 688
80 96 30 4 485 652
79 46 8 1 381 562
52 83 27 7 253 351
5 64 18 6 263 478
54 87 27 3 313 438
13 78 27 7 237 485
26 78 25 5 392 476
2 24 7 7 550 673
14 67 22 7 267 564
48 9 18 6 540 651
37 0 11 5 383 625
18 70 30 1 455 579
72 14 14 2 202 393
43 47 26 5 328 584
93 97 25 7 511 578
34 76 13 7 486 562
35 72 15 6 223 389
97 89 6 6 249 401
59 84 28 1 562 693
90 21 10 7 287 531
0 53 27 3 605 687
87 19 8 6 500 769
23 6 28 2 300 527
64 74 26 4 385 511
82 49 18 3 588 766
55 57 9 3 248 320
5 45 6 5 400 665
75 57 29 7 450 579
84 1 13 4 304 382
47 79 24 7 397 690
93 30 10 4 285 366
8 75 30 3 408 632
2 15 23 5 486 633
23 84 5 1 391 486
54 4 14 5 486 600
72 68 6 7 200 284
16 68 30 6 596 699
26 75 30 5 517 738
25 61 8 6 524 716
19 6 20 2 435 569
72 81 12 6 360 644
58 6 8 4 458 742
58 85 27 5 689 792
1 3 25 3 473 696
31 93 18 6 553 733
58 47 27 5 667 741
40 53 16 3 549 662
2 48 11 7 442 693
7 36 17 7 412 635
58 67 23 7 681 759
2 40 8 1 268 444
1 76 17 1 260 478
71 6 8 2 432 518
90 94 16 3 323 599
7 61 15 5 416 590
96 6 8 6 481 747
18 51 30 6 283 424
21 49 10 4 519 671
47 67 18 3 294 551
92 58 18 2 442 624
5 56 10 1 251 382
28 26 22 1 416 501
18 18 7 5 300 370
98 100 10 4 298 461
55 88 20 2 275 520
46 88 17 6 543 779
40 51 17 6 271 462
51 60 29 2 331 604
17 48 26 6 614 714
23 75 18 7 645 749
23 1 19 4 346 576
64 28 27 7 319 486
83 23 25 4 251 395
18 25 5 7 426 621
90 63 21 1 564 788
79 37 24 7 209 469
38 58 27 6 493 667
12 39 29 4 259 399
8 61 24 7 515 631
46 98 5 3 401 546
50 72 10 5 540 779
4 70 7 5 452 749
14 85 21 2 481 603
74 46 14 1 592 773
90 34 19 7 592 684
79 49 9 7 516 588
9 94 26 4 506 655
15 73 28 5 608 780
86 60 26 6 286 456
46 5 16 1 574 717
96 99 19 4 379 584
62 57 28 7 409 620
14 88 13 4 376 648
31 66 12 7 259 556
99 22 10 3 231 422
71 47 7 7 550 739
81 9 21 3 293 394
42 70 21 1 648 765
43 31 15 3 489 750
4 45 20 3 326 501
97 18 8 3 321 547
68 11 29 1 333 463
4 16 16 4 567 701
81 36 25 3 216 352
18 0 25 7 532 651
35 76 17 3 636 768
49 75 10 6 274 346
57 20 5 5 323 484
5 67 17 5 614 777
23 54 26 3 322 457
57 82 16 4 612 687
54 93 6 1 478 636
29 27 7 3 599 724
63 100 9 4 504 677
13 58 28 4 606 680
84 81 8 2 380 630
67 50 11 3 443 687
39 79 14 5 352 466
29 19 16 5 252 313
42 53 8 4 384 628
73 93 15 2 421 588
41 65 25 2 203 384
42 41 11 1 393 565
16 66 14 7 454 538
70 65 27 1 456 604
25 48 8 2 325 415
46 12 17 5 237 366
81 43 25 1 315 492
20 55 16 3 299 504
95 9 17 3 217 307
31 47 6 2 235 390
62 25 14 3 421 672
57 29 27 1 528 617
54 86 9 4 401 613
28 1 9 6 575 688
62 22 6 5 246 484
36 72 13 1 298 457
67 2 5 6 366 607
35 54 7 2 453 680
94 67 20 2 452 516
4 76 26 4 226 502
8 22 24 7 383 466
81 94 8 3 467 629
44 34 20 6 348 581
67 73 20 3 396 552
66 43 7 4 205 396
34 33 5 3 235 421
15 43 30 3 272 401
66 21 13 7 462 605
14 99 25 6 415 612
65 42 16 3 444 574
88 66 27 4 350 452
10 2 9 5 377 611
91 15 26 7 623 693
27 75 25 6 392 629
37 30 28 6 264 552
36 12 24 6 443 572
81 65 8 4 216 374
13 66 28 6 662 788
93 78 12 5 476 738
30 57 14 2 368 429
44 8 8 5 310 517
61 68 26 5 392 560
81 12 18 6 315 574
81 83 10 1 410 616
48 16 30 6 592 755
49 32 22 3 215 368
90 99 6 7 441 526
40 58 22 2 494 758
34 64 22 1 300 366
65 37 13 7 267 345
30 22 24 1 567 792
32 61 7 3 241 395
86 31 17 3 681 798
21 38 10 3 361 443
65 41 28 2 432 661
16 23 16 5 532 743
18 92 25 6 258 441
16 52 15 7 513 766
39 70 28 3 521 662
58 80 26 7 319 608
29 47 21 1 480 678
65 11 20 4 329 626
71 32 30 3 455 751
29 65 25 6 429 600
64 10 28 5 398 495
37 28 6 1 609 733
56 97 27 6 648 751
58 55 29 7 208 379
90 52 18 6 536 614
10 53 23 5 267 434
25 53 24 2 490 583
42 87 28 1 247 471
13 50 10 5 246 426
75 25 28 2 335 470
25 82 20 2 603 779
51 30 29 3 370 650
51 88 27 5 590 667
71 1 12 2 577 767
30 62 16 1 561 781
1 73 10 6 623 764
38 20 16 1 589 733
61 98 22 1 284 533
2 36 13 6 214 486
79 7 21 3 328 447
58 82 20 4 361 616
20 67 7 7 266 359
15 55 26 6 458 662
92 49 24 1 342 538
49 36 27 7 337 404
9 35 28 4 462 595
78 17 22 5 685 795
73 62 14 4 527 764
29 20 21 1 210 507
16 71 23 7 466 637
10 82 7 6 274 414
34 58 13 4 433 726
65 74 14 6 326 486
59 19 12 5 573 694
85 96 23 5 345 480
86 55 24 1 325 444
94 1 20 3 679 744
75 4 20 1 250 430
61 29 5 5 407 682
93 75 25 6 728 790
52 67 17 1 352 597
53 60 13 5 617 764
42 34 25 1 335 451
70 61 20 7 341 512
5 88 5 1 397 521
26 74 30 1 248 317
95 16 19 7 225 358
93 59 11 4 501 635
13 94 17 5 467 643
38 12 5 7 324 536
24 82 11 2 552 674
51 37 6 2 499 593
82 16 18 1 427 609
72 82 22 2 508 579
40 27 26 1 525 656
82 30 25 5 397 601
77 93 12 6 465 609
20 10 29 7 501 713
87 33 5 3 316 587
98 53 21 6 300 533
43 61 29 6 215 366
96 0 17 3 508 598
90 9 22 2 315 514
42 54 7 2 334 612
80 30 30 6 615 742
55 28 15 1 401 597
54 6 27 3 291 573
94 24 5 4 418 616
34 35 19 5 486 577
79 72 18 4 479 703
61 33 16 6 549 744
90 56 5 7 455 636
77 45 10 1 277 489
59 57 16 4 658 739
63 71 29 1 371 534
10 78 28 3 294 552
18 76 24 7 527 592
12 61 16 5 433 588
94 57 17 6 381 640
49 85 5 5 462 645
66 9 12 1 605 789
80 62 21 3 547 680
23 20 11 7 460 584
65 64 11 5 560 674
17 20 26 2 458 670
67 11 9 2 318 381
1 53 21 3 344 638
40 32 23 1 286 534
18 85 23 2 503 779
0 39 22 5 291 418
33 37 7 6 439 620
6 6 23 2 282 424
40 16 7 2 523 707
76 79 19 7 626 759
15 70 6 6 507 739
4 83 21 7 273 437
36 90 14 3 672 773
87 69 9 5 644 745
59 52 13 3 450 597
46 10 27 5 543 736
55 76 20 3 628 794
22 83 25 2 457 685
59 6 29 3 453 736
79 78 23 6 595 723
88 43 6 6 258 553
55 42 24 5 515 614
42 56 23 2 202 287
21 74 9 6 408 701
27 46 21 1 372 623
45 77 17 2 478 612
91 84 9 2 221 419
57 49 12 5 417 655
28 76 17 2 615 707
14 56 21 5 320 531
36 97 13 1 216 301
25 29 16 3 701 785
87 5 7 1 271 515
40 42 30 6 201 283
31 1 25 3 263 467
42 6 23 5 538 765
52 93 17 2 320 427
71 77 23 3 531 718
39 4 21 1 292 413
84 36 29 3 217 288
43 26 16 6 520 721
78 25 17 7 299 489
5 49 9 7 339 401
33 53 24 3 223 449
50 30 24 3 463 611
86 30 21 7 343 601
11 73 20 3 385 614
18 28 10 2 534 708
70 7 24 1 354 524
98 30 9 2 500 693
19 65 25 3 338 427
37 8 8 5 510 783
91 54 10 6 322 573
83 52 19 6 541 631
60 25 29 4 413 480
7 97 26 1 205 462
45 96 26 5 263 370
73 21 9 1 283 498
45 56 16 4 429 566
62 68 12 5 299 430
51 53 24 7 410 493
94 39 26 7 346 644
36 2 21 6 354 421
4 25 6 6 210 343
43 99 20 2 372 603
28 3 9 7 552 729
65 99 5 4 641 720
50 89 7 5 465 744
99 44 11 3 395 622
47 0 17 2 397 470
8 1 12 7 466 624
46 24 10 6 612 677
96 96 5 3 315 452
13 56 27 1 303 503
29 54 13 4 484 609
8 16 8 7 487 686
14 40 27 2 693 795
56 35 29 4 376 509
22 97 19 2 599 779
48 33 19 6 275 360
53 85 13 5 394 657
38 71 24 4 366 589
38 19 28 4 379 483
84 54 11 5 529 655
24 17 15 3 507 740
52 59 18 2 201 480
8 66 27 4 542 749
100 90 8 7 414 651
21 91 24 2 530 640
6 79 26 6 515 797
66 2 28 7 577 658
30 18 29 2 283 487
63 48 14 4 274 566
13 31 24 4 561 668
75 75 23 4 531 749
18 75 13 2 392 638
54 51 5 6 474 645
2 67 25 7 232 476
68 33 25 7 213 371
60 5 25 3 465 565
2 66 30 2 495 696
92 71 28 1 216 421
0 43 7 1 434 579
96 47 11 1 323 485
35 12 18 4 394 510
81 44 11 5 568 727
55 34 13 5 373 482
11 71 28 6 717 796
13 72 10 7 456 722
9 21 26 3 328 415
22 86 18 5 343 623
42 99 7 4 672 753
46 66 12 2 598 698
56 83 22 1 568 708
50 7 15 7 502 685
23 91 8 5 393 656
69 60 11 7 661 783
10 27 18 6 659 799
84 15 9 1 449 614
39 5 14 7 438 511
84 40 19 3 461 659
30 4 13 5 435 671
64 72 9 6 583 780
88 49 13 6 532 616
32 27 14 2 621 686
49 90 10 7 214 398
45 71 11 3 359 587
62 47 25 5 404 551
48 43 11 1 242 542
92 65 6 6 401 692
64 17 26 6 572 638
24 100 22 2 304 487
17 2 14 1 377 547
26 95 13 3 354 598
93 47 19 1 409 563
54 88 5 6 430 526
69 15 21 4 608 724
26 50 12 2 520 794
52 3 14 4 402 475
72 44 23 4 356 416
91 12 29 4 582 657
33 19 21 6 373 623
89 48 10 6 566 695
37 99 21 5 220 288
56 45 23 7 346 407
38 18 13 4 585 671
5 17 7 4 428 509
31 11 25 3 538 766
85 71 10 1 380 593
69 18 11 3 310 435
32 9 29 1 329 575
60 88 26 6 208 435
70 79 27 1 468 736
4 40 21 2 655 787
80 68 17 2 549 660
10 17 9 2 697 786
79 64 9 1 212 347
17 91 13 4 447 622
95 20 10 5 256 394
7 10 13 7 652 787
44 90 7 3 659 733
52 75 5 6 302 400
26 21 10 3 417 501
13 26 24 4 248 445
2 75 19 7 446 558
56 63 17 3 377 548
40 68 26 2 497 649
24 12 9 5 326 591
0 40 26 7 646 751
59 20 19 4 693 771
19 86 21 1 505 778
17 35 9 3 402 543
32 4 15 6 647 713
36 48 15 6 584 705
81 30 6 6 489 726
32 95 30 6 288 501
97 20 12 1 238 398
39 8 14 3 425 530
90 95 18 6 360 446
1 5 24 5 608 725
72 76 6 5 426 714
8 89 26 5 232 315
70 28 11 3 323 575
84 65 30 2 242 398
92 36 11 6 594 786
14 93 7 7 634 748
34 38 10 6 212 278
99 24 30 4 538 637
80 7 18 2 595 668
88 12 9 1 522 736
65 92 24 4 441 647
6 40 22 2 600 790
50 55 13 1 245 488
56 30 25 1 334 583
3 90 7 7 579 733
2 62 7 5 433 615
11 40 13 1 597 680
29 99 6 1 308 492
8 32 13 6 345 449
43 84 11 6 215 384
0 5 30 4 393 693
96 63 23 5 363 516
12 19 12 7 583 768
71 55 11 7 490 585
55 15 9 6 204 442
10 51 12 5 511 671
49 23 10 3 507 741
16 42 15 6 244 319
65 59 30 5 210 455
46 60 11 2 292 534
100 65 16 7 442 615
52 14 10 3 350 441
46 32 5 1 574 649
71 80 6 3 575 743
81 80 15 1 382 620
39 81 26 1 556 623
15 56 26 6 514 769
97 59 10 2 438 620
30 79 22 1 269 473
26 9 8 5 298 405
62 45 25 2 616 784
91 66 10 3 470 644
45 85 24 1 625 741
10 46 17 7 309 465
32 55 16 3 462 579
98 52 7 1 311 433
76 99 27 6 321 567
46 30 11 3 365 452
39 88 15 3 562 735
21 63 16 7 599 677
89 96 24 2 252 389
52 97 24 5 606 688
74 77 6 5 434 683
57 31 18 7 284 360
68 89 20 7 522 600
24 4 14 4 585 720
68 16 20 2 325 555
19 9 29 6 498 723
48 11 17 6 406 638
92 69 22 6 468 708
59 35 30 1 257 474
19 46 16 6 505 770
51 69 14 5 245 467
92 56 19 7 517 768
68 31 15 1 481 561
98 11 5 2 297 597
72 13 15 7 378 586
94 73 22 4 265 340
63 91 14 5 323 476
15 21 26 1 310 596
6 54 20 3 284 413
97 98 24 3 301 476
51 51 24 1 211 470
37 68 20 6 417 603
57 28 13 3 214 316
36 23 22 7 402 635
68 17 16 5 280 436
30 94 7 2 236 518
45 99 18 3 348 496
29 26 11 3 542 791
69 85 10 6 490 686
67 53 11 5 438 660
74 74 15 1 288 455
98 50 11 5 475 751
5 42 5 6 224 454
20 80 24 7 524 781
27 84 28 6 643 796
33 8 29 4 426 551
1 77 11 4 505 790
68 66 22 3 587 720
11 21 30 6 379 464
89 5 22 3 537 610
33 49 28 1 487 629
0 9 10 1 246 483
35 27 27 1 434 649
80 70 17 6 666 764
74 19 11 3 240 480
1 1 27 1 572 704
77 78 16 4 593 692
20 100 25 6 436 586
15 24 21 5 606 793
54 24 17 5 326 569
9 38 29 1 239 414
73 33 10 1 607 693
1 63 27 4 408 655
86 64 30 3 439 505
90 66 21 7 704 781
20 26 16 5 267 354
91 67 12 2 542 628
71 10 30 6 619 705
90 79 26 5 233 430
58 31 16 7 304 439
82 27 30 2 421 553
17 37 28 3 458 629
25 72 18 6 397 504
51 98 25 4 472 586
6 21 23 2 312 503
39 25 6 4 404 471
64 23 9 6 534 669
36 56 8 7 302 537
83 95 20 2 469 557
96 97 15 6 211 394
11 46 5 4 268 377
44 27 18 1 430 695
91 8 5 4 459 577
43 28 18 3 219 285
92 22 5 7 224 518
59 66 16 1 697 766
55 12 28 4 312 499
87 94 20 3 563 757
47 82 16 1 376 534
39 14 11 1 341 558
89 29 12 3 379 668
22 19 30 5 477 552
63 25 18 1 676 755
41 26 28 5 244 417
21 95 5 2 271 545
35 66 18 2 509 593
43 49 29 7 410 478
58 73 11 1 456 591
25 84 16 5 279 471
32 41 14 1 284 528
33 85 27 5 562 645
25 41 21 4 515 659
88 80 22 6 457 679
70 72 6 6 676 749
60 58 10 3 439 725
91 74 10 6 319 440
88 97 13 5 368 481
87 16 25 4 562 777
1 41 22 4 236 467
96 44 15 2 211 457
64 26 17 2 707 772
49 29 22 3 317 390
97 77 25 7 239 311
36 99 26 5 576 795
10 10 16 4 563 751
35 85 29 7 380 676
33 62 28 1 519 769
42 58 20 6 332 607
34 34 8 7 676 775
63 2 20 3 687 795
51 90 12 6 481 741
30 53 10 4 397 511
72 55 5 2 467 587
24 11 23 7 271 496
49 31 16 5 521 797
49 49 13 4 386 592
96 17 29 7 373 588
61 17 5 4 217 320
66 74 20 4 437 550
88 10 23 2 291 433
56 57 9 1 260 373
30 69 5 3 203 282
69 33 24 1 661 758
71 65 30 2 386 615
9 15 20 4 611 743
28 94 30 1 592 714
51 0 21 7 346 562
99 59 22 7 536 647
4 66 24 1 202 473
41 82 25 4 370 668
27 70 10 6 635 697
13 99 24 3 388 655
99 62 30 2 445 547
19 28 8 6 463 566
25 44 19 3 311 529
53 42 5 4 299 425
7 64 28 6 495 628
10 96 5 6 508 792
9 39 22 7 382 443
71 52 8 5 606 729
14 98 14 2 216 410
17 76 27 4 457 694
84 43 28 4 480 778
78 71 7 6 428 614
36 6 17 5 381 511
47 65 19 1 647 750
92 59 19 6 498 702
25 57 17 1 446 586
96 23 30 3 313 547
5 6 27 7 557 785
93 2 29 6 258 477
52 41 10 6 544 730
49 66 12 2 644 722
42 43 17 5 338 522
24 52 23 6 440 729
14 25 30 2 561 685
16 26 16 7 326 454
23 87 24 3 385 508
44 5 7 2 245 326
9 27 15 4 204 458
20 69 24 3 418 487
88 93 27 7 293 450
86 25 15 1 364 639
14 13 27 6 477 549
95 60 10 2 208 390
40 90 29 7 229 435
68 54 9 2 235 424
91 47 22 6 404 692
75 84 14 5 248 309
84 33 28 7 657 772
63 21 10 4 503 747
13 15 30 1 437 560
37 38 27 5 460 684
30 73 30 7 423 625
11 62 21 3 319 390
94 89 16 4 296 444
16 34 10 4 364 651
40 19 25 3 666 739
15 86 30 1 208 291
96 2 26 6 623 709
56 71 11 2 332 495
69 67 25 6 617 763
0 96 9 7 398 624
65 10 10 4 511 615
66 98 20 2 206 345
19 67 19 5 330 546
35 36 7 1 599 730
50 62 22 5 512 731
80 16 7 3 527 752
95 35 7 5 542 769
38 61 25 4 396 680
51 29 10 4 414 557
22 34 25 1 415 497
92 63 6 1 520 744
83 63 11 5 277 546
41 46 7 4 402 546
26 42 27 7 546 660
42 36 22 7 405 541
18 47 18 3 393 580
35 94 8 7 419 671
6 99 14 7 212 294
62 55 21 4 239 503
28 40 8 4 469 600
4 100 19 5 374 614
56 43 21 4 237 453
82 65 19 7 489 617
68 18 17 5 545 784
40 69 13 7 522 606
0 20 5 1 251 384
9 83 16 3 413 645
36 15 30 2 297 380
46 15 18 5 519 608
81 5 16 5 212 350
24 81 6 6 344 486
98 48 24 6 603 759
25 31 19 5 400 476
60 30 26 1 434 650
49 78 24 7 487 663
10 18 15 4 446 593
72 88 5 2 371 461
14 38 28 3 415 661
80 24 9 4 454 577
100 88 12 3 259 554
79 2 21 2 293 426
49 59 12 5 368 664
70 4 10 2 316 451
82 1 19 4 596 671
37 100 7 1 219 414
24 43 10 1 430 646
9 76 20 3 518 699
100 81 10 6 535 783
72 80 30 5 593 789
66 69 10 4 489 763
12 38 6 4 322 459
65 87 17 4 312 573
41 2 23 4 246 512
87 26 10 1 695 790
81 50 5 6 376 510
57 18 18 5 350 534
26 54 10 6 368 656
3 65 7 5 451 630
89 80 17 5 418 595
38 30 8 5 303 438
74 36 12 6 235 364
73 82 30 5 298 439
85 68 8 1 216 455
63 98 14 6 448 637
77 99 27 7 437 633
19 92 21 1 402 547
12 32 23 7 300 393
48 85 9 5 434 644
6 87 12 6 307 539
9 63 24 5 426 584
86 61 13 3 475 719
63 52 13 1 327 611
11 87 28 2 683 765
78 48 9 7 475 648
9 1 10 6 424 569
63 84 17 5 379 631
16 97 18 5 523 629
89 30 30 4 346 501
70 92 11 1 628 706
15 65 10 6 253 325
91 69 23 5 221 284
39 93 17 7 334 548
69 88 14 3 287 359
47 60 22 3 256 345
94 100 24 4 626 775
62 33 11 5 486 584
6 22 14 3 223 451
79 18 30 6 371 489
50 54 21 3 352 624
67 25 18 6 259 499
52 87 27 1 220 360
36 41 30 3 387 557
95 39 15 4 497 755
70 18 25 7 507 730
11 41 8 3 475 754
58 100 7 5 347 432
64 24 20 2 416 680
20 13 6 5 577 668
32 38 24 3 240 413
68 42 18 5 583 783
92 6 25 2 561 634
33 42 29 2 648 731
67 49 27 7 319 437
36 93 13 7 306 473
89 76 19 4 683 760
88 13 10 3 377 635
24 98 23 4 594 747
70 36 10 2 465 718
14 71 11 7 367 483
83 20 23 6 541 755
24 96 23 6 595 756
