1937
35 74 0 0 0 0
100 69 5 5 306 416
57 54 10 3 219 304
62 53 15 4 643 789
0 39 8 3 507 758
40 11 6 6 525 589
43 78 21 7 557 674
28 53 18 1 449 546
7 2 29 1 517 674
17 52 19 6 279 339
24 60 8 6 643 778
24 62 7 1 504 642
24 96 24 3 519 738
1 21 25 1 491 673
61 31 6 2 526 796
58 78 27 5 424 609
49 14 7 3 459 636
88 60 20 4 300 532
10 38 26 4 275 492
88 39 15 7 202 445
2 3 7 2 406 504
44 31 20 2 342 522
39 66 26 1 361 449
28 45 18 4 547 716
40 41 19 3 636 744
20 75 27 3 616 795
78 36 21 1 325 616
52 77 12 3 318 507
6 79 26 1 702 765
37 75 7 7 328 402
15 64 21 3 659 748
24 1 7 3 354 428
87 66 23 6 323 580
26 61 13 7 290 582
72 21 14 1 391 655
11 49 28 2 590 733
28 30 10 6 277 416
37 90 16 6 226 410
87 25 16 2 600 749
39 23 10 5 313 404
11 62 19 5 682 781
83 13 27 2 351 452
45 44 19 2 408 622
24 22 17 5 242 394
80 84 26 2 295 442
81 65 21 5 215 320
97 94 23 2 335 627
45 78 8 1 407 678
54 27 15 7 681 795
54 38 20 4 247 309
17 15 16 5 439 608
54 76 13 7 487 561
90 81 25 7 217 340
6 94 15 2 224 334
76 95 6 4 458 541
11 3 24 6 315 468
71 69 16 6 387 562
86 94 10 6 411 479
18 83 21 4 457 574
12 39 10 5 415 652
1 59 21 3 300 468
54 68 20 6 302 584
90 98 6 2 319 404
67 30 16 1 490 594
46 98 22 6 591 686
32 85 21 3 298 446
20 46 30 2 303 541
71 39 22 4 533 650
46 46 26 3 373 445
60 74 6 2 557 688
4 26 20 4 240 339
83 57 24 6 516 705
89 94 19 4 506 696
93 69 11 6 448 618
27 55 29 2 643 791
66 56 8 7 290 422
40 85 22 5 492 596
45 95 11 7 284 549
69 38 13 7 460 636
73 24 5 4 411 489
0 53 12 5 476 670
63 48 25 4 636 742
82 11 9 6 334 489
86 40 20 1 207 386
60 99 18 1 296 364
49 84 16 5 490 658
26 29 13 2 553 768
13 26 5 1 244 456
68 78 9 3 216 451
9 89 23 3 265 377
0 60 21 1 631 794
82 21 25 7 620 780
23 9 20 1 274 447
54 80 10 7 331 628
82 31 12 6 627 755
21 74 26 5 686 761
14 48 18 6 431 699
65 82 5 3 371 624
11 95 5 1 315 394
28 15 22 2 573 666
8 1 21 7 206 317
85 7 27 6 497 644
76 14 17 2 381 636
99 99 13 2 625 741
40 1 11 7 288 387
51 96 29 4 583 766
4 71 5 6 376 452
51 87 23 3 372 664
6 39 29 4 208 293
79 86 7 3 338 420
38 60 23 1 514 591
13 22 28 4 426 616
94 18 23 6 453 543
1 91 27 3 310 536
25 41 16 2 309 517
11 88 15 7 578 707
88 69 15 5 323 615
95 100 22 1 206 442
45 69 10 4 495 787
86 82 6 1 577 722
6 26 22 3 361 458
70 38 10 1 313 489
57 75 10 1 544 711
28 20 6 3 246 522
35 1 26 5 527 733
9 63 23 5 276 400
72 77 9 2 487 578
82 68 23 6 528 679
79 97 9 3 227 375
84 94 11 7 411 486
17 91 20 3 385 598
12 71 16 3 260 379
45 36 10 5 301 423
47 16 27 7 317 508
64 72 20 5 539 631
88 68 20 6 479 549
61 12 6 5 473 554
81 19 14 1 560 737
22 46 29 4 408 484
85 61 25 3 516 582
74 87 29 6 519 681
29 17 12 1 233 354
43 41 20 5 618 785
38 8 26 1 436 566
73 83 11 6 539 709
34 99 20 6 395 523
62 6 28 4 350 488
97 42 18 3 617 696
16 69 7 1 344 630
33 54 12 4 491 610
89 66 16 2 408 632
25 14 20 6 660 776
54 88 27 1 613 675
81 61 5 1 432 671
90 85 14 6 228 426
34 36 15 6 548 720
77 43 11 6 561 662
4 14 29 5 421 606
24 30 5 5 282 371
48 66 17 6 309 540
100 18 25 1 388 565
89 88 27 6 387 655
69 57 12 3 286 368
55 65 9 4 312 589
84 62 17 6 628 726
6 71 17 2 231 358
34 22 23 2 279 406
31 39 23 1 553 740
6 70 29 7 326 543
6 98 6 4 462 553
28 87 19 6 406 597
55 50 21 7 611 738
65 80 28 7 434 652
27 17 9 3 414 607
85 40 11 6 542 717
78 57 25 7 661 754
12 0 17 1 350 515
79 9 5 4 226 363
82 55 12 4 549 689
14 95 25 1 476 740
70 63 13 3 553 643
16 43 23 5 486 555
33 16 20 1 417 612
29 26 11 3 605 718
95 38 29 5 380 620
53 40 26 2 469 563
9 1 23 6 337 464
86 83 30 1 453 531
42 65 19 2 521 676
72 95 29 3 486 629
3 89 15 6 362 450
26 81 29 7 693 784
65 18 23 2 594 756
53 87 20 7 234 298
81 36 29 6 440 684
47 38 16 4 288 535
64 38 13 3 208 480
93 9 24 3 565 786
90 14 9 4 254 521
71 42 25 7 501 714
39 57 20 6 521 584
19 19 28 4 284 564
25 48 24 2 606 779
99 53 25 6 291 370
90 95 25 4 219 360
9 14 6 6 467 755
78 71 18 3 435 623
52 1 13 5 531 698
65 19 28 4 371 521
50 20 14 6 334 631
98 33 27 5 313 507
71 36 11 4 384 579
10 33 19 4 377 465
97 39 21 5 336 528
51 7 28 7 574 670
13 64 5 6 486 646
13 49 6 7 622 766
74 74 16 1 495 718
53 33 6 7 594 784
28 39 10 1 622 705
15 17 30 2 505 722
89 81 12 2 578 696
61 24 14 5 454 578
59 82 21 7 206 362
66 77 21 1 536 617
10 61 13 3 469 670
58 67 17 7 568 730
77 3 5 1 398 595
99 98 23 1 407 470
11 24 17 1 546 800
36 100 18 6 659 727
41 54 17 6 409 543
68 62 26 6 669 800
77 23 19 4 639 732
24 39 9 6 356 427
45 31 17 3 242 359
6 32 8 4 539 761
48 30 30 5 439 592
96 4 10 5 317 459
89 95 20 6 225 415
57 1 22 4 531 650
49 36 29 2 431 614
65 76 10 4 441 560
60 87 8 2 233 435
0 51 18 5 393 508
66 85 27 6 576 789
17 88 18 4 652 799
30 44 14 6 335 516
24 28 23 5 356 632
92 60 16 2 416 565
74 92 29 3 237 386
2 23 20 1 431 648
75 89 17 7 468 654
73 30 25 5 319 445
41 32 13 7 319 534
36 71 15 6 447 711
27 65 12 3 594 687
67 54 17 4 277 406
59 18 23 2 574 639
84 56 18 1 566 628
5 69 6 3 263 483
69 80 12 2 326 583
13 69 25 3 248 498
98 3 16 7 642 711
62 65 11 1 324 441
41 37 22 1 374 446
41 42 30 1 436 624
25 9 25 3 595 697
73 62 15 1 593 694
90 58 22 3 263 536
85 60 25 3 476 722
76 80 25 3 379 520
86 90 16 6 362 651
22 58 23 5 281 387
11 26 16 4 391 578
35 71 26 3 448 538
16 38 15 2 472 632
86 3 22 4 368 560
84 60 14 2 343 500
30 87 12 6 369 620
20 31 22 1 407 697
70 62 21 1 314 382
54 83 10 3 297 411
18 90 18 1 677 784
50 40 29 3 266 433
58 52 21 7 240 403
33 67 24 6 576 686
8 80 27 5 345 639
51 40 18 5 508 751
70 9 12 5 604 712
44 96 30 5 322 407
57 48 28 6 691 761
30 62 25 3 484 759
57 23 23 1 415 520
26 99 15 2 671 733
52 26 6 6 490 740
73 53 6 3 482 586
8 62 18 3 233 530
49 53 13 6 450 512
45 98 10 7 472 629
31 21 25 1 428 710
37 48 16 3 307 497
17 82 27 4 324 453
12 75 27 5 480 641
43 63 20 3 436 536
65 74 21 1 231 420
70 92 12 2 201 287
30 97 29 5 279 557
45 71 15 7 572 662
80 47 21 3 215 392
60 36 7 4 694 754
35 48 29 5 298 580
88 52 8 1 642 794
7 44 18 7 575 744
69 19 13 7 247 498
55 79 7 3 442 735
90 90 16 4 207 344
97 10 15 6 312 590
66 43 19 6 512 657
38 86 5 3 491 761
21 90 29 6 275 502
40 6 11 7 412 543
63 25 13 7 412 507
92 79 19 6 333 589
18 32 6 6 514 574
99 34 11 1 511 751
71 70 8 5 279 402
24 78 19 6 350 433
33 26 27 6 431 700
11 29 20 1 492 783
66 22 12 2 584 758
84 38 19 4 462 613
76 96 19 3 459 736
9 4 30 4 480 703
45 35 10 7 219 350
87 20 30 7 637 791
1 80 25 1 229 368
19 4 24 2 692 754
28 58 10 3 596 788
26 87 26 5 567 739
83 48 21 3 340 638
54 47 18 6 269 378
60 63 26 7 515 727
30 9 12 3 529 768
14 91 23 7 482 727
59 96 10 6 507 686
2 52 29 3 526 764
65 10 23 6 454 674
74 72 30 2 256 501
42 74 20 6 329 573
51 32 22 1 671 766
52 56 28 5 316 550
39 50 10 5 354 559
59 65 13 4 383 573
24 17 25 4 299 381
77 91 6 1 216 473
59 53 5 7 222 502
31 87 19 3 425 631
89 28 25 1 313 524
23 5 23 3 213 289
80 80 8 4 598 711
35 66 10 2 209 499
100 50 29 2 495 664
42 3 10 2 369 507
95 52 7 3 634 754
49 11 15 5 324 399
96 94 20 7 235 422
63 59 21 7 351 422
11 30 24 6 450 514
67 100 12 6 519 662
62 78 27 2 269 435
58 23 22 4 232 423
58 75 16 3 257 445
38 82 28 7 443 585
24 46 18 3 228 464
63 0 6 4 502 677
40 47 20 6 630 783
14 89 24 3 228 359
82 29 19 4 557 749
27 98 24 5 243 505
28 100 11 2 580 656
74 38 11 6 452 602
33 17 5 1 587 784
48 44 19 2 524 773
84 27 19 4 400 570
86 60 21 6 306 415
55 56 22 7 332 490
67 52 27 2 358 490
61 2 10 5 483 670
59 9 25 3 303 586
9 98 28 4 522 588
81 80 15 7 628 787
10 45 6 7 422 708
29 38 30 5 207 296
22 38 24 6 550 710
77 93 28 1 591 685
22 92 21 5 277 424
75 3 18 6 299 380
1 71 14 2 296 528
57 44 20 7 345 474
16 37 10 6 395 481
61 34 15 4 316 424
45 20 23 3 335 545
16 94 22 2 308 427
90 37 26 6 472 577
16 25 21 2 373 503
9 26 12 6 271 349
27 80 6 5 643 763
79 50 23 6 279 523
48 73 27 5 226 357
36 7 24 7 557 637
16 62 11 6 322 440
37 93 29 1 453 549
47 49 10 5 395 547
33 34 12 6 373 524
52 98 20 7 240 478
98 58 29 4 394 642
2 93 5 3 479 750
89 61 29 5 536 669
85 87 28 3 544 678
34 83 17 3 496 670
22 31 10 5 261 438
48 72 30 5 441 588
9 44 11 3 246 431
30 100 16 4 515 683
90 45 24 4 309 507
71 24 17 5 252 491
49 70 9 1 391 470
17 67 6 3 535 723
2 49 6 5 479 544
46 82 30 2 408 638
18 34 24 3 387 667
77 70 13 2 288 414
82 80 18 7 468 652
2 67 19 7 227 473
52 75 9 4 391 627
27 39 18 3 486 771
22 93 22 4 323 403
2 11 18 4 452 530
21 88 16 2 484 754
2 13 5 6 270 454
53 50 20 4 354 612
87 52 27 3 296 407
66 40 10 6 628 754
46 3 15 2 271 442
60 68 20 3 450 671
30 29 18 6 439 676
38 69 24 4 434 580
66 32 14 4 406 524
75 1 24 3 207 381
42 14 21 5 616 769
47 84 21 1 673 737
21 56 16 7 602 786
92 40 5 1 502 740
40 37 6 5 243 422
64 24 28 4 643 799
58 18 30 5 295 412
80 3 20 4 425 658
97 37 23 7 350 612
41 25 16 1 496 792
52 57 12 2 561 636
64 18 6 3 445 720
42 75 9 4 200 334
23 74 15 6 373 581
19 79 16 1 727 790
45 14 5 1 269 469
65 1 12 2 440 735
0 86 13 1 457 518
35 79 10 7 246 426
61 88 21 4 351 516
87 1 29 3 510 714
89 57 24 7 658 747
25 30 12 2 378 440
37 22 24 2 538 605
38 47 27 5 613 799
0 47 23 5 315 389
40 60 22 2 334 407
81 63 11 6 723 784
24 43 14 6 288 493
1 41 21 7 643 709
5 44 19 5 305 496
6 23 16 4 390 539
100 49 12 1 340 590
73 75 24 7 448 623
40 40 30 2 490 649
0 3 5 4 609 783
77 36 12 1 307 466
20 88 26 3 229 374
0 26 17 6 316 604
44 57 18 5 449 576
25 46 26 1 347 474
2 31 29 7 434 521
94 51 5 7 542 660
15 29 25 3 295 371
69 17 7 1 485 675
44 66 30 2 380 678
26 44 7 1 349 410
58 32 22 5 285 399
73 40 28 4 257 418
58 9 27 1 227 525
58 48 15 4 276 575
61 81 20 7 388 455
25 11 9 4 276 568
36 90 23 7 647 731
3 9 26 1 424 639
68 6 19 5 302 601
94 70 5 5 394 694
19 24 11 5 320 481
48 40 8 3 346 490
50 72 23 1 239 445
96 55 28 6 538 771
56 100 14 3 335 458
59 52 10 5 469 639
94 47 21 5 280 360
82 17 8 5 547 689
51 16 29 6 264 402
64 89 7 7 674 744
4 84 14 1 563 749
31 99 28 1 322 404
8 19 17 2 679 750
3 92 7 7 545 774
69 65 29 7 383 665
97 12 27 3 409 611
73 95 18 3 471 642
32 50 15 4 224 496
0 46 22 1 367 649
25 87 29 3 215 276
48 82 5 4 312 391
58 53 25 7 497 728
40 84 17 4 359 508
81 27 16 6 533 723
12 49 9 1 331 476
33 45 6 1 557 712
59 45 25 2 252 475
72 49 20 7 292 384
13 40 30 4 433 704
47 98 9 6 484 763
66 10 5 2 485 649
32 78 16 2 308 571
76 77 7 1 377 666
41 40 13 4 437 681
57 89 9 7 507 742
54 1 6 1 325 479
62 68 21 5 529 697
67 34 15 6 644 751
18 36 12 1 223 449
15 31 30 6 536 621
60 20 25 2 260 329
93 84 19 5 477 643
5 78 23 1 621 708
13 4 28 3 603 693
73 12 11 3 406 626
86 14 9 3 456 609
10 88 9 2 289 466
21 34 12 6 513 591
11 57 8 3 341 586
86 39 28 5 326 388
21 95 27 1 466 584
62 32 5 7 233 298
40 94 19 3 281 441
97 47 7 7 389 554
53 22 6 3 306 456
62 9 10 3 328 611
5 22 30 7 243 313
11 34 8 6 356 501
73 50 5 4 428 710
12 19 19 5 402 498
23 96 17 7 283 459
28 28 27 5 446 554
23 48 28 6 475 616
23 53 5 3 359 495
29 96 6 3 514 654
61 29 6 3 327 604
88 8 10 7 211 368
45 91 13 5 519 702
4 95 7 3 459 736
76 88 21 3 476 669
72 36 11 4 561 634
87 16 5 6 521 781
75 9 9 6 220 404
25 71 19 2 205 308
73 63 11 4 498 792
73 96 11 5 363 630
21 39 7 1 327 449
44 70 11 1 427 641
58 31 26 6 684 771
41 80 30 7 361 502
7 64 27 7 431 657
39 68 17 2 510 785
13 37 22 6 487 616
83 33 18 6 287 425
94 22 16 6 315 511
26 71 25 4 552 632
94 21 29 1 459 663
64 91 27 6 461 527
13 41 10 4 546 695
74 37 21 6 555 651
27 82 5 4 478 641
90 18 23 1 538 679
27 76 24 6 251 336
1 8 8 6 382 654
50 46 19 3 335 401
12 28 28 3 225 317
46 79 26 6 261 444
68 15 26 5 525 726
70 90 21 2 319 379
34 95 6 2 296 560
96 3 25 6 311 432
9 36 27 6 569 694
57 14 11 3 511 764
13 87 28 1 283 548
45 50 30 6 593 782
52 40 28 5 383 506
91 19 25 3 450 578
57 38 19 6 587 770
49 90 19 6 286 389
3 95 11 7 319 537
4 59 13 5 400 651
31 41 23 6 403 690
59 59 19 7 238 466
32 13 28 1 540 719
48 70 7 3 555 652
70 77 29 4 363 559
78 41 24 5 719 783
15 59 17 4 213 342
6 12 9 2 484 673
3 94 22 6 455 539
23 86 22 4 292 582
8 24 28 6 584 735
25 58 9 7 526 723
41 16 16 4 439 514
23 34 26 2 229 524
73 23 18 3 244 416
97 23 27 6 264 344
75 17 21 4 273 393
14 22 29 1 538 700
58 8 21 3 294 446
66 96 7 6 438 590
54 58 6 2 369 441
18 61 24 3 668 769
15 91 12 2 278 528
84 72 7 6 444 735
47 55 30 2 478 674
96 96 27 6 241 478
52 58 20 4 492 751
82 4 20 7 445 650
26 51 22 2 449 537
16 21 19 7 471 643
54 19 10 2 477 770
99 6 14 6 556 771
22 8 22 7 264 538
42 91 28 6 542 622
68 66 28 6 621 737
78 93 23 1 375 499
53 26 25 5 311 501
46 61 11 6 533 739
46 39 30 4 376 564
25 2 9 1 634 695
73 54 21 4 248 371
20 72 7 5 205 449
28 0 29 4 428 536
34 3 27 6 645 770
52 13 21 4 249 549
83 56 30 4 445 557
50 10 28 3 652 795
78 48 16 7 500 582
6 93 16 2 385 555
86 88 20 1 278 493
98 98 30 2 473 632
76 72 18 5 239 372
54 37 30 5 210 305
80 33 23 4 362 526
2 69 15 7 441 561
19 3 8 3 620 793
60 76 8 7 260 470
94 45 23 6 230 317
82 90 23 5 265 461
6 83 15 6 461 674
86 4 16 6 410 705
80 12 8 7 284 557
76 1 8 4 380 648
76 42 8 4 511 614
9 42 14 1 634 790
3 0 26 2 592 724
26 67 16 4 467 651
6 0 17 4 454 715
55 40 14 2 505 718
80 1 7 4 592 684
3 17 16 1 449 741
66 27 15 5 447 721
29 12 30 3 408 657
47 97 6 1 583 683
0 56 17 1 443 541
23 64 9 5 257 421
19 42 5 3 366 567
68 40 17 5 266 514
96 5 5 3 562 799
17 36 9 4 361 556
73 25 6 4 502 637
88 7 21 5 560 766
85 35 13 3 453 729
47 87 20 4 466 624
26 48 24 6 380 643
83 38 9 4 339 416
66 54 7 6 527 678
64 47 25 7 271 486
41 31 7 5 645 756
44 81 7 5 302 376
57 79 28 3 607 710
45 53 13 6 523 793
55 97 16 2 533 786
90 96 24 6 289 404
86 86 9 1 326 551
85 58 13 2 318 519
16 55 10 6 363 581
76 41 27 4 390 603
32 82 24 6 244 425
64 58 15 3 288 587
49 26 10 6 302 503
81 40 12 3 509 652
47 35 16 4 534 631
1 52 16 1 431 574
96 60 26 5 398 624
71 57 30 7 403 589
47 81 13 5 335 483
14 56 7 6 578 680
55 78 30 6 452 680
12 80 19 5 337 604
85 43 29 4 549 730
22 52 5 3 409 572
34 68 25 4 294 564
51 90 19 4 532 786
26 91 17 7 633 752
70 64 14 7 444 511
16 57 26 4 396 621
42 45 23 6 371 471
15 58 29 3 350 411
3 99 17 1 413 616
84 58 25 3 567 660
67 17 24 5 466 716
83 7 19 3 581 716
50 98 23 5 434 541
43 21 19 3 622 759
14 51 9 4 461 521
55 29 18 1 450 518
9 75 28 3 669 729
14 74 16 1 683 749
79 78 16 2 486 624
25 72 12 3 501 619
85 32 30 3 592 772
96 85 7 1 606 667
71 93 24 4 438 513
94 33 30 2 266 439
80 18 26 6 566 697
12 11 21 4 433 529
26 97 15 7 296 465
27 68 22 7 465 763
69 24 16 7 213 488
82 83 22 6 379 658
0 54 12 6 672 769
35 28 21 3 208 289
81 76 13 4 655 724
74 2 29 7 527 632
21 93 10 3 324 432
81 44 24 4 442 724
15 8 9 3 274 550
0 40 18 4 420 485
25 50 19 2 340 613
1 54 21 5 250 398
2 66 16 3 558 655
60 83 25 7 660 721
47 29 26 1 427 525
20 77 26 5 349 577
60 31 8 3 266 418
53 1 16 5 584 789
78 38 23 5 538 692
22 86 21 2 269 370
88 54 24 4 456 629
29 55 17 7 506 787
47 15 10 7 249 352
70 11 25 4 256 486
0 25 10 5 536 693
94 67 18 6 451 646
87 97 10 1 326 449
36 20 10 6 513 610
77 34 18 3 459 716
2 42 10 4 261 522
38 75 27 7 559 732
19 21 24 6 347 447
17 58 14 5 267 566
44 50 28 6 225 496
90 49 17 2 558 793
94 86 10 2 568 789
91 94 28 3 241 337
58 83 6 4 599 752
76 70 26 2 272 467
16 61 7 7 572 730
20 14 23 1 333 499
48 15 14 3 355 612
36 45 17 4 491 637
74 3 24 6 403 691
18 15 14 5 610 755
100 3 7 1 487 741
70 28 11 5 595 784
71 6 13 7 427 645
33 93 15 5 509 751
18 13 21 4 446 551
31 68 16 1 392 511
54 60 9 5 637 745
82 62 23 3 685 764
40 31 16 2 353 565
99 83 28 3 281 486
82 24 30 1 261 395
24 71 20 4 318 410
25 1 17 7 495 721
14 18 14 7 484 596
80 8 17 2 292 486
74 41 14 6 423 679
68 60 25 4 269 505
67 36 10 2 616 742
69 76 22 6 736 800
41 11 30 5 351 556
27 57 22 4 404 494
77 28 10 1 384 580
8 44 28 6 401 541
19 64 5 1 361 476
58 76 10 1 457 642
84 93 20 3 460 647
48 45 9 3 344 628
93 13 10 2 475 661
91 99 26 5 297 445
0 96 23 1 294 482
11 8 14 1 216 351
96 35 23 6 305 395
3 24 6 2 624 747
7 34 18 6 322 383
1 68 9 3 655 772
31 79 8 4 439 728
64 97 11 5 493 709
79 43 12 3 337 441
78 79 26 5 509 582
59 99 9 7 378 630
83 32 22 3 496 707
15 90 30 5 352 523
21 4 22 2 435 730
19 29 20 5 338 448
0 35 5 3 466 596
35 92 17 7 717 792
1 49 13 5 317 596
85 81 13 6 516 761
62 35 25 6 343 639
75 66 30 3 369 610
35 85 16 6 554 618
56 72 28 1 525 614
70 40 18 5 286 457
24 82 10 2 551 655
99 72 19 4 593 788
4 19 17 5 336 535
9 64 8 3 435 510
40 45 10 7 628 717
37 77 10 7 380 643
100 97 7 6 248 544
41 82 5 7 368 464
38 70 25 7 312 426
46 71 30 4 200 280
20 80 17 2 340 582
90 3 13 6 212 301
31 30 14 6 494 570
44 82 27 2 502 793
76 94 24 2 290 527
58 69 18 3 603 756
9 19 26 5 415 510
98 15 27 6 255 398
59 60 24 4 461 527
80 77 7 4 352 535
97 5 14 7 472 736
83 92 25 7 630 769
18 69 28 1 458 744
97 86 12 2 571 724
68 56 17 7 448 526
30 68 27 1 371 512
72 38 13 1 639 740
95 1 29 7 255 442
87 47 29 4 325 549
9 45 5 6 441 575
44 76 27 5 334 535
64 8 16 2 634 769
16 41 17 2 500 730
15 57 5 5 618 708
50 7 5 6 653 797
35 80 26 1 449 661
20 15 20 7 472 611
43 15 18 4 443 621
76 66 5 4 532 668
35 68 6 3 352 647
86 78 23 4 265 475
37 11 22 7 303 459
61 79 14 4 212 455
70 22 19 3 570 748
37 25 14 4 212 418
89 7 28 2 410 548
23 65 22 3 429 650
14 81 11 5 247 374
15 21 7 1 471 550
16 18 22 7 495 582
89 42 15 4 502 625
84 88 10 6 204 384
29 14 18 2 645 766
71 32 5 1 301 484
7 16 17 2 616 772
20 58 12 1 560 706
65 20 17 4 571 774
88 28 8 5 305 441
86 53 14 4 497 673
9 29 12 7 295 390
12 1 15 7 324 459
94 7 25 7 454 691
87 56 16 7 400 686
34 65 11 5 448 615
64 82 13 6 323 521
76 27 16 1 325 469
85 67 5 6 241 416
64 33 18 2 289 483
66 75 30 7 484 676
14 5 26 1 596 663
1 77 25 5 219 351
9 48 8 7 300 420
23 7 26 6 412 665
56 98 7 7 202 391
95 67 14 5 201 474
34 100 22 6 506 710
83 70 20 3 483 690
33 86 19 5 356 433
43 17 15 5 414 663
11 27 18 4 515 791
81 62 6 3 434 707
20 56 19 4 580 746
4 63 29 1 349 445
18 54 26 4 236 359
38 89 27 6 533 675
52 86 25 7 484 767
69 81 14 3 354 557
68 53 10 6 337 464
83 39 20 7 338 566
34 39 21 7 224 509
50 78 14 6 574 708
3 74 13 2 555 636
74 19 23 3 567 643
48 0 28 7 345 623
16 81 28 6 219 485
14 82 9 2 383 619
63 37 21 1 285 464
13 78 10 1 209 365
86 98 5 5 467 691
96 46 23 6 480 663
28 32 18 4 462 602
82 53 15 5 267 437
25 77 14 6 512 800
36 6 17 4 569 764
37 2 7 6 459 640
31 14 30 3 402 483
43 48 30 1 668 732
4 91 23 7 326 623
28 95 30 2 345 416
48 89 21 4 408 687
98 28 14 1 237 479
86 31 15 1 510 698
1 57 18 6 539 695
50 52 23 6 501 598
88 97 10 3 243 484
99 59 21 3 349 468
45 49 11 5 313 380
91 21 30 3 373 606
55 72 20 4 694 759
33 98 26 4 429 614
70 100 29 2 306 577
55 25 22 2 208 333
51 100 9 6 420 594
81 53 28 6 322 430
58 94 9 7 268 328
67 49 7 2 230 362
20 92 12 6 564 642
42 17 11 6 498 657
36 50 26 7 591 689
55 59 10 5 525 709
85 0 30 2 608 689
19 36 16 4 224 398
77 20 11 5 312 378
86 33 12 5 331 577
62 3 13 5 501 572
22 27 26 6 517 793
84 33 20 1 511 677
93 34 5 1 426 593
7 70 9 7 277 458
21 0 17 2 633 724
4 33 25 5 459 756
78 67 13 7 358 514
62 73 20 5 551 663
62 12 26 4 235 510
41 89 21 5 582 795
58 49 14 5 601 745
5 90 17 7 474 570
34 30 5 5 267 548
55 4 15 1 284 365
47 18 13 2 449 680
9 97 15 6 282 361
61 83 5 2 553 708
52 76 28 2 436 719
33 46 24 5 439 653
45 37 30 4 309 393
90 5 24 7 588 790
31 10 30 5 207 273
93 76 10 3 496 638
17 8 24 5 380 676
10 55 8 4 281 372
50 30 17 3 259 402
12 100 30 3 408 499
81 22 9 6 708 792
24 93 27 4 266 425
51 21 20 4 242 532
62 59 28 5 251 347
74 66 16 5 500 681
35 33 21 1 433 699
65 77 21 6 534 773
10 2 16 2 629 707
20 85 19 3 498 784
6 85 22 7 514 793
53 2 22 6 342 477
48 43 17 7 343 468
16 50 5 4 247 490
41 0 23 1 307 397
97 28 29 2 311 540
38 40 29 3 448 571
54 13 18 7 673 795
38 15 19 1 551 721
36 18 13 5 206 391
15 96 27 3 459 711
14 83 6 1 265 502
35 99 24 5 483 662
23 56 22 4 588 741
56 56 16 1 575 652
51 26 28 1 364 623
12 37 10 6 233 411
99 15 27 5 212 497
68 5 21 2 547 747
48 3 18 4 524 651
32 27 22 7 205 423
13 6 21 2 418 509
92 25 12 1 380 454
33 61 21 7 547 792
1 23 22 1 222 349
99 77 19 3 422 649
89 19 6 2 507 789
91 10 26 3 307 537
70 3 5 1 550 799
78 61 16 1 300 498
55 77 28 6 290 424
70 30 29 7 373 646
70 33 21 2 219 499
83 8 19 3 319 544
33 87 9 2 288 392
90 79 19 1 224 337
53 46 16 2 444 729
23 62 11 1 602 782
96 13 21 6 435 676
77 79 23 5 536 756
100 21 15 7 436 569
95 94 7 7 524 716
75 100 29 1 351 536
28 40 12 3 335 575
96 16 7 6 340 463
92 93 13 1 267 466
39 33 6 4 569 753
60 96 16 7 431 638
48 65 19 3 326 438
46 4 12 3 279 475
80 40 9 1 583 780
69 88 24 1 208 490
65 29 26 3 524 756
78 42 25 2 432 533
53 98 13 4 392 567
19 60 29 1 233 504
98 34 6 7 229 483
12 33 19 5 303 497
81 12 17 5 610 729
72 83 19 2 395 516
16 13 5 1 347 446
99 21 17 2 421 626
92 21 20 5 594 706
56 33 18 4 473 720
4 80 29 2 439 717
69 46 8 1 297 455
59 30 29 2 433 503
64 98 27 7 403 680
10 48 6 3 307 495
70 96 6 1 357 625
2 60 5 7 285 363
65 52 5 5 531 786
58 38 9 3 362 527
21 29 30 1 698 791
76 64 16 6 455 525
27 1 8 6 517 756
67 55 26 7 464 666
94 4 17 1 318 392
35 29 25 1 639 769
11 60 29 6 593 686
22 98 9 3 527 680
85 70 28 5 308 381
87 78 6 3 540 644
57 58 7 4 389 579
1 29 10 2 448 613
60 79 14 5 458 682
34 9 10 4 231 321
29 53 24 5 546 715
74 36 6 7 594 795
77 4 5 2 413 670
12 81 24 5 304 415
80 95 9 4 353 561
26 62 12 3 488 630
59 5 5 5 265 402
5 23 11 2 273 406
60 69 28 3 251 339
37 37 28 5 254 357
55 16 25 1 210 480
98 52 8 7 711 782
87 4 18 4 558 649
81 5 29 3 200 382
46 27 20 1 232 320
29 84 25 6 546 650
77 26 8 6 577 726
52 42 16 7 324 618
33 2 13 3 313 590
80 71 21 2 480 672
93 78 10 1 553 789
69 13 21 3 349 460
100 92 5 2 340 627
14 79 27 4 504 577
79 96 10 2 626 739
5 70 16 4 580 726
15 72 24 5 330 519
80 48 14 1 305 591
86 96 19 1 430 655
4 20 14 4 359 610
87 87 7 3 473 657
91 28 15 1 224 519
81 70 17 1 536 637
40 57 18 3 293 363
43 8 9 1 564 647
11 93 20 4 421 551
1 32 30 1 419 554
70 57 28 1 409 682
15 75 25 2 357 538
94 39 21 5 464 671
92 51 8 3 507 698
79 92 15 2 298 481
70 89 23 2 448 683
57 37 14 7 523 746
54 61 8 7 233 417
46 51 23 7 212 381
32 61 16 4 415 588
17 4 6 2 217 376
75 84 18 5 351 532
44 45 9 5 498 675
52 68 17 6 382 515
77 57 18 2 427 523
17 90 27 5 413 559
38 68 21 7 571 749
24 89 16 3 241 498
2 0 25 4 354 489
81 95 25 3 343 496
44 99 11 1 325 559
29 16 10 1 693 789
75 35 20 2 317 429
74 53 28 6 413 578
29 73 5 4 357 475
50 8 29 1 459 692
87 13 27 2 282 555
85 22 10 7 539 715
26 82 16 1 532 669
85 38 21 6 546 642
86 81 11 2 444 594
45 16 16 3 535 615
73 85 15 1 288 560
67 62 24 3 213 451
43 26 17 6 365 640
91 35 22 7 540 662
12 89 28 4 348 413
24 31 15 5 409 591
56 41 19 3 469 761
98 56 7 4 512 722
64 81 18 2 356 452
87 46 24 3 477 690
36 5 15 6 378 536
65 40 30 2 311 542
0 41 14 4 433 502
93 98 22 4 517 733
17 84 15 2 495 697
81 29 7 3 212 352
51 83 5 7 428 577
24 8 30 6 498 640
4 10 22 4 370 632
30 61 26 6 274 543
39 82 27 1 398 598
53 79 28 7 570 796
37 8 18 4 542 688
32 6 19 1 212 416
26 9 24 6 546 780
97 60 25 5 412 514
88 32 11 1 280 517
78 50 25 1 469 606
66 1 10 2 229 406
72 43 29 7 566 686
42 59 16 3 360 606
40 25 29 3 470 707
68 95 7 7 554 729
39 1 6 6 239 513
100 31 28 6 511 695
58 2 12 3 265 449
31 69 25 4 420 523
11 79 12 2 335 494
81 56 25 6 383 481
36 16 15 2 537 597
48 25 6 6 375 507
80 24 8 1 203 293
85 29 30 5 435 710
91 86 26 3 659 800
25 66 15 4 723 792
66 3 17 2 273 568
89 49 30 2 274 501
93 42 16 7 578 710
52 54 18 7 223 303
80 98 15 4 566 756
0 52 8 6 554 717
11 23 26 7 266 437
21 20 26 2 369 544
68 54 29 7 452 529
74 76 27 3 622 759
46 67 15 7 222 511
15 41 24 2 547 692
78 23 28 6 525 703
7 78 24 4 236 442
95 78 10 5 592 698
67 73 12 3 293 532
74 11 9 4 220 426
10 39 15 2 392 642
39 34 8 4 505 780
7 22 23 1 470 695
62 42 21 7 263 515
81 34 26 7 411 504
44 16 25 3 562 715
94 42 27 4 397 475
42 22 11 7 628 756
1 31 5 5 280 428
67 63 5 3 345 633
53 44 11 3 352 549
53 61 29 4 349 566
52 60 18 6 246 463
26 19 24 4 393 642
82 10 26 6 355 475
61 89 25 4 223 486
71 8 25 2 340 582
41 10 11 5 441 534
5 85 6 7 706 771
19 6 19 2 609 780
98 74 13 5 363 502
74 96 9 7 274 525
82 48 26 7 569 683
48 19 6 3 509 664
82 26 14 4 255 376
84 7 29 6 290 357
13 19 7 6 637 794
30 26 7 6 202 468
85 82 5 1 283 433
13 99 21 3 411 472
21 59 13 6 284 578
84 3 11 5 203 397
33 14 27 1 495 648
63 7 6 7 439 715
19 54 26 5 503 666
28 99 24 4 353 469
100 44 14 6 320 445
57 72 22 3 456 714
99 26 10 3 573 720
83 27 29 5 469 753
18 18 16 6 711 791
25 23 8 6 464 750
4 25 21 5 228 472
65 60 15 6 489 616
98 5 7 4 305 375
73 19 9 3 619 794
40 81 8 4 234 518
81 75 7 7 361 591
79 6 6 5 624 710
13 61 28 2 630 697
63 99 19 6 233 524
30 91 24 5 575 753
7 10 20 5 493 701
86 7 10 2 561 769
46 64 21 2 565 733
54 62 20 2 484 631
55 46 10 1 372 609
30 48 19 5 516 751
5 12 20 5 341 541
83 36 10 4 575 723
88 45 8 5 671 777
95 29 15 3 588 767
71 76 17 3 305 459
84 14 23 5 202 438
16 8 24 2 410 512
29 13 26 7 459 551
47 20 9 4 361 523
4 17 27 2 515 628
36 27 5 1 230 444
68 73 5 5 287 512
87 77 30 1 357 649
5 73 20 1 428 504
54 49 24 6 408 686
82 71 23 5 249 539
37 16 30 4 545 800
49 60 18 1 388 677
14 100 25 4 559 762
49 93 20 3 414 509
76 45 27 4 698 796
77 8 5 3 581 650
29 40 26 7 548 613
95 9 10 5 314 566
21 18 27 5 465 708
46 86 8 1 574 649
100 13 19 7 591 779
13 15 21 5 286 471
59 8 22 3 538 693
46 74 25 2 252 429
52 30 18 6 207 313
20 27 18 3 429 647
39 2 25 1 444 677
30 80 17 3 601 737
83 17 28 7 561 666
89 22 27 7 629 692
79 48 30 7 210 328
96 56 12 6 306 586
39 64 27 3 203 344
85 99 28 5 512 622
66 8 28 3 534 755
86 74 18 6 268 422
7 85 13 2 522 610
30 39 20 6 367 503
34 72 6 5 630 702
46 63 25 6 586 795
47 80 11 4 340 590
99 92 12 7 487 662
64 51 24 4 253 349
4 66 8 3 277 492
96 82 5 3 532 609
81 31 30 6 575 756
5 35 17 7 431 658
0 91 29 4 455 549
6 66 7 2 255 473
0 7 18 4 626 759
8 92 9 4 478 607
41 38 13 2 241 539
80 0 15 1 235 347
4 22 24 6 339 503
45 7 28 5 515 763
46 15 11 3 321 618
89 68 14 5 506 588
78 100 17 6 404 704
44 20 7 6 544 705
88 51 24 5 672 769
85 100 9 6 630 747
95 18 28 7 244 443
46 72 21 1 268 553
46 33 25 5 394 487
39 79 28 1 479 577
66 50 14 5 305 528
41 59 14 3 497 786
78 11 15 5 417 683
64 23 16 1 396 623
38 41 30 3 510 671
95 69 30 7 321 405
97 14 22 6 367 626
12 38 14 6 379 523
42 97 20 6 557 792
56 26 18 5 634 796
62 55 19 6 333 629
2 1 29 7 500 697
32 54 30 7 343 548
37 33 10 7 346 643
43 34 6 5 503 575
64 50 13 2 603 706
45 66 26 4 405 705
32 34 21 7 547 729
98 59 19 2 229 487
86 79 16 4 550 669
81 20 24 5 406 486
34 71 25 3 455 665
76 49 16 4 226 293
64 36 13 7 558 800
43 67 7 6 571 720
37 30 23 5 636 780
67 91 19 4 635 763
9 53 7 2 206 298
23 21 9 5 560 782
2 17 13 1 322 620
50 18 10 5 281 580
53 55 30 2 329 403
4 85 19 4 292 541
76 11 28 5 511 616
99 22 13 2 553 647
38 53 23 5 262 438
20 94 22 3 206 351
84 43 24 1 718 797
37 29 10 6 477 606
88 43 9 2 689 749
1 33 5 2 481 701
81 3 5 4 398 557
31 66 28 7 212 363
38 74 16 4 383 647
7 19 25 7 303 546
50 44 21 4 459 647
60 16 16 4 252 489
22 33 15 3 255 357
54 17 5 4 246 536
31 49 29 3 398 665
96 71 20 7 294 575
27 28 15 6 653 750
12 45 15 3 259 473
93 40 22 1 324 624
48 92 16 5 257 443
36 61 14 5 541 636
89 76 23 2 645 721
87 26 22 2 361 573
58 22 22 2 493 639
65 26 20 2 477 657
52 83 5 1 385 470
24 0 15 2 643 775
74 35 27 4 527 602
50 94 20 1 404 567
62 10 26 5 443 602
68 83 5 1 366 569
8 61 26 5 432 700
12 3 22 4 457 755
71 12 5 6 425 577
38 58 21 2 315 453
86 69 28 1 440 614
59 15 6 1 471 662
8 37 27 3 479 682
43 74 14 1 330 405
27 7 26 3 202 336
34 50 9 5 406 655
57 93 11 3 374 434
72 71 19 7 296 492
35 41 24 2 515 645
15 84 27 1 297 507
97 38 26 7 583 643
28 97 24 5 354 492
66 60 28 1 537 779
70 31 17 5 266 435
90 33 24 2 268 490
57 11 30 5 357 532
98 19 11 3 490 643
35 31 23 4 467 574
81 15 27 1 359 483
61 96 17 3 545 789
63 26 9 2 585 657
84 11 27 3 261 472
74 83 17 6 239 336
32 95 28 5 493 628
53 75 22 5 504 655
92 33 26 5 380 597
32 32 16 3 365 497
90 35 13 5 656 723
23 18 12 7 531 726
29 45 9 3 610 770
90 22 8 7 350 488
21 7 28 6 308 405
57 0 29 6 557 702
73 1 14 3 590 680
49 49 12 4 533 639
49 8 9 6 525 762
24 100 5 2 432 728
38 22 5 1 392 538
88 71 14 2 533 661
65 11 29 1 409 533
15 48 28 4 416 617
2 39 6 5 480 691
90 20 13 6 491 611
5 31 23 2 397 645
95 57 23 5 455 651
76 87 18 7 541 619
90 15 23 5 438 501
2 85 22 2 463 709
73 98 8 1 702 762
40 89 24 6 413 626
85 36 9 2 427 596
20 55 29 7 651 736
21 47 5 2 240 433
16 30 19 2 205 372
75 98 29 1 395 545
86 16 19 6 557 786
62 18 25 6 434 505
74 59 22 5 308 432
40 67 30 1 513 770
7 35 5 2 365 642
44 97 19 7 627 719
38 33 16 3 399 490
63 57 11 5 269 413
98 8 14 3 569 637
72 92 11 2 435 548
62 22 29 3 420 619
18 35 16 3 396 637
87 28 17 7 269 468
47 14 29 7 290 492
93 49 26 2 273 570
10 80 25 3 265 338
19 23 8 2 399 609
84 57 9 3 233 445
85 2 6 3 530 692
77 65 21 3 392 649
26 37 21 5 470 727
61 43 13 6 385 539
95 60 19 6 545 762
88 38 18 3 208 445
15 99 15 2 237 479
63 61 5 1 214 369
20 34 15 5 559 797
59 72 25 2 545 700
48 75 9 2 566 701
21 57 14 1 622 757
26 95 21 1 335 442
62 37 30 1 502 672
84 28 12 3 413 473
29 94 9 6 498 631
56 88 14 4 436 700
62 27 19 5 443 628
13 5 17 1 351 569
54 55 9 5 255 532
52 33 6 4 284 529
4 58 6 7 208 440
98 99 19 6 635 752
2 74 28 7 568 644
76 81 25 1 439 689
54 90 12 1 618 678
1 14 5 2 440 672
34 31 6 2 537 694
72 20 30 5 527 772
87 76 17 4 354 456
1 1 15 4 313 485
3 76 26 3 583 783
52 32 18 4 300 546
6 36 16 5 465 742
59 98 7 6 496 743
10 51 5 3 548 659
99 47 29 4 592 793
66 63 13 4 403 662
30 8 26 2 265 335
67 39 27 5 360 551
89 73 27 6 372 448
85 14 19 4 526 695
15 87 19 1 322 405
5 92 16 1 220 389
25 75 17 7 445 538
28 91 14 5 405 565
4 38 20 4 425 585
27 19 24 5 309 522
96 54 16 1 447 647
27 70 7 4 343 628
40 80 6 5 487 562
1 90 25 5 417 611
39 73 23 2 387 604
37 58 14 7 236 444
44 46 13 5 432 703
36 12 25 3 334 620
76 61 14 3 621 780
54 10 5 5 363 642
88 67 16 3 436 724
36 22 26 3 510 620
95 28 23 6 253 460
76 19 25 2 709 796
15 85 14 6 389 616
16 20 26 1 550 782
78 8 24 2 584 753
100 39 25 1 462 614
64 34 16 4 359 593
19 39 27 7 393 549
0 17 26 7 531 768
79 55 17 5 464 663
32 100 11 7 607 769
17 43 18 5 216 351
70 55 24 6 355 449
41 18 11 3 258 460
41 63 15 6 412 700
70 5 8 1 461 632
65 87 17 5 336 455
99 33 14 6 211 342
72 0 13 5 463 694
41 73 27 5 289 410
99 61 19 4 229 378
36 65 19 6 514 600
4 48 7 7 567 660
2 18 19 1 260 453
56 15 6 5 293 463
69 40 17 2 395 574
90 6 13 3 318 478
59 25 7 7 479 689
68 13 24 7 631 699
35 27 8 7 377 523
1 6 10 1 515 689
59 34 24 2 232 342
96 19 21 1 571 665
16 93 12 3 359 647
16 89 23 7 292 432
12 23 19 2 403 524
29 47 8 1 562 780
64 15 25 2 594 700
86 43 5 2 355 451
35 62 10 6 281 435
61 26 27 7 277 548
29 41 26 6 360 627
59 26 14 6 277 506
63 20 16 3 337 406
70 12 25 5 726 789
91 38 19 4 602 754
51 15 5 3 474 585
71 62 20 2 295 489
88 72 10 2 238 409
6 67 21 3 612 779
66 38 24 6 366 656
62 97 12 6 474 603
58 72 25 1 575 652
78 52 24 2 312 393
69 0 22 2 526 667
51 61 7 2 626 772
18 85 14 2 250 453
13 80 12 3 275 434
90 53 8 3 461 540
51 29 26 4 266 326
24 12 10 4 355 437
2 30 11 2 434 593
82 9 19 1 417 629
80 79 6 7 529 771
54 28 24 5 505 669
99 50 8 4 329 408
9 13 27 5 448 722
87 64 12 5 246 534
46 83 12 2 582 785
57 24 23 6 384 626
8 47 27 5 623 766
83 62 30 5 439 537
66 62 5 6 357 452
9 84 25 3 264 422
23 61 21 5 228 393
78 87 6 6 304 597
69 89 19 1 272 395
23 77 15 5 290 364
89 20 23 6 249 309
79 76 23 6 261 337
70 74 11 1 596 711
80 61 20 2 346 510
14 28 10 6 456 632
84 10 29 3 584 710
62 88 23 3 328 617
50 95 26 1 461 542
92 36 23 3 412 568
99 31 26 4 675 783
6 80 21 6 614 751
94 44 23 3 411 632
91 87 12 4 588 689
75 19 7 7 236 317
87 100 11 6 465 525
44 61 21 6 205 374
25 53 12 1 501 595
47 74 12 2 312 405
74 5 11 3 284 528
54 11 25 1 240 356
67 58 8 2 437 565
48 81 14 2 411 666
95 22 14 3 464 596
76 30 5 7 602 712
7 81 17 3 277 480
79 62 23 7 315 577
82 97 8 7 275 518
87 39 29 1 329 611
30 78 25 2 511 761
64 28 10 3 428 640
20 67 13 4 337 448
3 50 16 7 349 562
80 38 5 1 617 767
38 13 8 1 212 512
71 3 13 5 513 669
73 67 30 2 533 799
32 56 28 4 258 520
90 82 9 5 215 473
88 20 20 2 549 620
40 5 20 7 345 482
62 76 19 7 548 769
49 54 8 4 242 458
37 41 27 6 380 655
80 96 5 2 442 574
54 84 10 7 698 764
63 33 14 7 494 611
69 34 12 4 382 526
54 89 18 2 264 456
98 93 15 6 527 781
91 58 21 5 414 560
47 27 24 4 584 686
51 65 7 2 237 421
16 24 24 4 200 325
67 56 29 2 266 425
42 51 10 5 635 723
61 60 28 7 303 514
45 26 13 4 266 370
53 10 19 2 363 570
21 17 10 6 598 685
93 68 30 5 672 781
9 67 15 4 596 705
10 67 7 1 581 710
85 1 19 6 416 663
98 24 9 3 510 786
25 42 26 5 279 359
67 18 20 2 446 728
61 80 24 2 430 530
65 54 20 2 526 743
48 55 10 1 239 421
79 100 18 7 518 652
93 36 29 3 332 553
97 50 5 7 266 485
81 1 6 3 513 636
100 0 26 3 438 667
40 44 9 5 230 448
49 0 7 7 622 697
40 54 9 4 403 604
14 90 23 4 408 682
43 52 11 3 539 740
70 49 22 3 333 527
25 89 16 3 377 569
53 15 29 3 489 703
26 25 28 3 323 534
44 77 8 2 545 689
99 95 11 5 412 598
73 64 11 6 583 686
93 82 17 1 409 589
55 12 18 4 229 526
5 11 12 1 398 622
92 30 12 3 656 797
0 68 11 1 592 689
88 37 24 6 584 717
78 5 12 6 555 638
12 84 11 2 604 799
87 86 11 3 329 554
76 38 13 1 525 652
24 13 16 4 569 788
60 48 24 7 597 791
32 17 21 3 312 481
48 87 14 6 316 539
72 89 11 6 428 705
61 48 11 3 404 628
12 8 17 1 473 545
75 39 28 5 488 675
54 54 16 7 236 495
69 79 22 2 238 299
57 36 16 4 304 440
32 60 5 4 230 323
83 73 27 2 354 569
52 95 16 3 388 532
18 73 29 6 550 755
48 48 27 1 335 569
70 1 9 2 329 464
43 93 10 4 613 736
21 79 30 7 320 447
82 15 23 6 224 333
78 75 21 4 223 293
85 59 21 4 631 735
98 50 25 1 306 559
30 59 6 2 336 502
9 41 5 1 283 527
69 67 24 3 322 462
37 31 12 2 435 671
40 30 26 4 430 696
87 31 22 3 319 608
8 36 9 4 593 767
66 69 22 2 235 359
19 59 16 1 378 662
4 5 19 7 495 610
19 82 21 2 590 760
8 78 18 5 366 483
63 28 26 1 224 490
21 87 5 2 400 504
53 84 22 6 498 729
60 35 30 6 283 537
33 70 20 1 646 720
7 87 7 7 508 694
92 89 22 6 508 704
86 0 26 4 344 463
11 22 24 4 502 683
54 92 26 3 439 708
86 10 15 7 505 696
29 63 19 3 636 731
53 70 8 4 335 527
7 50 9 5 317 419
62 14 26 6 711 784
69 97 21 6 430 572
71 50 13 4 415 490
10 59 28 4 377 461
51 75 27 2 258 323
47 79 23 6 305 421
98 62 17 7 632 715
70 19 16 3 576 735
49 82 20 3 653 751
56 74 21 7 579 650
19 20 6 4 292 562
95 25 20 3 596 672
47 12 9 7 593 718
93 50 21 2 242 333
28 92 6 1 266 377
46 48 16 7 580 784
33 85 19 1 231 328
99 74 18 6 618 750
65 88 6 7 522 625
26 31 9 5 644 728
75 68 25 1 355 427
39 55 29 2 459 541
94 36 17 6 396 464
8 18 26 7 470 732
61 82 21 2 651 773
51 51 28 6 416 606
75 94 19 5 286 380
31 18 29 3 303 395
95 75 12 1 608 688
78 86 28 7 529 757
36 68 18 4 399 644
57 65 15 7 502 614
40 75 26 5 632 753
80 91 11 5 356 422
38 10 19 1 211 486
86 55 29 1 303 420
75 4 17 6 358 482
75 59 15 3 207 303
51 59 6 3 537 600
86 25 23 2 226 502
97 19 22 2 381 670
7 18 17 6 215 340
24 2 28 1 213 374
17 10 19 4 414 560
23 68 30 6 342 601
2 87 28 7 374 626
97 4 19 6 319 554
67 84 17 7 274 336
42 92 20 1 606 782
72 31 22 5 347 615
33 55 6 5 599 788
31 55 16 1 553 719
45 63 6 3 360 644
56 81 20 2 413 606
73 92 11 4 420 627
29 29 25 5 344 462
19 2 13 5 416 693
8 46 19 4 479 636
13 29 30 1 268 400
64 9 6 7 254 329
93 11 29 3 482 564
87 22 18 2 343 583
50 31 11 3 705 771
69 94 5 4 200 402
34 25 26 5 231 438
100 42 11 7 225 326
1 64 6 7 505 582
11 61 5 1 552 675
81 7 5 4 572 706
15 39 9 5 638 780
19 77 28 6 534 629
59 83 6 4 464 588
57 96 13 6 517 631
77 87 29 5 265 525
25 100 5 5 365 655
72 96 28 7 298 403
17 80 27 6 294 438
95 48 11 5 471 760
84 81 7 3 216 461
37 18 16 6 589 777
25 95 18 3 259 474
5 14 8 7 275 567
59 95 30 1 601 701
13 21 22 5 336 523
49 17 8 1 435 723
50 60 25 3 321 441
94 71 8 5 533 653
91 15 18 4 615 784
88 82 25 6 339 564
48 80 29 5 267 332
97 0 11 5 478 584
16 96 11 7 317 590
96 8 21 5 260 517
21 32 24 2 235 501
94 73 9 4 624 769
0 29 27 5 626 749
18 93 19 3 386 595
2 76 15 2 479 769
86 62 29 6 629 794
17 64 30 6 425 537
28 61 12 6 553 658
100 28 18 4 612 673
27 44 24 5 515 683
30 21 7 1 560 765
22 55 21 4 429 546
60 34 29 1 268 541
47 11 22 5 649 753
7 67 16 3 498 723
92 9 13 2 633 759
16 64 5 6 223 288
77 76 10 2 286 509
100 36 11 2 547 712
68 0 6 6 235 436
84 78 15 6 279 488
5 13 9 1 221 431
36 43 16 3 459 665
21 84 9 5 387 527
4 96 17 2 612 677
19 52 5 3 260 457
5 79 15 7 371 485
14 69 30 4 264 552
49 1 29 3 236 411
7 28 16 5 490 625
49 23 20 6 389 541
79 53 7 2 584 721
79 12 22 6 645 715
17 92 7 2 507 657
47 19 14 5 383 563
6 76 5 1 453 575
36 57 22 7 382 663
63 58 22 7 412 477
80 67 17 1 617 762
29 30 9 5 477 683
67 99 30 3 316 442
2 40 30 1 587 717
94 69 13 4 559 684
95 24 6 6 630 717
41 100 24 4 366 569
