1241
33 72 0 0 0 0
26 38 24 3 425 616
6 15 15 6 621 685
75 77 13 5 373 453
68 22 22 4 346 482
89 18 17 6 452 610
65 66 13 4 317 413
63 11 25 5 322 445
49 98 28 7 483 595
32 86 29 2 332 626
10 24 7 6 208 400
72 39 20 4 526 589
16 95 16 2 211 445
35 43 27 1 651 727
67 20 12 6 411 585
77 81 6 2 280 559
64 64 25 6 219 335
56 17 22 1 286 447
2 15 19 3 531 683
99 9 7 7 274 517
32 83 6 6 525 681
8 71 22 7 486 619
22 16 16 6 366 608
30 29 14 5 552 712
47 87 26 3 476 584
92 6 29 3 382 627
19 15 18 2 257 420
42 28 6 5 451 611
13 66 8 1 460 657
87 14 27 7 596 707
5 77 19 1 204 435
92 9 9 3 510 671
46 40 28 1 222 315
23 86 30 7 392 682
54 36 7 2 404 677
47 98 8 6 451 558
13 40 11 2 396 579
51 49 17 4 669 729
33 37 21 4 307 486
44 50 10 6 585 784
4 45 23 5 417 604
99 91 26 1 398 674
87 41 16 1 313 534
10 42 11 7 582 669
81 51 28 6 358 651
92 27 10 7 327 423
30 80 12 2 594 738
23 18 26 6 631 767
46 13 18 5 561 746
28 5 28 2 516 787
31 79 23 7 429 587
59 77 26 2 408 516
42 27 23 7 649 727
80 96 7 6 541 641
90 59 28 3 214 494
0 67 11 1 447 528
67 9 17 6 242 428
92 17 15 1 361 510
96 3 14 1 339 625
16 63 18 2 286 500
97 13 10 2 706 777
9 19 7 2 262 546
59 51 15 4 678 771
100 24 30 5 201 465
54 98 20 1 241 420
22 6 20 6 532 635
47 46 30 2 307 458
11 36 29 1 566 664
22 40 11 5 559 746
24 72 13 6 538 729
98 19 19 6 448 547
21 37 26 5 564 727
24 59 8 2 698 795
74 35 17 2 300 437
83 80 28 1 352 518
51 3 17 7 607 734
71 65 17 6 287 458
72 5 22 6 639 731
16 35 25 4 482 632
51 50 18 2 573 748
19 100 23 2 673 795
15 80 14 2 406 484
64 82 10 7 521 591
79 88 11 6 648 783
31 7 24 5 310 381
36 57 12 6 447 551
74 96 28 6 654 796
56 5 26 1 367 594
79 24 14 1 490 698
22 91 18 7 429 654
100 77 24 6 409 557
61 84 28 6 400 653
88 33 8 4 429 601
15 74 20 7 545 704
8 57 20 4 619 699
74 26 16 2 387 651
94 39 8 2 497 786
18 10 13 4 308 488
27 41 24 4 519 756
44 48 20 4 428 676
65 13 21 4 481 683
31 58 12 5 242 382
35 98 9 4 487 556
21 0 18 3 558 697
19 77 27 7 335 565
53 83 24 4 458 676
72 90 12 6 659 759
91 5 28 4 332 452
87 28 27 3 387 675
87 0 22 2 546 707
70 80 18 2 253 337
81 34 9 1 222 384
92 93 26 2 500 765
90 67 12 4 464 544
17 15 20 3 462 586
90 93 11 6 657 788
97 82 9 6 502 613
54 63 10 7 288 357
87 36 6 7 381 466
82 40 8 3 338 461
51 44 22 7 363 633
20 71 5 6 309 432
68 57 7 3 627 792
36 28 18 2 549 735
39 47 16 1 287 541
58 26 20 7 578 700
54 84 21 6 333 466
31 75 25 5 443 512
25 23 12 6 447 608
26 33 21 7 204 355
99 11 17 5 386 628
16 51 27 5 545 775
60 43 13 6 221 386
12 93 17 6 282 570
88 58 18 7 417 592
36 55 29 1 302 400
40 91 9 2 522 627
63 4 12 2 401 581
69 33 7 5 246 434
27 56 19 3 588 725
80 0 5 6 251 330
63 86 18 5 565 778
32 24 30 7 589 706
24 25 24 3 260 423
85 98 8 7 657 795
12 21 15 4 416 602
80 44 19 4 393 492
67 96 6 3 613 693
49 67 5 2 393 571
2 33 11 3 514 631
10 56 7 7 527 721
44 98 16 6 397 510
39 53 5 5 286 459
64 30 19 1 328 477
24 79 29 3 380 590
14 83 11 2 320 609
70 13 12 3 467 547
83 40 13 3 227 287
69 86 10 5 462 579
16 58 24 6 315 516
38 45 25 5 447 512
84 30 26 2 242 387
96 73 6 4 596 783
72 28 6 4 504 728
91 51 28 6 352 497
43 12 20 4 216 405
84 67 23 6 493 715
45 16 6 5 218 339
46 16 17 2 500 768
14 87 20 5 380 508
28 62 24 2 511 697
38 85 25 7 543 777
92 31 29 3 340 527
74 41 9 1 492 734
20 8 23 4 284 561
82 81 29 5 285 519
9 72 12 6 586 687
1 82 10 7 237 445
43 85 30 6 308 498
60 9 19 2 431 672
89 32 11 7 441 639
26 6 25 2 455 687
3 85 27 3 273 438
19 2 23 7 206 411
54 4 27 3 234 507
31 98 12 6 562 691
72 58 12 1 547 735
100 63 9 3 507 649
57 26 7 3 434 556
98 28 27 5 422 595
39 60 13 1 574 670
5 37 29 4 500 752
19 10 19 6 570 722
81 20 26 3 356 575
47 27 17 3 448 652
73 5 26 6 258 512
63 10 13 1 344 621
65 29 7 5 464 558
94 59 23 3 313 521
38 52 24 5 475 568
24 91 11 6 536 740
16 47 22 7 293 529
52 26 13 5 287 573
82 15 30 4 214 300
52 12 27 4 468 759
88 20 21 5 462 699
6 31 21 7 508 739
87 93 27 5 459 638
90 64 8 6 602 780
89 92 27 5 391 452
91 92 17 3 378 565
19 29 9 4 247 538
95 79 15 7 552 754
17 58 21 5 482 567
17 57 30 7 549 618
100 71 11 4 474 633
28 90 13 4 512 629
31 66 17 3 567 750
88 40 23 1 348 561
42 18 11 1 443 589
10 86 29 7 217 481
97 63 16 7 321 544
98 16 27 3 525 775
71 56 26 4 375 590
44 78 17 2 520 687
59 78 13 1 209 288
50 27 18 4 478 619
61 35 30 4 217 431
37 80 21 1 495 633
50 79 19 2 432 728
14 56 10 2 732 798
78 32 9 3 620 720
1 1 6 4 360 452
67 36 5 7 229 364
41 55 18 4 427 644
97 25 19 5 355 446
61 67 5 4 373 477
5 74 6 5 429 631
77 13 22 6 281 501
48 24 23 2 492 635
47 74 13 4 335 618
45 62 20 3 326 482
78 23 13 6 242 371
19 74 18 2 518 687
33 8 28 7 240 470
22 92 10 3 292 520
45 66 21 3 341 472
56 65 25 3 692 772
46 21 9 3 353 634
31 61 12 7 575 760
22 79 5 5 424 580
7 85 22 3 625 716
49 13 20 1 489 577
51 18 28 4 522 686
50 57 13 6 444 619
86 23 25 6 284 532
49 75 10 6 268 459
95 1 24 3 496 760
93 0 29 2 486 556
81 41 15 7 532 768
64 12 25 4 283 565
86 98 30 4 554 789
69 95 8 2 265 459
84 17 11 7 294 458
56 76 11 3 293 544
93 63 23 2 483 693
72 45 24 6 271 368
66 5 14 6 449 696
22 62 28 1 542 742
54 55 9 7 397 659
88 24 30 4 293 446
64 14 27 1 543 654
76 3 19 2 398 612
37 93 7 1 542 707
45 30 14 7 274 417
58 95 6 7 274 365
61 8 29 1 476 719
39 30 28 1 500 619
54 22 25 3 531 728
67 13 28 3 450 556
74 18 7 7 296 478
98 37 18 3 505 662
29 52 7 3 630 716
79 42 7 4 311 500
83 98 11 5 569 651
14 1 25 7 512 627
37 86 14 2 456 581
89 49 6 4 425 550
44 39 8 2 529 592
61 29 17 1 396 484
10 6 29 5 216 441
61 0 11 5 376 489
95 53 21 4 324 497
46 83 22 5 433 508
89 78 18 4 318 495
23 12 26 1 259 557
10 41 20 4 336 423
95 99 10 3 681 764
98 27 12 3 339 605
62 88 21 5 537 689
72 83 19 2 428 686
16 55 28 4 384 534
54 43 11 3 406 485
51 84 20 4 359 477
53 89 15 4 208 438
68 30 14 7 288 559
55 80 19 1 337 507
66 1 9 4 446 576
45 13 30 4 633 774
48 65 13 5 533 661
98 65 10 7 247 339
23 63 12 5 340 517
100 66 8 7 307 443
47 21 22 4 224 300
75 34 23 7 381 559
20 56 12 3 263 338
78 56 11 5 435 623
53 60 26 1 223 336
35 24 25 3 271 371
12 16 5 7 203 439
0 80 23 7 220 387
56 9 13 1 709 799
35 9 28 2 213 312
35 8 30 4 311 417
46 45 14 7 538 778
77 86 22 4 406 566
61 64 25 1 326 577
7 87 24 2 348 629
34 4 28 6 520 783
10 94 12 5 203 442
9 37 19 5 488 733
25 49 23 2 446 620
6 85 30 4 595 744
43 72 10 7 228 437
30 82 30 3 460 611
46 97 10 2 586 741
95 52 22 4 451 660
59 23 11 4 364 468
30 65 9 7 214 413
59 25 7 6 671 767
70 32 12 5 371 607
45 74 7 2 390 454
96 85 16 1 485 615
64 29 13 6 390 631
78 21 20 1 398 601
20 94 7 3 390 490
14 17 21 5 614 695
47 2 24 4 704 786
98 92 23 7 519 704
72 80 8 1 681 743
8 21 12 5 406 595
94 84 5 1 325 440
47 100 6 3 594 761
98 72 19 5 201 344
90 86 8 1 617 691
69 75 21 2 526 674
33 89 17 1 403 622
48 68 23 3 587 783
63 68 22 1 337 610
53 74 30 4 476 659
15 51 20 2 206 402
94 43 8 5 218 486
68 52 19 4 631 707
16 17 19 5 406 610
10 13 7 3 331 520
76 87 15 2 491 786
24 24 7 4 209 296
18 55 24 2 559 760
11 91 20 4 260 385
29 51 5 5 310 426
89 22 6 4 415 662
6 83 27 4 390 518
55 93 5 4 276 460
76 74 28 2 301 446
91 38 29 5 478 691
92 22 22 4 288 430
42 19 29 1 407 559
67 23 15 4 305 428
70 37 20 1 325 394
33 32 26 5 317 385
77 51 18 2 387 498
47 75 13 4 411 613
94 71 26 4 212 364
35 92 14 6 330 561
66 63 28 7 361 553
92 28 14 7 242 523
72 47 13 6 486 773
10 11 29 1 465 669
1 30 17 3 313 588
41 46 24 3 210 495
56 53 12 7 493 655
59 90 17 6 508 690
40 38 13 2 241 424
87 48 23 4 354 649
53 91 12 3 610 698
43 35 11 5 541 709
84 94 11 2 325 427
98 34 5 6 511 679
46 71 27 5 492 712
37 52 19 6 319 498
95 100 8 5 377 677
46 99 24 7 555 716
71 37 15 3 523 645
69 44 6 4 303 517
78 39 29 7 508 787
23 83 21 6 586 668
44 56 7 6 437 639
77 40 5 5 333 481
11 83 20 4 206 378
84 6 27 1 331 425
45 55 9 2 232 512
43 87 12 5 314 430
77 18 14 6 228 360
72 68 19 5 452 558
75 22 19 2 489 583
0 100 12 2 666 792
18 51 5 1 461 602
81 67 15 5 434 613
66 64 26 5 226 425
100 55 7 4 258 433
35 49 27 5 628 732
87 19 26 2 314 563
13 24 7 5 375 674
39 71 22 5 511 744
43 100 18 1 393 600
84 89 15 3 201 366
57 74 11 5 350 499
45 78 8 5 521 590
48 100 20 2 443 668
89 96 26 3 456 586
8 72 27 6 622 684
87 83 13 7 592 652
61 10 7 5 226 330
96 63 29 5 345 456
32 13 9 3 363 492
22 25 22 6 347 622
36 95 10 6 361 502
77 88 15 6 336 404
36 86 8 2 317 389
5 53 8 3 445 676
72 87 20 1 345 641
28 99 12 1 445 691
10 10 6 2 333 586
27 83 25 5 504 685
4 23 5 5 417 599
84 11 7 2 459 759
93 74 25 7 472 727
69 9 11 7 457 586
61 23 14 7 646 733
13 42 8 4 538 629
77 6 29 2 461 755
92 11 9 3 349 446
29 8 28 2 431 499
24 46 12 3 289 579
0 0 25 5 295 543
74 59 27 6 226 338
1 61 21 1 296 543
77 33 20 6 230 319
43 9 29 1 390 556
35 42 20 2 693 760
93 69 17 3 524 631
40 13 16 4 524 785
83 74 27 2 559 762
89 55 9 5 407 630
77 7 6 3 501 702
41 18 24 7 243 371
73 95 5 6 313 511
73 11 12 3 219 410
65 53 14 4 476 628
82 45 24 6 578 706
1 18 5 4 554 684
81 29 24 2 353 488
53 25 19 7 366 613
31 12 20 4 657 724
55 20 24 6 263 489
63 21 9 7 368 514
85 17 18 6 348 568
46 20 15 5 419 634
28 49 28 7 404 465
83 42 24 1 352 580
6 44 24 5 403 478
60 49 20 7 678 746
58 86 18 3 438 639
94 57 30 3 260 329
6 35 21 5 522 609
37 6 24 7 601 747
31 97 20 2 491 571
65 74 30 4 231 301
87 64 20 5 438 681
12 0 10 2 293 457
73 81 23 6 354 652
23 9 16 3 225 349
17 67 17 5 502 571
96 69 20 3 248 537
92 0 29 4 283 436
75 20 25 2 396 632
41 15 24 5 297 424
36 17 9 2 612 713
34 26 23 7 340 503
36 47 21 3 567 665
57 85 8 4 407 621
29 21 24 2 605 738
5 14 15 3 618 712
16 76 6 7 280 535
30 47 19 5 592 792
73 48 27 2 495 727
48 55 23 2 470 768
76 22 17 1 493 669
98 68 21 4 510 740
4 100 9 1 373 651
52 82 5 3 434 682
30 88 24 5 462 744
37 23 24 2 422 682
90 52 27 1 382 451
63 37 30 7 508 743
4 25 27 4 558 794
55 46 26 2 309 587
3 25 22 1 539 708
19 31 8 3 425 667
81 47 29 2 259 485
74 74 10 3 357 478
76 67 30 7 382 526
10 36 14 4 262 334
16 23 7 5 244 331
48 41 25 3 618 743
67 81 27 5 219 432
14 11 14 4 611 706
53 71 6 4 288 576
13 82 17 1 361 423
45 17 14 5 557 798
81 37 18 7 247 435
37 40 19 7 485 617
79 46 28 5 455 552
78 48 29 3 638 709
51 88 5 2 312 474
77 11 21 4 574 798
55 24 17 4 551 653
46 33 19 2 425 632
3 66 21 1 309 453
83 16 24 7 486 699
83 12 16 7 400 699
6 39 22 3 519 637
37 76 28 1 559 677
66 22 20 3 231 495
70 42 25 1 259 450
4 18 27 2 520 758
8 95 30 6 498 589
15 79 9 1 252 427
66 87 7 5 553 783
11 14 27 6 204 445
53 81 5 2 584 796
60 63 22 7 322 459
86 5 13 7 469 652
78 43 13 7 558 747
73 49 5 6 248 489
97 59 12 7 378 658
61 22 10 5 513 654
75 11 5 1 413 662
93 99 20 1 562 696
65 39 22 6 709 783
82 62 20 7 253 474
53 93 25 1 388 457
31 83 9 3 486 727
43 31 21 5 522 588
66 47 24 7 434 502
9 48 19 3 298 554
21 66 7 5 446 606
1 19 23 6 432 577
92 55 7 6 470 554
67 100 7 5 223 516
10 82 8 4 667 748
75 53 8 6 626 761
1 21 23 7 429 625
13 38 5 2 486 584
60 75 27 4 517 626
49 3 27 1 514 687
76 53 22 4 461 758
31 14 25 5 314 602
60 10 13 2 376 620
31 82 25 5 230 514
79 30 19 7 226 519
55 88 29 3 337 403
92 54 5 6 471 692
1 69 12 1 380 541
74 39 16 5 311 488
68 6 28 1 433 705
29 58 27 5 582 730
84 43 7 7 481 697
94 94 18 5 522 781
14 54 15 2 613 681
96 56 20 1 694 793
18 57 22 5 558 794
70 26 29 4 260 428
18 45 26 7 527 654
53 97 28 4 525 689
2 23 21 1 224 488
73 13 24 1 237 476
8 63 21 5 232 481
84 36 13 2 209 333
98 74 14 1 516 645
19 65 10 2 265 402
31 37 12 5 420 689
2 97 27 6 302 581
76 88 30 7 519 729
23 48 12 5 432 651
15 13 23 4 587 719
2 70 27 7 561 751
96 64 26 1 562 794
26 49 9 3 524 700
60 27 15 2 319 418
80 20 20 5 340 519
58 37 18 1 579 728
20 13 23 2 472 746
6 57 8 3 542 713
58 83 20 4 283 488
83 52 26 4 388 642
42 79 7 1 366 580
80 47 26 5 365 600
29 98 16 7 312 569
59 79 12 3 434 692
73 96 19 5 491 785
96 61 22 2 501 762
43 68 9 4 268 415
84 54 13 6 601 751
57 92 20 3 472 711
19 23 20 4 457 619
78 66 10 5 615 715
64 85 7 3 603 738
23 26 15 5 448 744
51 2 11 4 549 653
18 87 8 2 483 779
37 78 10 1 423 694
15 84 28 4 627 752
17 82 13 1 307 375
90 69 13 6 535 672
12 34 15 7 493 577
55 44 16 1 442 557
73 73 27 2 317 534
51 79 25 5 259 376
34 89 26 5 465 537
97 79 20 5 677 773
29 59 23 5 557 754
99 28 13 6 275 464
44 49 20 7 503 642
14 16 25 4 427 716
24 27 7 5 446 636
41 44 30 5 401 518
45 53 14 2 291 451
35 68 27 7 592 787
81 98 7 7 336 452
74 88 25 4 288 541
88 44 21 5 320 582
81 63 23 1 323 574
85 91 21 2 303 599
82 11 25 3 663 763
48 83 11 7 220 408
78 72 25 6 216 473
18 38 11 5 507 645
18 73 13 7 352 470
48 35 5 5 418 483
9 58 11 6 342 600
91 100 22 2 345 522
86 42 9 5 263 324
6 99 14 2 584 671
4 78 20 6 340 489
71 40 20 6 218 383
44 19 12 5 471 614
33 94 29 5 401 601
54 38 27 6 549 738
95 58 12 7 335 512
76 66 21 5 333 397
22 26 28 5 589 782
76 59 27 2 629 799
29 19 30 4 342 528
53 20 19 7 462 726
28 4 14 4 496 793
52 8 29 7 377 575
52 77 28 7 413 668
49 14 18 6 237 297
93 17 6 5 367 608
31 52 10 1 255 514
78 10 23 1 605 692
81 99 28 2 411 622
6 86 27 3 344 410
36 100 18 5 379 490
70 12 7 1 592 794
16 100 29 5 307 539
35 97 16 7 336 592
14 77 22 2 270 506
62 25 16 1 359 466
75 25 30 1 561 751
53 72 13 2 558 712
47 7 23 1 360 538
60 83 26 3 480 728
62 40 16 3 240 311
31 41 28 3 641 726
23 35 7 5 268 507
73 59 7 6 393 561
12 66 27 1 675 747
30 94 28 7 579 716
10 66 10 7 263 417
83 70 20 1 502 637
13 51 26 6 384 533
68 13 26 2 353 440
88 14 18 4 279 364
94 5 14 5 302 563
83 83 25 2 242 479
47 52 6 6 445 506
91 80 27 2 560 659
70 50 7 3 371 458
35 74 14 3 615 800
6 87 27 7 658 754
100 93 16 4 557 687
98 88 15 6 301 531
94 70 7 6 333 577
55 49 13 4 521 782
62 27 26 4 209 361
89 38 5 5 442 579
31 46 29 1 262 389
63 1 15 5 513 753
100 47 10 5 429 639
40 55 20 2 402 686
61 24 26 4 401 534
29 65 19 4 623 691
27 13 21 5 371 636
15 49 20 5 506 612
67 87 24 2 410 556
17 38 14 2 287 511
5 96 23 3 329 438
69 43 20 2 318 460
45 88 22 5 262 451
59 21 11 4 394 632
64 27 24 4 490 675
93 13 26 7 364 510
96 13 7 2 382 541
3 12 22 5 491 576
32 46 19 6 374 468
61 1 21 3 211 273
73 61 16 1 341 638
66 27 5 2 425 662
88 41 9 4 637 797
52 100 26 3 417 523
12 69 6 2 269 535
14 72 12 3 522 723
70 66 25 5 493 721
56 2 16 2 447 535
93 23 24 1 584 799
22 27 15 3 509 603
25 99 14 1 584 753
22 10 16 6 206 302
99 66 12 6 514 620
85 22 30 5 281 531
2 42 7 5 274 518
84 16 12 6 409 620
94 14 10 1 394 623
85 36 12 1 412 617
28 24 10 7 433 580
55 33 26 4 262 472
6 53 11 7 679 757
18 13 22 5 232 381
0 36 15 2 243 388
12 94 6 2 430 597
85 42 14 1 536 776
26 24 17 1 245 393
93 80 29 7 455 553
27 32 10 7 230 400
29 33 11 7 214 284
35 21 22 1 475 622
77 76 22 3 492 774
34 19 19 3 497 599
45 3 19 2 245 311
52 49 25 2 222 477
36 94 18 6 297 495
36 56 23 5 415 582
46 35 19 5 443 513
45 34 9 6 573 692
16 65 18 5 232 397
95 50 27 4 428 590
57 53 18 2 407 592
34 77 5 3 657 771
38 98 28 1 288 546
92 61 30 7 243 486
89 71 14 4 415 505
51 72 15 1 307 533
6 72 19 6 330 542
3 71 16 6 368 546
69 98 11 4 437 632
83 57 12 3 653 738
70 41 24 2 426 523
86 89 11 1 315 408
79 52 27 2 223 385
49 20 29 3 563 786
59 11 9 5 475 618
17 19 16 1 289 351
0 31 29 2 215 313
26 14 8 2 215 449
3 76 13 7 504 679
22 61 17 7 343 429
93 67 5 1 399 492
19 36 26 7 635 728
71 31 10 7 334 553
60 15 28 7 363 618
12 81 17 6 364 538
42 75 16 2 485 594
78 88 6 6 203 281
40 7 25 1 455 644
10 34 23 5 517 717
46 58 8 3 426 711
41 23 20 4 313 542
42 36 7 2 207 469
67 98 17 6 267 452
90 62 10 6 442 703
99 65 28 5 304 478
47 10 19 4 501 597
27 0 27 2 610 793
64 20 22 5 467 659
63 44 18 5 401 547
64 18 25 2 314 400
81 28 18 6 386 635
54 24 17 4 440 556
96 68 29 5 651 748
49 18 16 6 329 538
47 86 25 1 447 606
13 97 22 1 248 492
63 60 30 1 231 443
11 43 15 5 484 735
7 27 11 1 271 356
81 43 24 2 337 599
52 64 29 4 477 575
24 50 18 7 241 348
69 16 16 7 604 778
97 69 30 5 340 511
47 41 22 6 206 428
28 1 25 3 331 550
46 78 30 1 282 347
87 45 9 2 370 636
54 80 15 5 630 739
42 24 24 1 306 517
96 60 29 5 360 495
28 58 17 5 222 438
4 80 8 3 587 705
87 31 20 3 337 488
4 93 29 5 349 566
100 100 12 1 422 524
24 66 24 2 295 403
7 92 28 2 502 741
61 2 17 6 580 783
8 91 28 4 342 521
58 40 20 7 580 678
97 41 19 6 213 408
66 15 22 1 412 628
81 24 9 3 630 709
48 26 22 3 600 784
91 83 5 6 499 749
42 78 20 3 461 531
9 30 7 3 371 438
75 7 11 4 266 419
16 40 23 4 304 539
84 2 19 7 516 767
21 84 9 5 519 589
79 69 25 2 589 775
79 80 11 3 343 475
79 73 8 5 566 780
64 95 11 3 257 396
39 15 10 1 640 769
24 57 17 6 342 597
9 97 24 6 261 404
83 41 16 7 604 707
32 34 22 3 200 412
67 48 6 5 332 494
36 67 23 6 251 327
43 99 14 4 229 343
84 85 23 3 299 437
48 59 22 4 333 460
5 39 13 1 577 799
85 72 27 7 357 606
3 22 21 2 395 613
11 39 7 5 557 745
25 32 19 1 275 425
36 4 22 3 622 762
29 63 22 4 227 431
34 50 29 1 435 510
46 77 18 5 403 655
52 37 19 4 230 520
36 63 26 2 471 767
44 20 30 6 261 515
57 36 8 4 547 756
54 35 23 3 465 693
8 43 24 1 590 758
30 32 23 1 382 644
88 7 29 4 315 548
3 38 9 5 525 792
24 81 22 3 528 630
3 96 14 3 455 610
31 89 19 1 403 580
84 87 19 2 205 481
41 54 21 1 232 416
33 41 28 3 431 697
80 30 11 4 574 783
28 84 9 4 534 780
83 45 25 3 542 719
16 6 6 1 420 531
22 32 19 1 303 461
96 39 11 5 412 539
72 52 9 2 547 650
85 74 15 5 442 571
61 36 29 6 201 480
32 84 29 3 653 761
43 29 21 3 568 749
58 71 23 1 318 522
49 46 10 2 346 412
82 9 8 1 357 641
34 47 12 6 370 659
88 85 28 1 554 723
27 66 11 1 310 428
82 85 6 1 370 461
29 99 28 1 486 665
42 65 25 6 268 409
4 19 24 7 380 441
50 81 20 3 277 419
23 90 9 4 623 740
61 70 15 1 557 629
8 74 13 7 515 788
62 10 26 3 541 783
36 73 16 4 521 793
13 10 16 7 201 387
95 67 7 3 371 556
68 96 11 3 316 449
100 10 13 6 611 731
62 15 16 3 218 418
13 2 30 6 287 524
53 87 27 2 298 497
47 39 18 1 430 597
69 89 7 5 289 459
97 22 15 6 323 615
30 74 8 2 493 776
92 7 6 2 634 757
82 70 30 3 265 408
69 4 11 4 255 324
69 53 10 5 239 425
62 78 28 6 491 637
95 37 29 2 415 553
34 39 27 1 268 388
58 16 26 4 641 766
14 82 17 3 262 473
59 47 23 4 326 531
83 95 19 2 205 350
21 91 16 4 613 792
50 11 24 5 260 440
26 70 15 4 472 768
79 19 19 4 274 373
45 61 19 4 624 744
97 51 20 2 445 523
79 60 19 3 627 730
60 69 11 4 502 789
48 67 9 2 402 465
19 64 27 5 657 754
70 1 25 7 665 754
22 47 6 1 487 658
25 76 8 3 631 709
69 79 23 2 590 732
31 77 13 7 516 734
50 28 8 5 485 719
65 47 11 1 325 413
20 31 6 5 567 691
55 63 7 3 425 542
3 33 5 4 340 617
71 17 17 5 611 747
73 0 13 1 340 430
80 31 5 5 396 662
61 44 6 2 491 648
93 33 18 3 294 574
78 86 21 2 636 709
96 82 15 2 488 671
47 3 24 2 295 568
98 83 14 1 681 762
92 24 25 7 482 619
24 0 7 2 315 504
96 32 9 3 255 418
73 65 25 4 400 657
81 22 21 5 264 499
90 36 6 7 721 797
86 32 20 7 316 564
28 36 23 4 224 287
99 41 20 5 209 399
46 36 20 2 289 487
99 96 11 6 481 744
82 99 20 2 600 688
49 73 29 4 449 629
46 11 21 7 368 480
21 11 19 4 551 667
89 58 19 4 457 601
32 23 8 5 316 606
66 20 29 1 678 770
9 71 16 3 307 589
60 94 23 3 334 530
50 19 9 7 206 403
84 1 20 6 258 349
44 25 19 6 467 677
24 13 14 6 433 682
8 6 12 5 566 666
68 15 10 7 526 799
89 13 19 5 328 590
43 75 6 7 501 708
5 60 7 1 219 469
99 26 25 4 492 792
23 4 14 1 456 709
42 35 16 3 284 438
18 100 14 2 432 494
67 92 27 2 619 705
70 9 12 4 367 530
38 10 14 1 201 467
67 45 29 1 541 798
75 36 19 1 387 601
25 88 9 4 365 520
30 57 13 1 377 672
6 74 29 4 340 426
94 99 6 7 235 414
30 75 16 3 408 703
15 35 6 3 446 578
14 5 10 6 220 395
39 79 21 3 531 703
97 40 11 7 378 475
7 1 5 1 435 557
12 79 5 5 249 422
88 46 10 2 484 658
23 71 5 1 256 458
20 69 15 7 485 608
31 51 18 5 252 388
21 82 9 2 584 751
29 27 7 1 222 398
71 43 22 3 568 628
17 13 24 6 251 346
57 73 21 6 540 726
90 6 14 5 269 355
58 50 21 3 317 537
31 15 23 4 284 394
90 22 30 7 497 714
17 93 20 7 358 605
42 84 13 3 471 536
79 85 8 2 485 645
63 75 20 3 567 740
59 32 22 3 463 763
77 68 25 4 355 519
99 19 7 6 521 765
5 100 6 6 487 717
44 36 29 4 360 645
49 78 16 5 643 742
49 27 12 4 454 675
67 90 15 3 438 652
12 30 13 6 432 701
74 66 30 7 412 614
69 93 6 4 647 714
37 42 7 3 491 677
17 92 19 6 423 723
78 92 12 5 362 541
97 37 18 5 287 352
13 53 26 2 346 571
2 44 22 1 376 659
89 27 15 5 318 446
12 68 10 7 292 381
78 89 15 1 256 541
78 46 6 4 360 469
56 99 29 2 447 551
89 99 23 2 269 514
26 71 28 2 346 517
19 1 11 5 466 572
17 48 10 2 326 400
15 5 29 5 438 567
42 58 9 4 510 591
30 62 26 2 526 630
54 73 29 7 475 623
56 98 26 6 263 330
29 79 15 7 623 720
17 43 12 7 307 463
87 78 10 2 596 702
78 52 16 1 343 492
11 2 7 5 406 556
32 22 29 5 432 716
65 80 22 4 452 595
27 52 5 3 448 585
11 52 19 3 568 740
81 31 21 2 238 445
68 36 24 4 563 730
37 9 10 6 237 473
10 91 5 4 496 719
56 74 21 3 334 451
33 58 15 4 399 573
80 57 28 3 272 534
13 28 23 4 286 406
21 64 24 6 291 372
2 35 14 4 256 381
74 76 6 7 619 793
98 42 29 7 597 792
33 54 12 4 263 365
22 76 30 7 519 641
5 40 16 2 543 762
40 70 10 7 598 688
22 48 13 1 406 608
37 20 6 5 329 399
64 78 27 4 302 571
59 92 24 5 343 592
39 25 30 5 510 786
33 86 16 5 449 573
91 12 11 4 577 671
59 88 20 2 259 371
81 26 7 6 468 612
86 61 27 5 317 433
49 71 11 7 251 420
0 37 11 1 233 506
10 5 23 3 592 785
88 18 10 1 361 453
54 74 25 7 300 499
49 43 13 6 339 403
17 53 16 1 397 473
85 54 27 1 250 371
86 77 13 5 339 562
69 85 24 2 217 283
81 78 15 5 479 630
62 75 10 3 637 775
4 92 16 6 436 682
99 58 20 1 532 633
55 13 21 5 380 654
11 24 28 1 478 590
16 73 6 2 293 364
23 50 17 3 243 378
97 96 16 1 290 538
74 33 24 5 407 686
48 91 26 6 369 472
9 46 30 6 310 405
22 89 11 5 360 579
42 4 28 1 494 792
5 30 27 3 626 686
69 78 9 5 530 722
0 72 27 1 457 522
82 25 28 5 701 773
95 63 30 6 255 451
65 32 7 7 614 680
74 73 11 3 293 434
46 1 30 1 313 463
36 97 19 4 646 717
26 55 25 2 565 709
58 56 10 5 358 431
3 83 18 4 491 633
29 50 27 1 323 555
75 87 20 4 370 488
12 62 5 4 648 786
56 59 21 4 482 552
26 99 5 2 304 545
58 15 17 7 551 791
69 32 8 6 284 522
89 56 10 6 222 374
57 96 15 2 261 366
59 29 24 1 433 504
76 7 15 3 258 404
43 65 24 5 392 542
15 47 27 1 225 364
40 12 18 1 261 558
36 21 24 4 451 550
95 42 5 2 385 631
93 32 13 4 316 521
55 16 18 3 285 581
85 100 12 5 409 531
86 70 23 2 368 517
5 79 21 4 360 653
46 64 30 5 448 620
12 67 12 4 297 596
56 73 25 5 669 772
40 44 19 2 433 707
99 80 16 7 410 662
15 11 24 4 482 685
93 5 20 3 371 452
66 51 29 3 428 700
76 6 11 5 389 480
49 40 9 1 520 786
94 56 5 3 235 459
28 25 19 3 446 701
67 61 26 2 456 728
26 47 23 3 513 773
96 50 9 7 302 489
46 54 5 6 300 401
66 100 23 4 224 343
4 52 14 3 572 772
3 65 15 6 599 759
40 6 17 7 384 639
50 18 22 4 305 513
76 29 19 3 376 441
72 84 21 7 298 370
59 22 8 4 647 712
63 34 9 3 509 722
60 16 24 7 296 425
50 67 29 1 584 676
13 63 26 6 282 541
92 73 28 1 267 402
19 27 14 1 377 637
41 25 26 3 684 800
35 71 6 7 346 481
82 1 23 7 587 724
14 94 6 6 653 780
64 97 13 6 571 741
20 23 19 1 640 740
7 44 18 3 311 524
42 15 21 6 386 601
92 47 6 7 583 705
90 33 11 3 498 758
99 29 6 6 259 387
14 8 28 4 294 497
83 87 27 3 438 658
64 63 18 7 379 625
99 95 13 7 533 677
71 24 15 3 639 778
41 7 25 3 428 727
22 90 27 1 385 523
35 48 27 7 299 406
37 99 18 4 350 483
4 40 19 5 459 551
99 48 8 2 619 785
9 49 7 1 561 724
94 30 13 7 217 445
53 13 14 1 248 455
54 2 19 7 404 625
90 82 10 5 632 782
8 94 7 3 574 668
0 13 27 3 464 543
36 78 16 7 446 728
7 13 19 6 597 774
86 100 16 7 561 680
35 31 12 4 413 582
50 21 6 2 416 489
78 18 28 3 275 395
71 1 28 2 428 641
56 21 28 4 395 509
93 92 12 2 331 609
21 97 17 6 519 721
55 51 8 5 650 762
76 60 20 4 514 778
55 70 18 7 261 447
1 70 21 3 450 635
67 19 23 2 434 664
24 37 18 1 525 772
95 22 19 1 374 451
