994
60 80 0 0 0 0
51 26 11 2 214 462
13 86 29 4 439 562
81 51 6 7 504 682
65 24 20 3 209 504
95 30 22 1 490 606
40 3 20 5 415 666
13 47 30 7 302 537
81 39 23 4 453 544
17 51 15 4 414 505
23 59 26 2 656 728
74 14 11 1 572 674
31 37 21 5 255 555
85 88 16 5 609 706
34 19 14 1 400 616
45 57 18 2 265 536
37 11 5 3 443 617
61 48 14 7 647 750
81 66 8 6 608 786
14 5 6 2 446 613
69 10 9 5 722 799
82 76 8 5 476 701
41 73 25 5 471 635
62 36 23 4 292 588
52 82 16 6 468 661
26 21 22 5 437 692
82 91 25 3 448 628
21 73 24 5 353 507
37 39 10 3 436 618
72 100 5 5 393 463
82 100 24 1 430 514
62 69 28 5 416 621
54 30 16 6 222 331
60 90 11 2 265 490
58 26 29 6 607 791
93 99 5 4 545 619
25 27 6 6 276 389
78 16 11 7 214 451
87 75 25 7 340 544
9 10 11 7 357 557
93 10 20 4 522 583
80 96 14 7 562 680
53 18 11 6 571 775
30 85 11 7 256 356
89 9 16 3 541 641
44 12 12 2 246 403
90 98 8 2 541 633
33 16 18 2 424 639
52 96 8 2 555 638
46 87 6 6 578 799
50 41 25 7 500 750
4 83 18 2 409 608
87 20 13 6 453 753
80 63 16 2 209 444
56 70 20 7 235 523
88 24 20 7 476 625
89 94 24 4 470 745
91 40 19 6 529 799
46 35 9 3 573 672
25 4 7 5 296 487
63 33 14 5 566 665
85 8 21 7 274 573
80 82 8 6 476 720
8 49 18 1 455 671
52 32 16 4 377 442
47 33 15 1 359 528
8 6 25 7 359 554
47 83 5 7 417 675
95 14 19 6 367 658
39 12 11 7 302 512
4 50 7 5 373 506
52 58 10 4 306 444
44 30 11 4 548 747
1 10 26 1 216 288
24 6 30 3 333 461
10 80 10 5 470 536
60 3 29 4 272 339
29 77 13 2 515 660
59 85 5 7 218 375
64 11 28 5 386 627
40 39 11 2 367 482
80 45 21 7 425 613
18 11 13 5 633 693
42 87 20 1 206 396
15 18 20 2 461 734
54 100 15 4 463 750
57 50 12 3 426 642
10 13 25 4 446 719
16 79 30 3 494 765
13 32 6 4 602 755
25 6 19 6 204 477
24 8 22 3 272 355
2 99 9 5 202 470
18 73 18 1 479 581
89 77 13 1 259 409
70 70 16 4 722 798
70 11 20 7 293 482
77 45 23 1 627 734
54 19 8 3 269 532
2 72 20 7 572 730
42 75 30 6 265 556
68 63 25 3 565 739
88 11 11 3 297 523
32 84 17 4 297 468
43 70 24 1 341 415
50 97 22 4 530 706
3 48 28 4 228 404
44 81 22 7 627 688
47 98 19 7 204 350
100 56 26 3 325 400
3 55 11 3 265 442
22 78 16 7 673 737
92 3 15 4 597 800
93 30 19 4 521 791
48 100 16 5 319 485
62 34 24 6 284 535
25 73 8 4 465 620
15 31 13 3 488 694
54 90 11 1 338 589
96 28 30 2 545 721
62 96 30 4 506 607
15 62 11 5 585 762
89 16 17 1 437 629
82 12 14 4 263 386
85 42 20 7 629 712
46 9 18 2 503 756
58 59 24 3 214 424
84 2 29 3 300 363
76 6 10 4 226 313
72 66 19 1 364 655
51 59 17 1 537 628
59 90 15 2 245 388
69 85 19 5 412 482
95 38 27 6 501 715
5 70 30 6 221 407
35 58 7 5 402 464
3 76 14 4 694 798
84 86 27 3 287 368
62 97 26 5 552 679
30 36 9 2 631 716
77 15 17 5 495 595
35 2 25 5 367 510
90 12 21 2 708 783
13 46 6 1 206 298
38 10 5 2 397 615
9 37 23 1 488 722
74 1 27 7 270 358
42 61 20 5 339 569
95 83 6 2 423 624
42 58 20 4 297 454
49 32 16 4 553 673
8 5 15 6 331 406
0 85 15 4 380 668
64 25 12 5 268 423
52 57 5 2 407 475
99 7 21 1 531 721
73 71 24 5 292 584
31 42 21 7 347 529
70 92 10 2 584 720
86 46 24 2 564 778
64 14 27 6 326 506
12 65 17 1 244 350
28 36 24 7 395 546
88 12 17 1 345 528
85 57 12 6 463 618
95 43 12 1 599 737
76 71 29 4 243 395
55 31 9 3 592 719
43 78 13 3 546 762
45 25 5 7 231 370
15 60 7 5 556 650
9 86 12 6 203 306
73 67 7 6 515 675
20 66 13 7 200 478
65 83 25 1 383 564
79 71 28 3 680 796
100 12 27 3 677 749
45 29 12 3 357 457
4 72 29 6 622 743
16 55 29 7 450 666
85 67 29 3 212 443
68 27 28 4 367 434
61 84 5 6 553 791
18 3 17 1 279 561
69 36 30 1 229 424
92 40 26 1 534 771
27 72 21 3 463 571
97 85 23 7 479 542
73 16 24 5 236 513
43 61 7 2 556 632
37 50 17 7 471 682
9 36 11 5 506 648
48 8 27 2 486 652
86 97 17 5 496 593
90 49 29 6 238 467
38 80 29 5 549 654
13 31 5 5 543 701
32 95 28 5 348 420
98 22 5 6 434 626
13 82 25 7 230 425
74 70 7 2 649 710
98 12 30 2 374 442
72 35 7 7 352 621
90 20 22 1 457 708
12 11 20 3 394 581
79 89 17 5 685 797
87 95 25 3 575 738
81 18 25 3 572 757
25 11 16 3 500 636
45 58 19 4 364 649
34 58 16 5 281 439
98 97 17 4 577 759
55 35 10 2 520 698
53 37 27 7 212 279
37 88 11 7 560 794
60 46 28 1 207 506
44 49 21 3 472 688
24 40 18 6 308 555
30 2 25 6 220 291
9 8 15 5 490 588
34 34 19 1 651 759
93 11 24 2 443 591
42 98 11 7 247 330
86 62 28 2 309 400
40 54 29 4 408 559
60 54 16 7 510 604
18 80 14 4 504 628
10 64 11 2 430 584
22 81 20 2 292 500
94 18 12 1 227 426
83 34 27 5 579 674
38 69 29 1 295 478
85 52 14 7 222 346
60 10 22 4 459 548
47 53 28 7 320 532
99 49 11 1 524 633
94 41 22 6 534 668
13 94 20 5 241 329
48 41 6 1 383 454
8 92 11 1 627 734
13 62 17 1 690 776
23 12 14 5 460 572
29 88 25 7 610 690
20 14 21 6 256 515
40 29 14 4 206 353
66 65 15 7 353 603
51 57 23 5 649 781
71 48 23 7 391 657
28 53 10 2 319 502
100 88 24 4 317 393
97 59 11 6 547 689
19 50 26 7 295 391
55 32 30 2 321 467
54 28 24 7 617 749
41 84 16 7 283 430
56 49 20 5 525 658
9 66 24 1 572 782
80 99 12 5 313 419
95 7 17 2 381 666
86 33 28 7 324 614
16 45 21 2 252 356
28 49 30 5 373 557
91 38 12 1 201 318
28 41 5 6 278 546
12 20 19 4 251 349
23 54 6 3 240 535
60 17 23 6 279 429
3 54 20 4 480 632
76 84 25 6 218 457
64 3 23 6 517 616
29 8 8 4 246 390
93 86 8 2 244 305
53 33 18 5 268 465
58 15 10 7 700 760
45 64 25 3 342 420
62 50 5 5 670 785
16 95 17 4 368 660
69 25 5 1 221 430
84 25 10 1 230 373
82 55 27 6 372 438
25 71 15 7 330 495
39 41 13 5 208 285
55 22 24 3 227 318
32 78 10 4 208 483
54 43 7 7 529 764
87 55 7 1 358 612
92 16 21 2 472 581
15 43 12 2 215 439
100 17 13 5 536 788
61 28 14 3 450 581
5 99 26 5 292 439
44 55 14 3 402 617
4 96 23 4 490 743
18 30 24 6 420 639
19 72 8 5 355 443
31 91 10 6 246 524
60 25 22 3 314 407
97 4 19 5 470 757
43 96 9 7 311 404
73 84 25 3 522 708
48 57 15 5 338 629
5 76 22 2 613 687
61 19 19 6 284 464
48 74 27 1 512 768
61 53 23 3 383 449
90 1 29 1 392 596
83 57 16 6 623 685
19 97 11 1 270 532
71 96 29 1 654 724
55 2 13 6 267 407
82 93 21 5 471 762
39 49 14 3 409 579
14 36 8 2 251 515
99 32 17 2 280 348
68 12 11 1 313 467
6 76 14 3 358 423
28 16 30 7 404 566
53 53 19 1 645 753
35 66 25 2 428 669
24 5 22 6 462 654
28 93 17 5 691 753
30 32 7 2 331 504
14 6 16 4 459 567
5 52 6 6 508 613
34 75 21 5 487 755
81 5 24 5 346 581
25 5 29 3 315 393
84 53 22 6 316 435
61 4 19 6 538 711
15 56 29 5 446 660
62 19 23 2 651 711
53 12 7 4 455 708
49 66 20 2 330 446
17 96 20 3 576 702
81 40 29 6 373 604
63 66 12 2 250 464
72 49 6 1 503 783
70 18 11 1 221 391
27 71 18 3 243 521
37 94 6 6 511 777
62 28 7 2 228 415
90 60 29 3 398 622
55 86 8 2 364 425
55 76 12 3 376 594
28 81 29 4 569 785
52 11 12 1 424 581
9 5 10 3 648 776
27 4 19 6 386 462
64 42 11 6 565 768
55 20 13 1 477 650
89 6 23 3 241 447
75 10 6 3 504 752
6 42 10 7 539 703
99 100 8 6 263 481
5 2 11 5 509 677
42 46 27 5 561 794
47 47 19 3 455 566
53 95 17 5 498 726
54 33 26 3 615 745
2 69 22 1 326 418
92 87 19 6 487 694
19 53 14 1 365 576
81 63 21 4 429 681
41 88 17 4 295 432
94 71 10 7 292 369
63 9 17 4 229 515
26 83 23 1 264 544
45 11 22 1 220 396
31 14 13 6 472 603
45 52 19 7 305 541
85 79 25 6 262 386
81 95 9 3 501 627
94 42 8 5 645 708
35 77 19 2 554 681
5 83 14 2 589 751
21 18 10 7 548 714
84 91 29 5 490 688
81 32 30 2 625 761
39 21 15 6 239 441
19 6 12 6 210 376
53 79 14 5 538 719
71 52 12 7 563 642
10 51 18 2 503 667
1 6 21 2 580 695
38 42 16 7 402 640
96 68 12 1 362 475
76 94 11 5 233 469
54 59 5 6 210 301
9 60 24 6 313 569
93 60 15 6 270 518
48 4 24 6 588 793
100 3 22 4 585 788
52 80 28 6 356 502
13 36 28 6 328 506
55 71 27 1 240 346
44 32 29 2 514 733
82 94 29 1 339 616
3 85 7 6 570 713
65 30 9 6 357 615
70 100 5 1 205 314
7 16 12 4 406 595
100 31 30 5 628 741
57 18 21 1 347 612
70 25 6 6 465 584
72 65 14 3 532 631
50 72 20 1 345 491
16 22 18 5 401 567
0 70 8 1 452 543
59 66 23 4 344 423
54 41 24 5 235 535
6 40 30 1 592 663
8 72 5 3 519 740
15 32 10 1 205 393
83 2 13 7 202 272
13 88 17 6 488 571
100 19 16 7 315 542
49 61 20 5 662 795
54 39 14 1 351 498
49 31 19 5 538 727
30 76 29 6 247 503
62 27 29 4 490 582
12 29 16 7 730 793
22 5 14 5 476 744
51 51 30 1 557 773
91 16 20 4 373 590
18 71 14 7 252 488
61 57 9 3 474 724
56 14 18 7 228 424
23 2 6 4 368 661
73 28 8 7 518 723
94 72 27 3 608 775
64 10 21 6 597 759
15 9 28 2 513 606
23 89 21 5 295 506
96 66 28 5 633 736
53 100 12 3 443 521
12 12 6 6 458 624
81 10 29 2 288 465
66 98 15 4 382 603
29 19 20 4 349 462
19 74 13 3 546 751
30 33 10 3 482 689
1 25 20 5 267 433
87 21 27 6 224 511
70 77 16 1 510 762
51 54 28 3 434 681
28 29 30 7 429 644
37 54 27 4 556 700
91 10 29 5 311 479
23 39 11 4 512 750
95 65 11 4 224 318
82 23 30 7 292 361
86 76 25 1 513 603
83 59 14 6 290 524
14 57 6 3 520 620
73 54 23 2 310 549
74 40 6 5 220 286
26 60 23 6 464 715
11 7 11 3 470 624
37 49 26 3 583 752
2 41 18 3 251 479
59 40 6 5 287 537
47 37 23 5 582 793
62 32 22 4 293 434
24 82 10 4 208 423
71 29 12 2 444 685
80 69 15 4 654 742
64 39 11 2 281 575
81 38 19 6 548 664
35 38 20 2 426 567
92 79 5 1 377 628
4 7 6 7 439 525
10 59 12 5 493 699
24 38 11 3 647 732
34 32 23 1 374 521
2 47 10 1 339 545
96 96 7 3 492 610
94 9 15 4 418 696
12 38 27 7 251 464
3 43 16 4 253 547
10 34 13 1 207 343
30 27 21 2 391 583
66 97 21 5 386 539
16 39 25 2 332 566
96 54 5 2 681 777
60 61 13 3 547 693
61 18 28 4 218 329
80 46 27 4 565 650
94 60 25 4 648 800
7 93 9 6 245 470
41 46 15 5 411 683
86 71 29 1 634 782
52 23 27 2 530 765
34 59 7 1 253 387
7 78 28 1 353 591
7 38 27 3 642 785
54 14 17 3 322 610
9 51 14 7 400 478
36 53 30 4 736 799
7 29 19 3 562 680
75 5 15 5 524 765
18 36 25 5 505 727
25 8 17 2 430 511
80 24 10 6 472 658
13 93 16 7 390 476
30 63 10 4 434 523
86 93 5 4 256 494
5 10 7 2 272 420
82 11 8 2 510 764
64 67 16 5 656 744
75 71 5 5 447 672
66 34 6 1 266 561
23 84 19 2 518 783
92 25 13 5 572 684
43 80 19 4 319 548
20 98 25 3 519 723
61 73 20 7 258 450
36 4 5 4 580 669
79 58 22 4 503 698
33 45 29 3 651 767
96 29 19 6 702 784
79 55 7 6 297 586
19 30 30 7 594 758
68 25 12 1 321 559
34 40 10 4 305 476
71 56 8 5 392 551
44 99 7 2 251 519
22 27 23 1 428 518
29 54 28 7 367 503
58 36 12 7 217 349
89 63 9 5 488 761
89 74 26 1 545 770
42 8 12 7 517 761
6 3 17 5 242 357
46 24 12 1 317 577
15 65 21 7 613 764
95 18 13 4 402 670
63 82 10 4 646 756
14 69 13 3 503 698
4 17 6 7 226 433
4 64 30 3 622 744
83 13 5 4 515 582
23 70 20 5 510 646
97 70 29 1 496 689
55 10 12 5 426 649
59 11 26 1 539 684
45 56 19 4 510 687
16 7 18 4 395 592
42 45 30 6 517 655
89 69 15 1 446 528
60 83 19 2 453 565
20 3 29 2 450 547
15 49 9 4 595 799
14 52 21 5 660 786
56 92 18 4 285 472
22 6 27 6 360 540
48 7 22 1 271 425
81 29 23 1 500 664
5 98 21 3 430 724
8 23 17 6 292 497
89 32 6 6 446 516
33 62 7 5 656 734
24 96 7 7 419 650
58 67 20 2 504 714
86 54 19 5 430 718
50 36 21 1 370 595
49 33 10 4 208 436
63 39 24 3 371 641
0 87 5 1 322 560
96 13 26 7 432 586
57 14 27 2 238 316
49 25 8 2 276 504
23 46 23 4 476 606
82 39 6 2 542 722
54 34 8 3 528 615
38 12 16 3 406 555
24 15 24 2 731 799
9 43 21 4 348 596
85 5 27 5 609 726
14 28 15 6 261 500
5 81 15 2 475 723
98 49 11 4 418 493
11 20 24 4 383 648
5 55 23 2 441 540
68 26 28 7 410 656
51 84 16 3 378 515
76 41 7 4 252 389
46 95 25 1 424 636
92 64 19 3 325 385
46 60 29 3 453 567
87 19 27 3 266 563
75 63 19 4 381 504
41 17 29 3 564 687
17 69 10 4 335 418
59 99 19 6 391 687
67 75 29 1 559 649
13 8 13 7 588 706
21 33 9 3 361 509
70 51 18 4 586 785
79 42 25 3 449 678
41 6 8 4 443 628
64 58 5 3 275 464
94 2 15 6 435 595
74 68 18 6 251 354
18 98 28 7 334 480
83 68 28 3 533 615
34 82 12 1 431 519
84 15 26 4 261 541
4 4 30 7 383 562
86 4 25 1 524 679
64 68 20 5 518 610
69 24 29 7 460 553
11 9 7 7 361 519
82 33 26 5 438 627
91 72 15 6 326 424
1 53 18 4 322 468
73 3 5 7 385 643
58 98 11 1 207 270
47 26 26 6 249 483
41 39 24 5 489 769
9 95 16 6 218 465
20 42 24 5 379 448
78 77 23 6 265 402
17 29 15 6 457 543
41 36 10 4 450 580
55 5 29 5 596 748
26 46 15 1 608 742
57 37 11 7 217 502
24 70 21 7 729 789
26 100 9 1 487 579
11 12 14 4 273 401
46 10 21 4 350 533
73 11 10 6 347 635
8 7 25 5 453 613
95 34 30 6 309 369
96 72 19 7 567 757
20 10 8 1 558 770
15 57 24 6 411 496
56 77 28 7 338 490
78 2 15 4 260 496
70 14 29 6 246 452
11 22 26 6 469 569
11 89 24 4 501 663
38 14 5 6 249 314
59 33 23 7 236 422
85 76 19 7 589 777
97 51 29 6 324 613
78 55 28 5 309 471
54 96 18 6 286 556
34 54 26 4 410 595
31 85 24 6 314 568
65 50 6 4 214 497
83 10 6 3 294 530
77 7 16 2 441 701
39 60 19 6 564 781
92 38 10 5 218 435
70 43 21 4 494 580
100 20 9 6 407 472
44 5 23 2 359 556
86 65 17 1 303 401
96 32 17 6 486 569
9 83 30 7 264 488
41 11 22 3 258 530
74 36 9 7 242 321
5 93 25 3 442 540
32 100 26 1 201 456
46 1 23 4 456 663
33 9 15 5 344 431
22 11 27 2 346 579
54 65 29 1 478 673
32 77 26 5 340 465
60 32 26 4 392 636
48 66 14 2 567 687
36 40 28 7 370 559
2 26 20 7 315 465
96 39 28 7 366 619
87 10 11 4 219 516
23 36 19 1 423 603
98 33 23 2 610 791
51 53 21 3 200 260
82 95 25 1 458 654
4 15 18 4 489 602
20 68 21 6 504 735
79 50 24 6 353 596
16 10 11 5 374 498
95 21 23 6 431 676
39 65 5 5 365 503
27 63 11 3 569 709
11 70 20 3 439 629
0 19 8 7 328 602
4 34 21 5 519 590
88 6 19 2 286 509
6 59 29 7 216 377
84 62 7 4 614 766
51 45 11 6 235 477
87 68 13 4 355 419
65 0 14 5 333 447
71 71 6 4 516 648
94 8 8 4 322 562
75 53 24 6 572 760
61 90 18 5 615 790
73 38 16 2 287 360
59 60 6 5 348 433
33 4 17 3 443 541
36 29 28 2 387 576
95 58 7 7 264 439
27 11 25 3 256 362
5 32 11 6 391 594
69 40 9 4 478 662
20 32 7 5 324 463
98 79 21 5 299 374
25 95 28 5 680 746
33 74 8 7 272 488
78 47 15 5 265 398
100 96 29 7 432 610
98 13 17 4 440 534
65 11 17 7 283 506
34 37 25 4 215 404
42 10 14 5 350 481
39 4 12 4 366 495
5 43 13 4 360 538
12 66 30 2 419 640
92 7 14 7 567 766
99 9 17 5 536 685
8 4 27 4 298 579
46 48 27 7 496 573
79 32 23 4 372 456
55 61 9 7 585 697
27 47 10 7 366 555
71 37 27 7 329 589
76 87 15 5 215 476
54 87 15 2 475 694
46 28 30 5 220 286
31 41 19 5 417 663
32 6 16 2 357 644
80 34 23 6 220 470
78 26 14 6 557 684
96 78 22 6 412 589
88 62 15 1 562 763
4 56 27 6 437 610
60 70 28 1 372 457
45 90 9 1 341 412
72 84 5 1 456 615
35 36 27 6 243 512
88 76 17 1 274 408
87 43 10 6 216 466
58 42 6 2 306 428
22 44 5 6 238 499
82 96 20 6 437 526
1 37 17 3 571 632
14 66 22 4 479 638
9 54 12 2 414 632
17 23 29 7 526 596
91 88 6 2 615 691
91 39 7 3 352 462
54 37 12 5 585 659
17 89 23 2 491 765
26 78 6 4 448 630
87 67 9 3 256 464
75 92 16 5 484 643
53 49 9 6 218 351
93 87 18 3 572 710
79 43 30 6 457 582
29 57 10 1 606 792
37 80 9 5 413 604
84 72 10 1 633 797
96 45 5 5 597 688
15 51 6 1 304 440
37 75 30 1 580 648
57 85 16 1 294 564
58 92 11 5 666 750
32 59 24 3 334 514
27 9 29 2 220 367
30 48 23 2 250 500
36 25 13 7 617 791
3 25 9 7 247 472
73 14 12 3 440 634
63 67 12 4 200 488
59 57 12 3 522 635
81 62 17 3 545 687
64 20 23 4 413 694
78 5 24 6 537 739
1 5 14 7 540 634
18 69 15 1 260 467
14 56 12 5 543 772
18 60 30 6 433 672
15 45 6 6 666 789
32 0 27 4 200 400
35 75 5 7 402 622
28 64 28 6 412 631
59 81 18 5 510 659
53 65 11 3 207 477
0 10 29 3 432 555
36 21 30 1 288 489
95 48 21 1 542 652
24 68 23 2 417 625
76 38 7 1 712 800
16 6 20 2 376 496
45 22 15 4 611 674
87 36 27 5 669 767
7 81 13 1 394 469
0 55 9 7 351 449
84 61 17 2 315 548
9 24 13 3 288 381
95 72 18 2 505 795
37 70 29 7 509 749
66 0 19 1 293 578
83 94 23 5 501 651
93 57 15 5 643 794
51 66 28 7 294 547
25 81 16 4 376 636
87 78 15 7 339 502
70 39 10 7 233 466
53 83 24 3 373 638
12 100 17 5 280 353
30 8 26 1 553 736
88 91 17 1 386 556
89 76 16 4 390 661
30 99 23 4 243 305
80 70 6 2 580 787
4 39 22 1 691 778
87 100 19 2 665 778
36 0 20 6 585 648
30 42 29 1 269 438
17 95 19 6 264 336
82 19 9 6 547 798
81 26 26 5 559 768
56 51 16 7 520 748
80 10 23 1 296 564
9 46 13 4 489 563
27 20 23 5 527 589
41 92 22 6 377 474
12 41 15 2 224 306
64 99 27 4 276 350
65 37 28 4 586 702
5 12 17 1 275 401
42 32 11 3 202 428
48 46 21 5 508 702
91 43 5 3 422 721
49 51 6 5 458 700
51 65 20 4 371 444
92 74 17 7 578 661
0 86 27 6 437 646
31 65 27 4 480 762
31 9 10 1 268 401
99 57 22 3 438 627
51 48 19 2 399 492
95 88 6 7 443 541
95 0 7 4 281 577
53 29 5 6 520 625
29 21 28 5 263 389
34 0 7 4 291 415
30 41 27 6 644 711
50 10 26 7 200 465
64 64 30 5 689 786
25 87 20 4 318 587
25 30 13 3 693 791
55 30 5 6 354 641
48 14 27 4 441 731
92 72 29 1 521 645
27 58 29 5 650 798
61 75 12 5 648 746
51 88 7 1 393 512
49 44 5 1 326 434
80 56 17 2 544 730
79 67 7 5 716 789
62 17 5 4 232 354
72 80 13 2 307 480
47 23 6 3 555 647
57 59 9 6 613 765
96 46 14 1 444 658
80 89 11 5 253 528
100 78 5 4 315 447
80 98 19 3 273 486
37 34 27 7 343 553
72 83 20 3 322 472
35 84 7 4 248 485
13 26 8 1 421 609
82 84 29 7 349 456
13 34 28 4 646 735
93 75 28 1 621 782
52 100 28 1 317 527
12 35 22 4 629 748
35 16 6 5 365 655
73 97 16 4 603 767
47 0 8 6 276 572
43 53 24 3 348 521
57 81 30 5 499 692
56 79 7 4 368 468
74 66 5 6 484 578
90 48 19 2 422 537
23 24 27 3 534 630
79 80 19 7 338 492
77 48 23 4 203 470
14 35 5 7 357 638
47 34 20 6 235 457
72 14 30 4 359 451
59 46 26 4 564 661
11 68 8 3 475 619
61 26 27 2 606 672
66 58 28 7 277 559
40 44 15 2 363 645
56 19 29 7 425 652
14 20 24 7 546 672
15 92 15 7 412 667
30 37 26 2 310 379
83 12 13 3 344 509
33 67 21 3 617 779
75 70 15 7 274 466
72 45 29 1 335 396
97 47 20 7 429 514
96 80 14 3 434 677
75 54 23 2 243 303
86 38 19 4 588 657
55 28 5 4 388 496
71 77 6 7 499 715
94 64 20 3 224 404
78 20 27 3 289 433
44 8 21 2 483 766
82 13 19 6 259 535
71 100 19 7 384 559
69 91 28 5 478 757
42 99 28 1 459 611
56 46 12 6 332 543
85 89 21 2 234 398
7 24 10 7 553 708
43 26 24 7 728 789
3 14 23 3 269 467
52 48 11 6 262 529
93 64 28 5 620 696
17 31 6 1 325 460
91 9 12 7 362 505
77 23 9 4 592 745
48 48 24 4 454 742
88 21 15 2 531 757
90 82 22 4 535 631
76 48 10 7 462 601
98 39 13 3 266 532
47 2 24 1 471 650
58 6 13 7 419 651
7 98 10 6 552 707
21 56 14 6 499 674
85 6 8 2 504 611
81 82 21 2 352 434
1 44 25 7 297 578
2 37 20 4 310 527
18 61 7 4 677 759
53 66 14 2 462 564
18 95 17 5 364 541
31 64 17 7 665 780
35 28 21 1 568 641
44 63 7 3 501 692
80 13 26 7 504 682
35 0 27 7 207 304
16 68 21 2 301 524
32 4 18 6 239 393
31 92 15 1 449 706
18 15 16 4 597 699
98 59 25 5 256 478
62 80 21 1 517 656
71 55 27 4 715 787
18 9 13 4 425 717
51 83 30 5 346 465
66 22 15 3 420 677
40 31 12 5 261 400
0 80 27 5 298 543
59 80 17 6 256 320
9 26 8 6 272 561
95 25 12 4 206 496
44 93 24 1 396 563
34 69 27 2 437 547
33 71 6 2 476 713
79 93 26 6 474 679
58 79 14 6 431 628
59 97 10 7 487 575
23 38 22 2 236 400
77 93 20 1 227 344
67 92 23 2 373 611
38 77 13 7 223 391
97 83 15 2 226 447
10 31 29 6 603 761
87 30 12 1 431 632
5 97 18 1 370 627
16 38 21 7 464 737
4 81 19 6 470 705
62 0 29 6 455 602
79 86 10 5 245 429
35 82 15 1 323 460
58 16 17 1 247 437
97 23 29 1 423 717
38 70 9 7 662 743
66 2 22 2 316 389
63 20 13 6 569 709
91 76 26 5 467 739
