501
73 91 0 0 0 0
35 65 21 6 489 700
25 12 27 3 337 398
8 63 25 5 377 494
24 51 10 2 481 744
5 5 11 1 418 486
16 43 22 3 573 767
54 89 19 3 225 337
53 20 26 1 397 461
15 31 14 7 324 520
38 38 5 2 342 483
44 54 20 2 469 682
58 83 25 7 686 750
31 46 9 7 309 377
87 62 14 3 377 496
67 33 18 4 246 474
2 39 28 5 309 399
24 44 22 5 621 785
46 7 28 3 549 645
88 79 17 7 404 481
81 38 22 1 209 396
11 4 25 5 567 686
28 46 5 5 509 614
16 4 15 5 612 772
99 87 15 4 367 584
99 25 13 7 422 600
67 40 29 6 256 366
12 19 29 3 202 431
68 96 10 3 269 396
59 2 15 2 352 612
78 71 18 6 218 350
68 72 7 1 383 564
62 48 13 7 399 477
11 85 16 2 588 684
92 23 11 4 325 414
100 51 24 4 328 617
83 10 11 1 504 602
64 26 6 6 368 656
71 47 26 7 582 729
31 64 8 7 351 608
95 24 24 4 375 544
33 85 23 5 388 453
69 99 15 3 224 444
0 7 27 4 331 589
83 59 7 7 265 350
69 17 23 7 456 689
98 58 21 7 368 573
21 80 7 4 657 729
56 81 26 5 214 360
97 91 8 6 273 341
21 11 8 7 324 583
27 74 21 7 562 763
58 44 25 3 409 494
85 77 16 1 251 391
17 32 30 2 302 365
54 93 19 5 601 670
3 17 27 1 262 358
100 13 8 5 322 544
94 67 21 2 346 548
7 15 9 2 339 457
9 0 17 2 374 472
68 98 23 1 451 624
20 23 29 4 517 767
27 39 17 3 478 656
78 53 10 6 470 530
48 40 12 1 426 588
85 44 12 5 391 601
46 75 24 4 343 499
83 0 16 7 553 635
2 22 6 7 327 394
7 59 30 6 433 702
7 46 9 6 336 411
12 24 9 5 537 739
73 11 23 6 319 592
21 47 24 6 254 506
96 31 13 1 238 325
86 69 6 7 532 647
45 28 14 6 316 576
32 40 23 7 328 431
51 31 16 3 332 440
77 17 10 5 525 791
100 35 17 2 568 771
44 19 7 4 325 624
34 82 23 4 540 620
30 29 29 5 721 788
93 92 21 3 520 725
88 64 21 7 243 343
89 75 7 3 281 470
18 68 20 7 338 465
65 53 24 2 562 787
67 94 17 6 599 774
21 65 14 6 269 339
98 41 25 2 319 409
47 18 15 6 224 401
52 32 12 1 208 289
93 19 19 1 521 703
9 16 26 6 309 417
53 5 15 2 334 601
59 15 23 1 564 712
24 64 7 4 601 756
11 81 16 3 602 748
29 3 14 6 398 644
91 9 29 5 371 544
72 75 22 7 209 282
55 68 12 7 617 760
50 3 20 4 233 362
73 20 29 3 567 786
36 19 13 6 283 527
67 23 19 6 490 555
18 75 11 7 640 731
68 88 24 1 570 720
42 100 14 1 206 500
31 16 14 6 570 656
12 52 30 5 659 741
25 71 19 1 575 636
67 97 25 3 620 794
89 22 14 2 427 509
89 77 23 5 336 570
100 7 27 6 255 511
29 87 28 6 271 335
89 23 15 1 525 649
87 30 28 2 477 579
82 35 17 7 322 591
82 16 23 5 533 755
30 51 19 2 260 402
0 30 27 4 347 518
33 79 12 5 382 444
30 31 26 6 503 644
86 66 29 3 499 567
66 58 25 6 454 550
44 63 13 1 257 408
38 42 24 1 565 637
68 100 15 4 455 592
3 14 30 5 379 579
91 92 14 6 551 761
60 27 19 4 214 324
15 55 27 6 424 512
67 88 7 2 241 461
89 18 25 1 391 609
49 63 16 6 652 723
64 36 14 5 573 667
83 80 27 3 421 617
28 24 6 2 489 739
55 84 6 2 400 653
62 52 8 5 273 397
50 86 29 1 589 725
27 23 5 6 322 557
52 51 15 1 490 551
73 96 13 3 461 670
61 13 13 3 353 564
79 36 15 6 387 606
13 51 26 5 213 361
59 34 14 3 465 748
52 36 19 2 391 514
49 14 15 1 492 631
91 54 12 2 511 578
64 93 7 4 521 617
8 98 22 7 466 690
17 70 19 4 367 634
94 16 7 1 466 596
4 28 26 4 454 740
0 29 20 2 286 502
25 51 7 1 205 470
15 90 27 4 283 364
13 66 9 5 565 787
10 89 21 6 368 555
23 99 7 3 532 756
30 43 25 7 682 758
81 18 29 3 338 497
16 82 25 6 424 691
37 22 29 4 220 318
80 2 30 6 368 598
52 29 7 1 227 398
44 21 14 7 325 392
93 12 15 2 325 565
61 66 20 5 396 592
78 94 16 2 466 597
87 89 15 6 419 591
94 12 12 4 347 516
12 73 29 4 279 526
56 43 27 6 306 543
97 23 29 7 662 794
73 79 22 3 235 466
50 11 16 1 341 405
69 40 28 5 426 522
88 27 26 7 214 291
94 68 16 1 243 537
45 85 5 3 267 426
5 96 14 3 402 527
43 21 5 3 328 436
85 0 30 3 230 399
69 56 28 7 382 502
100 90 10 2 442 554
70 65 30 7 396 606
93 79 24 6 376 507
76 7 24 1 238 373
83 25 24 6 337 561
84 61 26 1 447 568
28 61 25 4 429 590
44 24 20 7 515 738
9 95 30 2 448 564
52 84 25 3 332 501
43 5 9 1 203 424
1 30 13 2 351 420
93 99 16 3 347 626
62 82 14 4 407 640
77 98 21 6 671 796
98 96 18 6 405 637
64 11 10 5 687 777
58 61 12 7 235 489
15 4 19 4 404 516
15 61 21 6 572 734
21 88 24 6 494 573
24 46 19 4 299 549
6 64 21 6 437 522
7 95 13 1 396 564
41 60 21 1 367 523
66 15 26 2 352 629
53 81 18 1 227 416
91 23 20 5 564 737
93 88 30 4 478 712
38 50 23 5 318 558
97 56 24 4 555 735
51 35 23 7 257 330
74 65 29 4 593 768
41 18 22 3 527 684
91 35 19 5 404 692
40 54 8 5 452 745
11 31 11 1 652 764
66 96 16 3 595 687
79 24 15 7 306 535
7 36 21 5 279 377
53 63 17 4 308 490
97 98 14 1 495 606
93 55 13 2 220 425
10 48 14 5 366 513
9 54 5 3 620 745
25 93 25 1 514 610
86 59 28 5 398 694
40 32 11 2 674 751
92 4 28 5 332 401
17 53 16 5 317 517
16 53 14 6 404 618
85 13 23 4 396 505
16 32 11 2 246 539
32 53 10 4 349 435
69 9 7 6 334 506
37 69 18 7 516 587
44 56 7 7 273 527
24 39 24 6 422 721
33 64 23 3 439 631
27 38 8 5 699 768
44 75 5 2 687 756
36 47 22 3 542 713
73 63 8 4 257 327
34 32 29 5 490 603
67 62 9 2 346 586
80 75 27 7 494 696
83 98 17 7 379 602
44 94 21 5 267 412
11 100 8 3 286 390
3 50 6 3 514 676
13 31 13 1 597 760
10 22 13 2 377 519
33 34 19 4 346 492
45 13 29 6 434 662
87 38 6 4 468 543
19 12 19 3 267 368
32 79 26 6 403 634
90 35 9 6 451 608
97 77 26 7 204 290
66 52 20 7 274 515
33 7 9 7 306 553
69 22 13 7 355 606
15 14 11 1 296 417
78 66 8 1 247 543
16 67 13 5 461 668
91 38 27 4 359 625
34 60 11 3 537 617
70 54 28 6 304 514
34 59 8 3 461 561
35 4 9 4 346 453
80 59 21 5 536 631
39 49 9 7 362 483
83 48 24 4 638 712
48 96 6 5 482 696
85 34 14 7 235 368
15 25 5 5 703 770
50 17 30 6 493 792
61 35 21 5 243 305
56 83 26 4 357 478
73 38 30 7 433 626
64 9 13 6 712 789
57 25 6 5 368 640
78 93 23 1 624 735
19 54 11 7 421 706
68 56 9 6 584 753
13 27 13 7 513 674
68 34 10 2 274 415
87 86 5 6 587 795
54 47 30 1 478 715
71 38 18 7 420 673
74 42 23 2 498 661
18 23 21 1 692 770
20 36 16 2 225 380
60 79 22 1 208 443
63 0 15 6 466 534
13 16 30 6 453 572
80 58 30 7 265 475
12 82 23 5 516 693
72 1 12 1 440 589
58 8 19 7 316 469
94 22 5 7 375 551
15 100 25 2 402 606
24 47 24 3 339 627
95 48 22 4 497 675
98 88 24 1 279 467
50 20 8 4 582 642
13 82 12 5 332 597
4 78 20 3 445 668
80 94 28 5 648 740
95 1 26 7 385 642
94 21 16 1 501 700
62 27 27 7 337 527
39 28 6 6 332 610
37 34 16 6 351 575
13 12 11 4 310 525
32 2 27 4 318 601
11 60 30 5 404 677
91 40 22 3 554 615
77 85 14 5 457 751
84 53 24 2 440 613
24 23 24 3 511 711
49 10 22 1 336 479
96 80 21 7 481 713
21 7 23 1 556 646
2 42 23 2 543 697
22 88 14 6 270 446
33 91 15 2 224 401
56 36 5 5 285 364
15 12 23 5 462 670
7 64 16 7 539 645
59 96 7 5 488 633
88 4 13 4 284 471
94 17 21 2 511 615
9 22 10 3 229 483
30 88 26 7 282 477
48 17 20 6 394 606
96 18 9 2 653 795
100 70 22 1 417 477
63 84 8 5 384 568
65 48 23 4 480 769
27 98 5 5 572 659
99 4 12 2 327 571
70 66 23 1 231 422
15 23 16 2 243 445
12 27 27 7 264 511
29 60 25 7 477 761
95 69 6 5 281 501
37 80 30 5 425 594
65 16 6 3 287 369
62 40 29 2 365 445
65 22 28 6 436 709
100 11 8 7 276 510
24 50 11 3 202 272
99 12 28 6 475 584
5 19 30 4 624 758
44 64 5 6 408 579
40 67 20 1 386 637
51 76 27 3 651 724
94 37 20 3 202 476
29 27 17 1 310 398
49 15 17 2 200 335
74 0 18 7 730 794
18 80 19 7 587 647
99 11 7 5 406 511
19 10 18 6 339 462
92 0 10 4 329 528
80 29 19 5 620 745
26 16 24 4 370 430
90 25 13 3 542 794
71 5 19 3 297 520
56 100 13 5 253 410
21 73 19 6 553 665
31 60 26 5 724 789
21 67 18 7 348 427
42 40 17 6 492 592
40 56 28 7 602 788
60 26 10 1 540 722
27 95 24 1 390 606
50 83 30 6 416 605
74 51 24 6 236 535
35 92 29 1 415 521
34 41 22 1 354 589
83 51 7 4 427 646
88 41 8 5 655 778
55 69 17 3 266 395
46 41 9 6 234 421
82 45 30 6 214 336
79 83 14 7 383 532
1 49 11 6 441 580
2 99 28 4 427 589
83 12 26 4 255 549
63 38 27 6 510 652
33 12 23 3 371 538
35 6 27 1 476 602
75 50 24 5 283 411
57 100 29 2 580 657
97 52 18 7 292 430
0 58 18 1 537 693
81 78 5 2 623 686
2 26 21 2 656 732
97 68 13 4 537 599
55 98 13 1 408 531
39 2 8 5 248 491
38 87 23 1 401 565
25 36 19 6 333 548
18 67 9 2 429 640
62 21 22 6 531 696
37 82 18 5 327 489
79 52 5 4 276 448
76 16 29 3 392 482
47 26 30 2 218 309
94 24 30 7 249 454
66 79 28 1 394 602
13 10 9 7 422 584
11 7 6 3 617 697
46 37 16 5 604 779
70 91 15 5 254 533
58 77 16 3 370 518
5 37 16 5 277 553
6 87 13 2 438 703
28 49 8 7 620 691
97 79 7 7 439 738
30 58 24 7 488 579
88 98 23 1 454 634
35 94 14 1 617 695
4 90 9 4 692 776
20 2 23 6 654 787
27 53 11 4 366 561
46 69 13 3 321 575
91 62 5 6 325 455
7 65 30 3 506 693
76 51 13 7 390 645
41 77 14 3 493 790
41 88 18 7 307 479
37 66 27 2 542 741
97 32 14 2 515 793
89 15 6 3 444 540
91 55 30 2 671 759
48 75 8 4 487 724
56 63 14 4 451 693
100 45 5 3 498 766
50 69 25 3 250 527
60 25 25 3 390 651
99 67 10 3 528 707
94 60 15 1 504 770
47 52 9 4 216 323
68 36 21 4 380 601
91 61 23 1 328 408
65 25 6 5 339 515
80 73 14 5 539 651
16 99 12 6 660 793
19 92 15 2 641 762
17 85 12 1 269 341
49 62 10 2 217 381
88 20 21 6 375 634
3 85 29 7 468 623
4 38 9 4 507 695
38 72 28 2 354 615
67 84 26 7 241 504
4 67 11 3 338 478
68 52 24 1 339 548
51 42 14 5 474 626
92 90 10 4 435 548
53 39 24 2 517 757
94 3 7 6 283 431
69 96 12 5 726 800
46 82 27 4 525 685
43 20 9 7 477 677
51 24 23 1 206 505
75 39 5 2 552 730
52 6 18 4 438 541
25 83 23 1 537 736
20 39 28 3 304 400
21 55 15 7 592 654
45 31 21 6 345 467
0 86 8 1 624 688
95 52 12 1 431 578
33 99 23 6 444 506
66 30 18 1 668 773
27 36 22 2 479 706
1 87 21 4 305 447
81 65 16 6 349 438
68 27 9 5 381 672
28 92 5 3 364 554
6 80 26 5 491 707
47 79 7 5 657 722
1 22 28 7 510 692
1 75 26 2 491 695
25 38 29 4 281 478
