1992
60 46 0 0 0 0
27 61 21 1 561 699
45 62 19 3 531 706
7 61 30 2 703 793
3 79 7 1 272 561
58 2 29 6 610 797
53 86 28 5 540 639
78 8 18 7 263 556
8 83 11 7 660 777
55 90 10 6 303 597
79 21 30 1 602 766
7 31 6 6 338 477
85 91 19 2 359 441
72 51 14 6 611 707
38 80 18 4 212 321
1 40 5 4 399 652
26 7 26 5 214 286
30 28 5 1 651 741
70 75 17 4 632 772
28 15 30 7 329 561
79 63 28 6 502 789
18 99 27 5 335 544
96 7 22 1 471 740
40 46 26 5 551 630
64 63 15 3 214 333
79 50 18 3 348 561
10 30 12 1 228 456
59 71 17 7 290 569
1 16 26 6 419 704
53 67 27 1 389 669
69 37 28 7 655 719
72 45 15 2 470 632
0 75 27 3 498 778
4 27 16 6 208 303
16 57 9 7 293 574
96 53 6 5 618 747
97 5 27 6 387 644
31 17 9 6 250 327
43 3 21 7 385 635
7 57 29 3 352 642
21 2 5 3 205 315
55 14 11 3 257 411
86 64 13 3 607 782
33 100 9 6 403 586
33 82 12 5 300 458
70 68 28 3 436 630
89 4 9 7 499 694
68 63 8 4 255 451
63 100 28 2 508 637
19 59 16 5 437 666
54 9 19 7 248 372
98 41 28 7 347 593
62 55 24 3 485 606
48 0 6 6 419 563
11 68 11 6 408 528
60 69 25 4 515 790
26 77 15 4 568 633
56 48 13 2 201 397
14 21 14 2 555 642
64 40 28 4 490 631
34 52 11 5 555 617
80 2 13 4 570 668
41 41 24 2 541 798
93 46 22 1 219 454
76 79 19 2 292 377
48 31 29 4 522 789
78 3 11 6 206 286
80 23 15 4 526 663
71 49 24 4 217 426
65 45 26 5 245 517
35 72 22 5 637 741
88 81 18 4 231 508
93 78 17 4 473 695
100 27 12 5 379 466
14 57 8 3 587 720
41 46 25 2 450 654
56 73 8 3 217 516
53 68 26 4 456 726
93 21 14 6 460 611
15 62 13 7 312 562
27 77 24 3 462 601
31 1 22 3 331 522
45 9 16 3 245 444
27 42 30 3 286 521
8 94 22 2 551 790
71 38 9 1 244 517
97 18 13 4 233 367
22 1 18 3 370 545
26 88 21 3 212 321
49 89 28 5 466 584
48 83 10 2 201 365
64 29 23 3 290 537
18 19 20 1 231 434
60 48 27 4 202 490
35 63 5 2 317 514
4 67 12 1 493 568
58 97 25 1 454 610
99 96 24 3 298 578
9 63 17 3 279 476
8 82 30 3 553 754
29 12 27 4 230 432
61 8 5 7 580 694
35 33 30 6 442 675
71 12 27 3 313 408
55 16 21 6 244 525
83 53 10 1 704 795
3 3 24 6 473 747
66 38 5 7 259 521
50 95 25 7 370 436
22 12 8 4 461 618
76 86 26 7 236 419
3 53 22 4 528 612
78 23 25 3 473 619
66 99 25 2 311 560
51 64 17 4 462 616
96 96 14 5 268 427
89 86 19 3 562 708
6 12 17 3 365 504
36 0 23 1 261 379
32 77 14 6 217 505
86 65 8 1 409 664
33 96 30 7 607 731
86 55 22 6 628 730
4 77 8 7 259 481
40 31 9 4 214 297
44 32 6 3 554 684
9 70 15 7 273 361
27 21 24 3 374 474
62 80 28 7 207 437
43 89 7 3 229 364
8 48 10 1 569 748
36 85 24 3 515 650
74 73 6 5 430 494
32 96 23 2 417 678
36 36 17 5 533 778
16 99 25 6 254 386
99 85 28 2 454 689
24 93 6 5 552 613
99 28 13 3 359 495
65 35 28 4 486 601
67 20 16 2 255 516
80 72 16 1 409 608
7 26 8 3 242 442
43 97 27 7 347 569
57 22 16 7 250 455
21 95 29 3 303 395
66 64 23 4 276 570
32 76 15 6 380 570
82 71 22 1 382 615
99 3 14 5 263 368
34 13 24 4 296 473
58 16 10 1 415 610
83 87 17 5 664 772
28 2 20 5 494 630
18 84 22 5 263 424
40 73 6 6 200 461
93 74 24 1 650 719
79 68 6 2 502 789
73 35 28 4 263 479
5 9 26 1 619 702
8 23 10 3 324 449
12 36 9 5 355 461
51 66 21 4 300 460
57 25 9 5 287 534
6 30 24 5 406 654
84 42 15 2 248 525
2 64 5 1 427 661
7 43 23 4 281 536
56 71 24 1 300 456
5 96 24 1 269 492
91 84 5 5 335 550
20 52 8 2 657 792
64 21 12 1 573 723
78 77 27 5 346 455
85 86 29 4 210 490
79 28 27 4 447 507
57 21 6 3 372 444
98 87 19 2 212 467
63 78 28 5 215 356
59 15 27 7 397 501
37 83 5 7 312 440
6 3 21 2 415 523
62 32 11 5 327 417
69 62 19 6 578 745
62 40 28 3 313 589
69 81 20 1 534 786
88 63 28 1 392 563
19 68 16 6 575 771
52 82 12 6 651 714
62 87 17 2 461 701
94 33 10 6 641 718
65 20 12 2 216 312
70 88 23 5 361 488
55 76 20 4 425 699
73 7 6 6 591 721
10 62 26 5 295 371
38 7 23 1 283 373
14 18 22 1 387 610
75 97 9 6 372 456
99 15 23 5 290 497
70 53 15 6 639 700
78 52 9 3 279 483
3 63 20 2 366 458
80 7 27 5 412 538
60 64 6 5 217 356
68 77 21 3 435 724
5 46 29 2 470 530
44 61 19 2 275 373
46 34 19 1 338 502
52 62 22 6 226 301
25 47 27 2 509 792
26 54 14 3 336 588
12 7 18 6 443 735
90 27 22 4 363 429
9 69 14 6 211 403
31 56 5 1 569 715
52 98 6 2 276 377
24 84 28 4 350 620
22 6 5 6 242 483
52 87 8 5 496 620
51 49 26 3 603 799
5 75 24 5 312 596
74 41 15 5 648 773
51 77 17 7 210 497
22 60 24 1 546 728
4 40 30 7 661 774
69 28 18 5 272 519
52 59 21 3 398 678
93 40 28 7 468 557
26 86 14 4 284 407
67 44 21 4 685 770
21 100 13 5 505 680
4 51 18 5 632 700
87 94 9 1 317 509
72 2 22 3 370 494
76 54 15 4 470 713
76 43 23 5 269 438
12 66 7 5 567 669
84 22 30 3 417 684
43 99 21 3 392 571
17 75 29 7 401 636
37 72 7 4 561 646
41 12 11 5 513 798
53 7 12 3 419 652
70 82 7 7 442 602
24 6 17 7 618 773
87 34 13 5 462 524
89 50 6 2 444 532
18 58 19 5 298 450
70 87 13 3 484 742
0 85 20 3 276 510
6 21 21 2 227 496
77 68 19 6 308 499
95 23 14 2 369 605
39 45 6 7 357 593
17 47 19 5 715 800
95 15 30 1 234 450
5 39 22 7 338 442
56 3 23 2 343 586
68 40 14 3 580 767
22 19 27 4 503 609
50 89 19 2 256 436
3 44 11 2 274 371
36 34 27 4 466 760
87 19 22 2 444 668
56 38 13 7 255 368
27 18 13 7 240 378
12 67 15 3 217 490
99 23 21 4 207 329
70 72 29 2 483 575
100 87 16 7 351 454
20 33 30 6 327 431
11 35 22 2 535 725
60 3 9 2 409 522
51 48 10 4 340 468
33 4 8 5 505 717
38 93 27 7 234 299
29 31 21 2 240 329
8 97 27 3 219 368
42 84 13 2 257 554
21 98 5 6 411 616
90 98 25 6 647 743
96 68 25 3 513 713
75 88 28 2 434 730
6 23 8 4 622 724
90 96 21 5 672 773
39 5 14 2 504 770
24 83 8 6 532 761
49 81 20 2 551 666
98 11 27 1 272 468
65 67 23 3 479 694
35 46 10 1 572 771
17 88 23 6 202 412
48 88 11 1 296 411
16 20 29 7 579 673
89 69 23 4 357 535
25 19 23 3 394 684
58 15 8 2 228 458
85 73 26 1 429 601
88 69 11 1 506 686
81 96 10 2 221 429
61 25 20 2 285 585
65 16 18 2 347 521
78 33 9 3 464 629
92 15 21 7 374 529
12 51 10 5 476 695
55 4 8 4 543 622
44 75 29 4 426 670
56 32 29 2 574 703
65 83 10 5 228 323
32 99 29 4 394 605
99 25 19 3 441 601
100 76 18 6 454 707
45 67 18 4 349 595
62 3 20 5 507 682
6 34 5 3 456 684
17 60 8 7 650 756
38 75 12 5 424 674
76 12 8 6 538 631
69 30 17 1 457 709
59 18 5 1 389 480
43 19 23 4 446 556
47 69 29 3 595 749
4 75 7 5 527 746
67 18 27 1 585 650
70 86 10 2 420 533
57 96 20 7 451 625
15 65 19 2 548 687
53 17 9 5 676 789
87 22 27 5 595 749
31 83 29 4 225 465
23 88 29 4 316 446
32 1 10 5 705 773
30 53 14 4 224 428
51 3 30 2 365 491
25 58 10 6 531 628
86 9 24 6 346 646
72 39 5 5 440 702
22 37 23 7 417 707
70 90 7 7 582 724
57 78 16 4 229 492
81 16 27 1 507 771
98 36 10 7 462 670
58 82 13 6 287 513
43 81 30 4 533 620
57 80 17 7 567 737
66 10 21 6 301 549
66 32 23 1 594 732
78 96 14 2 255 464
67 78 9 5 272 464
55 6 7 2 429 668
39 25 30 1 395 483
81 15 10 1 563 726
49 41 19 3 435 727
81 93 6 1 453 639
47 34 12 4 448 605
30 54 13 5 318 503
52 23 15 2 535 799
17 2 23 2 396 551
2 34 11 5 469 759
94 0 16 3 432 697
88 30 12 2 717 785
48 79 24 2 614 743
61 96 15 2 573 769
34 80 23 1 326 530
37 8 21 2 557 736
91 1 23 1 261 504
20 30 23 1 597 770
44 39 23 6 519 769
81 0 23 6 294 369
32 22 23 2 370 574
5 45 13 3 322 456
67 61 18 1 582 777
10 78 18 1 626 687
8 53 6 2 344 413
50 67 22 6 225 321
33 50 14 2 420 488
37 59 11 5 233 357
39 11 16 1 290 372
62 31 24 4 655 779
100 51 14 5 279 459
41 10 6 7 316 471
55 11 12 7 281 371
82 18 27 5 588 791
81 74 30 6 467 606
80 34 6 6 375 593
76 35 20 6 331 600
93 66 21 2 206 448
57 30 18 1 631 691
96 17 24 1 568 778
17 6 14 4 584 741
79 88 19 1 335 633
43 37 23 5 394 554
34 71 16 6 235 483
81 45 18 7 337 609
98 100 10 3 410 544
58 95 14 5 598 736
60 23 17 3 685 792
6 77 17 6 550 650
54 50 26 2 409 483
32 13 23 7 294 456
94 1 12 6 613 751
60 97 27 4 688 779
79 75 18 4 477 741
61 43 15 5 483 764
74 87 27 2 320 521
64 1 17 6 404 471
69 87 20 5 200 303
90 17 19 2 270 569
62 9 10 3 424 519
71 56 27 6 687 754
98 0 9 7 409 599
66 13 13 5 205 473
6 57 17 7 252 325
90 69 13 3 525 621
64 95 30 1 290 486
77 62 13 6 366 602
22 42 8 3 400 611
81 78 13 4 344 596
85 93 25 6 440 506
21 65 7 2 221 438
29 87 27 6 299 472
54 70 15 4 462 737
52 70 7 3 569 792
7 41 7 5 682 783
59 92 10 1 333 553
60 98 6 4 496 774
14 14 26 3 417 679
84 1 16 3 347 618
11 20 30 1 521 744
73 24 11 4 513 606
13 35 21 1 215 285
91 20 29 5 247 385
29 32 28 7 237 468
90 28 12 5 445 559
1 92 19 4 299 359
43 30 29 1 438 654
92 84 19 5 502 680
75 41 7 2 257 497
96 90 6 2 361 653
24 30 8 2 226 481
57 29 25 7 393 519
1 10 29 7 411 594
17 91 12 2 321 598
36 49 12 1 348 430
45 49 17 7 487 780
33 2 9 3 496 612
43 83 23 7 535 797
31 35 19 5 590 678
0 46 16 7 205 361
94 100 16 5 588 796
84 92 17 7 224 451
86 29 21 7 309 420
8 24 28 5 362 520
25 32 11 4 276 430
100 42 9 7 256 433
15 21 13 5 541 728
48 57 16 2 249 443
9 45 15 5 216 514
87 35 27 5 459 554
17 39 14 5 577 791
23 82 15 2 383 601
48 42 16 1 430 664
54 22 23 3 597 755
28 74 29 3 411 476
29 66 6 6 344 458
42 35 11 1 538 797
42 28 5 5 570 792
16 100 21 7 481 637
15 8 13 7 534 687
70 58 17 3 298 499
99 31 18 7 713 777
7 34 25 6 490 665
63 58 19 5 304 499
57 70 18 6 348 488
63 62 20 7 510 753
45 89 8 6 532 740
54 53 18 1 542 642
10 92 29 2 555 673
37 56 14 5 528 639
2 2 25 4 529 667
52 10 30 3 246 449
99 67 26 5 535 658
96 10 27 6 477 709
37 58 25 2 405 606
3 87 24 2 255 348
33 49 12 3 459 650
0 87 18 5 667 786
7 8 20 7 602 704
97 23 28 5 609 688
12 79 25 1 374 599
84 100 27 4 644 733
68 18 30 5 352 433
51 6 22 2 207 284
26 3 27 7 311 464
21 6 13 2 592 790
90 61 11 5 492 742
42 33 27 3 474 566
44 46 25 5 355 494
35 62 28 7 327 563
33 59 16 4 556 731
57 71 21 1 280 559
52 84 17 7 208 471
6 38 25 1 350 556
61 78 9 1 656 772
3 57 20 7 478 633
22 80 22 7 370 575
1 38 22 7 206 384
19 40 26 1 685 773
33 75 25 6 448 618
31 12 24 4 228 449
68 8 14 7 546 669
51 41 19 7 473 586
18 27 8 6 285 396
1 28 22 5 218 427
32 30 6 2 668 785
59 72 21 3 278 474
98 76 21 6 284 451
61 51 12 4 357 489
25 4 17 6 251 369
8 20 16 4 254 461
69 86 27 6 467 703
33 98 14 2 380 537
44 26 20 4 626 786
61 66 28 3 556 651
45 68 11 6 452 722
42 78 25 4 482 598
18 50 14 6 498 669
74 9 15 5 423 601
81 68 30 6 311 540
23 16 15 7 371 445
47 7 7 2 590 669
78 93 18 4 273 468
66 40 6 6 680 795
71 69 6 6 511 642
39 36 7 4 490 615
25 14 9 7 458 627
32 44 17 1 613 770
11 91 26 7 362 618
55 62 21 7 462 610
3 30 12 2 380 673
17 61 5 3 347 460
61 14 5 5 214 336
60 83 15 5 446 580
56 20 17 6 537 632
92 36 19 2 314 422
55 85 22 1 590 748
90 36 18 1 467 671
64 26 7 1 589 652
41 66 20 6 556 636
0 36 28 4 533 718
11 54 8 4 406 606
55 12 20 2 528 762
37 71 12 6 331 438
60 92 12 4 473 577
70 70 22 1 472 710
14 74 22 6 585 683
1 15 8 4 565 665
5 67 24 3 321 413
90 37 14 7 252 318
10 54 23 1 285 360
91 98 30 7 528 714
7 42 30 2 379 442
42 89 24 2 336 396
100 60 18 7 362 509
62 86 13 7 242 372
15 61 9 2 374 457
7 22 5 6 235 506
8 0 30 4 620 701
83 31 22 6 322 504
98 58 22 6 301 583
45 5 5 3 510 614
81 60 24 6 468 708
52 37 8 1 473 584
39 20 18 6 269 417
36 74 25 6 291 585
96 12 27 6 245 514
87 90 14 7 470 553
33 41 12 2 246 307
37 53 10 7 279 406
87 99 21 4 534 744
50 82 7 6 413 633
56 89 12 3 667 775
2 78 26 6 624 704
58 92 26 3 631 786
6 53 18 4 616 781
22 55 21 6 276 446
76 42 9 5 329 499
26 64 18 7 286 578
25 29 27 2 637 718
71 98 14 3 443 614
70 6 24 4 297 587
78 43 5 7 481 646
29 36 5 3 325 409
38 98 16 3 420 523
92 13 17 5 380 537
52 74 17 1 419 613
1 34 21 2 426 495
87 15 25 4 427 599
6 80 5 5 365 495
13 27 16 3 394 498
25 28 16 7 421 599
74 57 18 2 584 744
74 69 29 7 407 497
11 72 25 6 351 602
94 85 20 7 422 706
17 50 24 1 365 509
10 77 29 7 452 656
54 64 8 4 460 712
79 44 24 5 521 612
75 2 27 4 261 435
52 13 6 7 364 633
71 43 22 3 302 458
84 2 10 1 460 551
95 2 30 4 417 579
49 16 10 5 304 441
55 71 28 7 411 511
72 12 25 5 364 479
14 53 19 2 424 630
86 42 11 1 340 640
61 13 16 2 523 703
82 38 22 6 402 498
15 88 29 3 404 697
69 70 10 4 490 589
74 63 11 1 635 769
5 31 9 6 267 539
54 3 23 3 566 796
86 66 11 2 239 306
93 97 28 7 443 520
71 27 8 2 672 742
58 26 5 3 290 427
93 79 10 6 471 549
69 21 6 1 441 511
50 54 11 4 286 503
80 88 5 1 299 568
75 34 26 3 207 387
74 24 25 7 398 656
28 5 8 5 373 458
62 21 11 3 305 432
7 10 14 7 326 409
87 72 20 4 567 659
76 87 24 2 507 572
74 64 21 3 436 719
69 64 25 7 255 317
42 34 26 6 507 680
73 40 7 5 208 379
59 50 8 6 258 426
37 18 25 3 277 470
0 13 27 1 309 566
60 41 6 5 459 521
12 42 19 5 418 614
6 11 5 3 240 455
42 15 30 2 357 466
24 71 7 3 329 529
5 5 25 1 402 605
28 7 21 2 290 448
78 95 9 4 418 669
61 49 22 5 297 589
58 83 28 7 624 786
10 39 8 1 410 682
41 33 6 3 471 635
88 74 29 6 443 709
13 93 14 6 328 618
14 94 19 5 493 578
40 4 24 7 644 705
26 43 10 7 684 752
90 3 20 7 410 609
4 26 17 7 518 609
92 68 8 6 386 488
95 80 9 3 611 729
52 22 26 6 250 535
23 22 6 5 480 682
77 44 29 2 457 655
3 24 22 5 374 514
52 50 26 3 602 677
3 15 26 5 372 496
88 77 13 2 603 679
81 58 28 4 209 491
18 66 8 7 686 784
22 4 27 4 415 713
15 78 15 1 345 476
54 33 27 2 425 711
98 16 9 7 329 438
24 46 24 4 566 742
9 79 18 3 306 455
93 35 30 4 506 767
60 33 11 7 319 516
7 65 20 7 295 448
27 15 27 2 258 331
97 78 5 4 696 798
11 33 21 7 370 538
43 48 7 1 216 342
21 68 5 2 288 558
42 37 11 1 388 577
99 32 24 6 237 325
73 68 18 3 386 489
39 50 30 7 412 684
0 34 7 2 352 651
57 83 8 4 427 657
82 92 30 6 416 527
4 39 12 2 421 672
59 93 27 3 264 329
90 92 20 6 200 260
94 69 29 2 464 658
22 26 9 7 620 768
41 63 22 1 501 753
6 13 7 5 236 471
57 28 10 7 599 659
21 58 8 2 254 503
13 5 25 2 227 385
37 10 18 7 423 491
92 51 28 4 258 472
22 99 26 3 216 348
33 8 30 7 621 720
54 48 14 3 256 534
59 48 28 5 549 740
39 30 21 7 517 623
22 72 18 5 511 656
26 34 9 3 383 633
19 95 20 3 578 713
68 14 20 7 551 720
90 57 27 4 509 789
42 81 28 4 427 724
92 10 11 5 494 786
20 43 10 3 466 580
86 46 22 4 399 642
91 40 8 5 488 769
37 14 7 4 252 500
93 91 21 6 516 769
21 43 16 6 651 791
15 89 15 7 305 500
37 46 9 4 509 713
80 93 23 5 344 629
35 29 8 7 468 675
63 43 16 2 478 771
76 76 23 4 237 390
83 98 6 4 266 355
15 25 9 4 434 663
36 50 28 4 447 746
37 12 8 4 383 570
86 15 25 5 672 765
14 68 8 3 411 703
77 52 15 6 257 537
13 79 23 1 239 364
31 42 21 1 465 728
43 93 20 4 426 559
84 67 18 3 671 736
75 100 23 3 594 725
27 31 12 5 226 398
71 3 20 3 418 503
84 39 12 2 640 785
83 100 17 1 270 451
69 100 23 1 426 559
37 55 30 1 287 350
70 24 19 3 600 779
28 10 27 5 443 585
57 59 5 6 222 499
22 83 14 5 270 382
93 43 15 5 507 608
1 14 21 7 413 595
59 49 13 5 211 439
96 31 30 7 223 293
82 0 25 4 446 568
72 44 27 4 327 455
93 56 24 4 572 658
50 98 27 4 243 542
41 53 14 6 494 771
57 4 27 4 337 562
30 89 27 2 234 343
42 30 29 2 284 421
94 75 14 3 261 471
74 14 28 1 682 746
32 67 29 1 241 411
2 52 16 3 491 661
50 48 27 3 322 471
88 43 23 2 424 558
52 86 6 2 361 427
36 53 22 1 726 789
4 62 5 3 358 496
24 31 19 6 448 729
31 6 23 2 265 344
22 40 6 7 593 668
67 4 17 5 352 630
27 10 6 3 270 424
58 71 14 1 320 440
96 47 23 6 524 768
13 11 20 7 518 583
16 13 25 4 422 486
73 34 10 4 644 714
32 36 11 4 555 635
89 30 24 3 467 594
80 10 19 5 587 732
97 77 13 7 528 642
81 25 18 4 389 546
58 32 10 4 543 683
65 6 18 6 485 724
10 53 18 1 499 636
8 78 10 7 412 662
69 22 23 6 328 530
32 73 23 7 670 775
9 27 21 1 280 504
77 94 8 5 478 583
14 19 29 7 610 699
62 29 8 2 266 402
85 61 17 1 311 396
86 63 6 1 363 620
20 17 6 7 349 637
81 36 13 6 251 365
12 34 23 1 463 653
61 4 11 4 396 688
69 80 28 6 241 443
30 90 11 1 416 645
7 36 13 5 262 323
36 61 8 7 255 460
81 71 16 6 241 451
46 37 27 7 406 519
85 1 8 7 542 692
36 99 23 1 461 750
86 23 28 2 454 731
83 7 17 6 531 663
62 14 28 2 304 449
44 15 11 2 598 692
78 29 29 5 401 537
55 88 16 3 637 715
31 84 20 1 348 428
85 36 10 1 333 431
19 56 16 5 450 679
31 8 21 3 361 445
28 97 25 6 322 618
3 11 5 5 213 429
62 1 18 4 503 632
99 75 15 6 225 406
24 37 15 3 525 654
99 11 8 1 307 524
11 51 8 3 269 330
38 78 6 7 576 668
6 18 25 1 285 397
74 52 25 2 375 544
26 60 5 6 498 716
45 25 18 7 407 506
29 85 13 2 360 427
58 24 9 2 301 543
38 50 22 7 427 493
49 28 7 3 226 347
56 33 17 7 348 496
32 50 21 1 617 698
50 13 24 7 281 544
14 46 13 6 672 752
82 51 6 2 460 641
48 89 16 3 574 690
73 0 27 3 306 402
74 82 20 5 440 588
5 36 22 6 555 625
83 71 9 7 429 601
7 98 9 3 341 591
74 4 20 3 577 777
51 96 12 1 728 796
64 61 21 7 667 799
86 22 6 4 356 608
63 81 6 7 235 504
56 2 11 4 494 636
98 63 26 3 471 618
24 40 22 4 507 625
56 54 16 3 491 745
49 52 16 5 349 421
23 39 20 3 361 444
95 43 23 4 224 463
86 4 17 1 265 452
19 60 11 6 269 431
48 27 27 6 503 641
64 6 16 5 483 546
58 65 22 6 224 522
52 60 15 7 407 497
1 44 18 4 427 673
16 37 21 1 293 362
49 8 21 5 451 562
69 36 17 1 571 752
92 97 27 1 640 781
80 60 21 4 514 785
64 30 10 1 393 496
19 42 15 7 248 453
10 71 12 6 310 520
45 42 28 3 419 528
67 98 28 2 219 517
49 61 18 1 303 442
64 33 17 2 425 557
35 26 10 6 210 401
18 6 13 1 609 789
6 2 29 2 266 446
69 57 17 4 448 735
9 83 10 5 580 724
74 7 9 1 521 706
91 59 9 3 446 609
97 87 15 4 250 533
40 3 23 3 342 537
98 30 22 6 482 612
91 22 29 5 545 772
48 74 29 3 464 571
9 21 13 1 421 649
83 61 7 3 577 719
74 85 18 5 269 569
74 6 14 5 376 597
81 50 19 5 386 494
40 78 27 4 552 716
94 84 27 3 398 650
78 5 12 5 258 328
18 87 29 7 397 668
72 14 25 3 393 656
29 64 24 4 326 538
71 70 20 2 221 443
8 29 11 1 445 509
16 59 20 6 313 611
13 92 15 1 366 635
50 43 23 6 373 592
0 83 22 6 571 800
61 72 22 7 208 498
77 60 10 3 532 770
21 77 6 7 503 595
45 75 16 2 284 560
38 15 9 5 642 782
15 97 14 6 365 469
12 41 11 1 432 703
89 42 8 3 444 625
49 55 30 3 269 528
63 97 12 4 238 327
37 64 20 6 389 490
43 94 5 7 592 788
37 31 21 3 218 443
19 89 30 3 348 494
24 34 9 5 603 736
47 90 16 3 242 343
79 43 5 3 292 398
61 40 25 4 585 684
38 27 21 7 421 668
24 15 11 2 417 561
35 90 18 6 532 682
94 24 9 7 529 752
65 19 14 4 479 730
23 38 27 7 252 465
3 37 8 5 478 586
74 3 25 5 602 676
49 60 16 6 212 472
33 24 18 3 211 492
44 84 28 6 529 673
29 9 8 7 467 545
86 34 24 7 267 349
47 89 15 3 406 654
34 86 25 4 471 701
33 83 16 4 241 471
100 8 20 2 350 499
46 15 16 7 544 791
11 56 28 3 566 762
24 92 21 4 391 543
11 80 13 7 284 434
9 20 29 7 213 420
13 87 20 5 304 416
13 89 15 7 437 520
45 6 21 7 485 682
26 58 30 2 318 578
51 68 11 4 428 715
1 68 16 1 622 747
87 64 29 5 531 731
28 26 29 1 339 557
50 40 5 5 456 650
84 83 9 5 351 542
71 31 9 3 672 762
46 17 29 5 526 765
5 94 20 7 225 444
65 48 10 5 483 696
80 96 12 6 724 785
86 31 16 1 237 346
67 10 25 4 533 632
93 6 29 4 540 677
35 74 17 4 491 711
95 45 25 3 288 530
27 55 24 6 264 532
75 59 9 1 307 603
66 26 13 1 454 514
76 27 28 2 321 519
37 78 14 4 543 779
55 82 21 1 329 391
26 36 27 6 337 608
34 74 14 1 422 535
53 51 17 1 261 488
42 54 12 7 684 797
4 28 14 3 213 325
91 41 7 7 203 354
2 66 30 5 268 450
92 38 26 6 410 673
63 42 5 5 532 792
18 8 26 1 277 562
75 44 17 1 484 728
81 64 21 2 440 538
5 57 15 2 547 673
49 43 15 5 215 446
15 74 10 4 499 728
41 85 25 4 372 492
39 67 17 7 401 540
99 89 7 3 370 450
72 0 8 1 635 709
70 4 18 3 460 590
3 8 15 7 531 750
80 5 17 1 276 411
69 69 11 7 211 497
6 73 19 6 532 758
23 49 30 1 688 751
94 66 29 5 409 544
0 56 13 2 272 572
31 99 6 6 518 714
97 52 12 4 484 719
77 34 16 7 534 709
89 66 10 6 302 602
72 64 26 1 237 309
53 78 14 6 622 757
63 6 19 4 457 639
74 39 19 2 558 631
55 78 17 2 439 589
44 79 11 7 280 478
24 97 9 4 298 382
58 76 17 3 675 752
83 27 18 7 509 605
68 87 13 7 543 655
39 12 23 2 280 539
92 49 21 2 572 759
43 61 9 7 447 674
74 53 17 2 485 679
16 9 27 4 239 421
42 38 18 7 363 612
4 70 21 5 253 496
56 10 16 7 366 504
75 83 8 3 264 445
85 63 21 6 423 709
49 71 18 5 445 663
14 87 13 5 461 704
67 97 26 7 247 424
83 50 27 2 430 655
95 84 14 7 245 464
35 71 12 4 338 475
14 45 27 4 532 689
41 86 23 4 356 470
59 58 23 6 600 769
55 95 16 3 481 651
7 18 9 4 291 365
67 89 5 5 654 715
53 58 16 5 717 788
77 63 11 2 334 555
27 92 15 6 456 746
11 82 14 6 370 639
9 35 26 7 519 762
90 8 20 3 504 675
78 46 10 4 547 681
0 31 20 5 400 505
0 24 9 3 461 744
86 92 18 5 556 712
95 71 29 1 675 747
30 97 28 5 474 566
21 74 22 6 564 723
77 15 27 3 408 539
24 14 15 1 273 401
21 37 25 7 432 637
43 58 16 5 481 676
42 93 24 5 503 601
32 54 26 5 433 625
76 19 28 5 439 589
28 64 15 1 274 465
20 58 29 2 687 795
97 38 20 7 366 436
35 30 26 2 588 783
95 76 15 5 209 502
13 29 5 6 615 713
37 98 20 3 329 436
99 87 24 2 247 375
44 1 10 2 276 385
48 13 27 4 573 703
17 70 21 7 361 441
81 33 26 2 247 337
60 94 16 6 489 748
65 80 8 6 451 541
94 73 26 2 275 572
72 56 5 7 405 537
24 99 14 3 245 491
13 50 19 1 252 462
19 93 15 5 584 758
30 80 21 4 398 508
22 21 26 7 347 526
85 21 21 4 454 714
76 82 23 1 558 707
51 26 13 4 627 747
18 95 13 2 560 688
76 32 8 1 584 777
57 18 13 6 507 776
9 82 12 1 291 408
91 36 28 2 712 793
78 66 14 5 539 690
96 67 19 7 298 447
30 59 16 2 714 774
75 20 14 1 433 729
17 76 18 2 492 614
92 22 22 5 383 447
95 8 8 4 371 605
89 53 10 3 355 478
56 76 16 6 239 360
100 22 18 3 308 453
37 28 18 5 334 440
47 19 13 5 535 644
9 56 24 2 371 492
86 10 25 5 349 424
95 51 29 5 388 615
98 14 11 5 292 503
94 29 21 6 431 583
21 3 13 3 381 630
5 32 9 2 543 772
78 98 7 5 654 727
27 5 25 1 206 293
8 12 16 3 580 711
43 41 6 6 443 542
66 31 15 5 458 642
90 38 12 3 521 752
89 15 23 5 400 604
59 100 23 5 225 388
41 59 21 4 225 298
77 4 23 5 372 533
25 30 8 7 369 600
82 25 11 7 345 571
68 84 21 7 299 566
5 27 16 7 357 639
68 46 8 1 449 692
29 4 28 1 495 776
41 58 9 6 481 761
1 37 30 5 325 549
49 96 12 7 369 506
5 22 5 7 364 467
19 19 30 2 583 676
33 39 10 6 581 786
73 6 10 6 472 573
5 11 27 2 395 593
20 85 22 6 254 446
76 23 17 6 299 468
32 43 19 5 645 717
41 69 16 6 469 688
31 7 10 6 276 347
67 90 17 1 352 593
85 27 17 1 454 748
78 90 30 7 460 595
42 77 8 2 300 536
98 95 30 3 657 770
70 78 11 5 554 748
59 51 17 2 529 777
12 20 22 7 557 664
46 24 16 4 533 688
21 49 10 2 619 719
9 86 23 2 329 475
21 51 18 7 303 412
64 46 14 7 222 413
93 10 17 5 441 719
61 36 13 4 394 494
47 18 7 4 418 554
29 18 7 4 201 457
36 76 15 1 664 754
49 67 8 1 497 594
47 50 30 2 391 538
59 4 18 4 328 532
41 16 8 4 414 660
66 67 25 6 311 478
8 61 28 6 554 653
32 5 20 5 233 421
77 9 28 4 614 786
25 77 18 7 654 725
93 12 19 2 349 421
35 39 11 1 243 444
92 12 9 5 449 519
43 21 21 3 503 713
55 72 26 1 217 436
8 40 8 2 568 709
51 88 29 2 413 600
36 40 6 1 673 776
79 85 10 3 291 414
68 23 8 4 247 447
53 29 6 1 364 460
15 13 23 1 564 667
62 69 15 2 205 462
23 75 23 5 619 786
71 22 22 5 547 631
4 65 28 3 560 798
27 83 26 4 464 541
11 38 7 6 200 304
87 56 25 2 520 610
40 44 17 6 248 490
69 12 21 6 404 623
3 22 7 7 636 718
10 23 20 4 398 632
24 17 7 4 405 499
30 94 15 5 338 535
38 22 27 7 476 547
63 45 27 3 514 581
26 9 12 4 560 773
55 24 20 1 464 747
4 19 6 6 680 791
20 20 19 6 228 405
84 4 28 5 283 506
100 61 28 5 351 435
33 31 30 2 453 609
46 41 7 5 250 478
91 43 5 7 637 713
87 84 6 2 621 768
99 26 9 4 256 495
30 78 28 2 447 735
3 99 18 4 489 740
27 46 10 3 420 568
57 66 13 6 344 558
79 66 12 6 221 368
28 62 15 4 356 549
83 11 25 5 517 770
85 42 13 1 202 302
78 17 11 5 418 621
63 30 20 2 593 746
52 21 11 1 312 549
94 26 29 5 389 456
84 13 6 2 373 545
13 36 26 3 243 490
2 3 17 3 619 697
87 32 24 4 460 602
72 99 12 4 353 554
36 22 25 2 624 734
95 74 30 5 591 687
66 61 17 5 427 651
60 82 13 5 279 408
4 84 24 4 614 746
54 95 19 4 255 451
18 86 7 2 349 604
1 23 7 6 424 643
40 92 21 7 326 558
28 30 11 1 505 630
71 30 6 7 565 797
44 98 23 7 287 587
75 60 19 6 503 739
20 10 24 4 300 408
14 92 15 7 523 697
12 1 28 2 547 610
41 22 29 4 490 785
80 68 16 2 340 468
67 52 20 1 604 727
61 29 5 7 446 644
73 1 10 1 392 463
26 87 17 5 547 692
61 15 11 7 602 758
47 54 23 5 398 526
7 51 17 4 461 758
37 65 13 5 345 624
32 61 6 5 417 483
41 47 29 6 388 598
9 48 24 3 642 728
38 12 14 2 250 542
100 75 16 1 487 627
12 5 29 4 374 540
89 83 18 1 417 516
62 74 19 2 208 350
38 42 28 6 319 462
37 61 24 3 341 565
29 69 7 3 417 560
5 68 5 2 634 757
96 98 24 3 546 669
75 99 30 4 348 422
66 46 24 5 305 541
20 47 10 2 589 800
2 14 18 5 385 624
19 28 8 3 684 793
77 40 11 4 517 757
15 6 7 2 698 798
40 71 13 4 277 367
85 20 27 2 302 571
41 35 9 4 268 388
11 15 24 1 261 381
95 13 16 2 491 608
59 55 19 3 393 581
57 24 18 6 494 696
64 88 24 6 391 517
67 81 25 3 243 310
17 57 5 4 208 469
33 77 26 7 411 570
49 74 26 6 241 428
65 38 6 1 341 633
5 64 27 5 230 455
75 86 17 5 215 499
64 53 30 3 664 729
73 36 12 2 352 428
68 80 9 4 400 496
66 97 12 3 227 461
35 15 15 1 498 714
7 4 20 4 466 642
29 16 30 4 413 509
93 76 20 3 227 386
28 6 14 1 384 615
95 44 19 1 353 553
61 82 6 3 299 433
66 0 29 1 446 725
70 17 6 3 451 735
27 74 20 4 246 421
14 17 8 5 550 707
40 55 10 5 235 404
17 14 24 5 415 476
15 30 30 1 704 783
100 82 28 7 638 794
82 53 8 6 340 440
18 92 13 7 423 530
5 30 11 2 681 742
33 76 21 5 548 688
27 13 5 2 399 677
61 73 14 3 474 678
95 99 14 5 557 716
98 53 7 1 207 370
35 41 11 6 369 541
18 23 21 5 320 432
73 89 29 2 443 737
76 28 7 7 461 748
78 49 25 3 284 492
56 12 8 5 251 471
82 72 9 1 528 729
25 92 19 4 449 559
32 74 10 5 351 452
99 88 26 1 309 467
50 9 19 4 341 634
30 92 29 6 353 627
76 3 20 7 263 341
45 2 7 1 292 570
70 92 21 7 525 791
99 90 22 5 586 774
74 77 24 6 230 494
85 87 11 5 238 420
40 87 27 1 470 563
71 0 23 7 359 649
4 78 8 5 549 666
39 7 12 2 537 606
6 60 30 4 379 490
49 51 15 7 245 503
99 57 26 1 467 658
9 61 6 3 565 753
44 11 10 1 449 653
71 72 19 7 272 553
95 75 19 1 473 697
56 95 18 2 651 797
71 54 24 6 364 530
55 61 21 5 216 312
97 55 22 3 362 461
63 9 26 3 528 794
90 16 10 2 238 391
0 84 27 1 414 496
90 87 28 2 684 747
33 78 22 7 323 578
35 3 10 4 560 663
95 78 11 6 374 641
67 11 25 4 438 654
62 46 19 7 381 506
48 50 23 1 384 670
47 1 7 4 393 475
95 62 14 7 400 519
13 24 10 4 277 572
61 67 16 3 281 394
79 40 29 7 615 734
2 51 11 4 252 364
0 11 27 2 362 559
4 63 20 2 242 370
51 94 10 7 317 522
14 89 20 3 460 672
36 95 27 5 502 601
51 12 12 6 622 785
55 55 16 1 406 563
47 59 8 5 324 474
9 2 21 5 397 514
58 96 23 2 379 459
9 14 17 2 275 565
81 92 28 7 397 673
79 81 14 4 399 518
48 46 25 3 388 651
54 75 26 7 303 551
78 83 19 1 343 610
85 44 23 7 547 674
79 46 20 1 265 526
73 97 23 1 637 740
68 3 26 3 244 464
94 42 30 6 354 560
42 72 30 1 353 614
77 64 18 4 216 511
0 90 30 2 535 747
9 30 9 4 448 517
17 29 11 7 356 556
71 50 25 4 266 435
37 84 14 7 361 581
92 94 8 6 258 346
35 69 16 7 323 533
49 38 8 5 295 532
27 30 11 6 508 639
63 79 29 4 395 468
7 58 6 2 365 611
52 71 5 3 332 611
44 28 23 4 649 740
95 26 22 2 234 416
56 70 19 2 209 270
52 80 30 2 334 397
8 55 21 7 387 478
72 29 26 7 466 675
86 86 29 7 528 775
61 39 27 2 457 534
25 71 24 3 644 706
19 35 20 2 524 621
11 34 14 7 418 500
95 7 23 1 471 726
88 4 30 6 436 511
22 51 26 1 403 633
53 98 17 6 561 660
34 39 14 1 645 736
90 84 20 4 635 748
52 1 8 1 323 507
32 4 14 5 548 659
97 22 28 3 402 598
49 92 19 7 242 425
61 90 14 6 218 442
49 53 15 5 327 460
22 62 19 7 233 421
5 1 26 7 231 528
40 96 21 5 349 644
44 21 9 4 507 586
26 2 20 4 427 521
59 81 28 5 250 462
13 4 20 2 434 663
10 88 15 5 295 494
57 79 29 1 274 439
51 76 30 1 558 666
82 65 15 6 295 449
63 63 20 7 638 795
76 2 29 7 421 574
88 39 6 7 319 504
74 15 5 7 393 649
9 22 23 3 285 383
79 9 23 6 611 792
26 72 26 4 294 469
17 19 12 4 436 598
0 72 18 6 455 681
40 77 8 6 575 639
73 100 22 2 449 567
69 72 14 6 222 482
24 13 12 6 596 720
70 73 9 4 630 718
16 17 28 6 554 769
98 46 13 6 303 460
52 28 25 3 363 457
6 31 7 5 223 339
54 77 20 6 547 774
8 30 11 7 561 637
4 54 30 7 267 543
63 40 28 7 426 718
84 19 23 7 522 601
61 19 8 6 334 517
30 100 13 7 380 635
16 43 8 4 548 618
21 25 29 1 386 558
45 47 24 1 330 497
11 27 8 4 472 588
85 94 15 5 607 766
97 94 29 1 348 435
4 7 23 6 459 758
86 38 21 2 465 535
27 16 17 5 438 575
81 94 24 3 400 543
63 90 30 6 474 722
91 66 19 3 384 666
41 84 7 5 331 418
56 63 10 6 443 607
70 35 8 6 224 461
44 56 14 3 240 511
37 76 30 5 269 536
100 54 7 7 485 557
57 40 9 3 254 546
32 40 6 7 409 552
13 25 21 3 389 455
44 10 21 3 551 774
85 82 26 6 476 754
94 81 28 6 400 629
97 56 13 5 514 591
50 60 5 7 255 406
68 53 5 4 574 788
23 41 9 1 221 321
58 22 29 7 205 359
83 55 14 7 424 523
77 95 27 3 476 627
83 91 10 1 537 768
56 83 7 4 353 489
24 47 24 5 269 521
30 79 10 2 563 733
72 83 26 2 594 761
61 89 30 7 448 651
12 12 25 4 499 646
83 82 14 7 376 653
49 69 7 4 264 482
35 7 20 3 621 740
51 91 29 2 239 454
65 73 17 2 405 521
50 79 8 5 544 734
13 60 11 5 356 504
23 100 13 4 409 579
49 39 9 1 666 779
99 65 12 2 230 489
25 22 29 2 660 749
60 25 27 4 232 374
30 29 15 4 365 595
76 8 27 6 318 496
74 44 10 6 485 610
94 80 15 2 535 705
31 44 30 5 254 480
69 96 11 6 675 760
34 82 25 3 325 582
50 38 10 6 561 641
68 50 16 3 481 776
16 22 26 5 275 441
85 3 29 7 225 414
73 75 25 5 406 471
62 49 15 1 234 328
71 7 21 4 463 762
70 23 7 3 609 750
43 92 26 4 446 618
52 65 12 4 609 731
73 42 5 2 669 780
13 75 5 5 340 475
75 87 24 1 443 722
25 64 24 1 254 378
91 81 29 4 312 478
94 34 14 4 350 492
49 77 25 3 318 459
89 77 7 7 544 644
82 78 10 4 663 742
37 33 10 2 337 588
68 30 6 4 263 502
25 35 27 5 699 773
69 97 28 2 465 700
15 69 30 4 430 530
80 1 23 6 389 463
91 97 10 6 537 626
47 52 25 1 275 401
73 99 12 1 266 365
92 54 8 6 220 407
91 30 22 6 600 720
100 40 10 3 275 545
29 81 19 1 226 323
82 49 18 6 337 559
6 15 20 6 438 517
31 46 23 4 347 616
90 22 7 6 340 466
70 69 5 2 204 327
56 39 11 5 464 660
10 74 26 3 315 474
52 78 15 1 470 550
64 27 6 5 583 763
14 82 14 3 241 399
4 18 10 3 562 654
77 48 9 6 533 629
63 50 5 3 448 531
98 9 12 1 455 567
96 26 9 2 646 723
43 59 30 2 495 762
27 52 14 7 325 544
56 74 11 4 525 623
57 31 5 2 344 564
25 89 17 2 511 682
82 34 17 1 215 487
4 83 13 2 260 528
32 21 21 6 216 392
25 78 29 4 569 780
9 76 11 2 335 438
37 30 26 4 579 667
20 15 14 2 475 765
18 72 19 6 240 357
63 65 30 6 481 560
18 18 17 5 604 760
43 38 22 4 481 643
33 81 30 3 422 658
32 31 17 2 358 456
73 77 6 1 247 438
70 71 6 3 265 478
74 95 9 2 277 462
22 91 10 5 578 658
10 35 13 6 475 694
12 10 17 5 366 607
28 57 7 2 328 417
42 70 11 1 404 652
41 6 6 7 415 696
68 12 26 2 301 461
85 11 17 3 377 575
2 13 27 6 455 615
25 61 5 7 321 588
84 6 13 3 568 670
74 84 25 3 326 598
9 41 12 3 331 545
28 87 18 4 227 383
91 79 14 7 269 352
53 46 14 6 387 568
16 62 17 4 621 792
93 38 13 1 291 363
88 27 21 1 567 696
38 86 18 6 573 713
73 41 13 5 565 698
35 73 30 1 583 771
29 17 6 7 532 675
71 85 13 3 504 706
63 23 11 2 515 779
67 94 11 7 426 683
32 14 10 1 496 713
98 84 14 2 362 609
67 33 6 1 364 455
30 66 24 3 342 477
21 55 29 3 555 624
83 45 12 4 262 496
41 91 8 5 438 610
37 37 13 7 510 695
82 91 28 6 328 486
15 87 27 1 509 766
29 59 24 5 647 730
88 16 29 7 418 673
3 9 16 5 272 471
82 100 18 6 486 653
79 73 29 5 573 797
75 6 21 5 219 371
9 71 21 3 619 772
25 55 13 2 278 523
39 86 24 6 354 578
95 86 10 7 276 399
100 53 9 3 622 700
18 39 20 4 482 640
69 83 7 7 259 475
88 73 21 2 513 730
77 37 22 2 377 438
81 47 18 4 288 360
35 98 15 1 390 675
48 18 9 7 321 382
20 84 22 1 596 784
47 38 5 3 571 685
66 59 16 4 595 683
67 19 21 7 489 706
75 95 22 6 385 596
3 64 12 5 339 422
32 26 16 7 475 663
38 30 23 4 466 644
81 37 12 2 414 479
30 24 16 4 417 683
92 89 13 5 396 649
88 47 20 2 269 439
92 95 7 7 291 485
9 8 20 3 341 571
16 6 30 5 595 690
89 24 28 3 328 489
27 62 13 6 414 563
67 21 11 1 563 674
6 56 7 4 606 725
87 0 21 7 501 566
85 96 8 7 365 496
18 41 14 5 472 682
69 71 16 7 536 763
40 42 9 3 343 440
93 63 21 6 230 385
52 0 16 4 565 683
18 55 19 3 506 672
49 86 5 3 535 657
17 22 14 7 389 574
62 71 19 6 293 563
8 60 28 7 319 575
81 70 12 5 674 754
45 56 24 1 659 721
79 56 11 7 261 345
24 49 25 5 326 521
65 55 30 5 236 471
97 82 22 7 503 652
38 73 28 2 270 351
59 83 19 2 592 663
7 87 17 6 325 554
20 51 12 5 276 561
0 27 14 7 695 765
4 47 28 1 428 629
97 20 11 2 331 460
27 37 17 4 406 512
56 99 17 1 622 726
84 54 6 4 375 463
85 60 10 2 234 436
93 52 7 3 390 592
70 41 18 2 602 788
40 49 15 7 551 638
56 17 14 1 542 736
56 42 5 3 419 680
80 15 29 5 350 469
30 32 29 2 291 590
64 45 17 6 398 595
61 17 21 3 352 647
80 8 8 6 312 551
66 12 26 4 293 482
86 97 15 6 330 468
78 85 24 3 312 478
56 65 29 6 542 735
83 13 27 3 468 622
48 10 24 3 416 543
46 78 14 1 347 645
71 64 24 3 303 410
18 2 5 3 471 602
57 38 20 3 296 394
82 59 20 6 214 451
68 52 23 5 381 521
18 32 14 6 431 726
58 36 10 3 311 595
15 90 7 2 204 268
45 38 13 7 287 540
50 53 8 1 278 376
66 93 28 3 427 554
14 59 19 6 323 548
15 50 25 5 482 704
93 89 30 4 231 425
12 72 8 6 346 474
46 68 9 7 499 678
96 13 16 7 303 560
80 75 17 7 282 427
22 8 30 2 447 674
19 57 25 6 588 716
86 74 10 4 341 517
40 6 28 3 371 660
11 47 14 1 589 651
31 62 18 3 312 397
59 25 17 1 329 584
35 27 30 1 380 640
76 50 16 1 479 765
88 61 8 4 557 640
32 10 10 7 370 460
39 78 29 7 319 485
94 30 7 1 203 414
52 75 5 1 203 359
66 6 21 6 572 748
43 10 7 5 581 718
8 42 23 1 314 411
62 33 19 1 418 603
48 76 16 6 568 779
51 52 6 1 204 274
58 53 19 6 348 410
67 58 19 1 274 399
64 54 24 7 331 620
47 9 23 2 298 511
89 70 7 6 399 571
11 31 23 2 478 650
70 94 23 1 432 663
12 87 29 4 571 767
81 89 22 1 640 754
31 24 27 5 446 547
3 42 7 7 453 534
90 67 24 3 213 407
20 64 10 6 639 700
1 84 28 2 502 605
72 69 24 6 348 413
14 6 25 7 227 349
56 37 22 4 504 619
7 44 5 3 459 639
27 8 18 3 512 640
0 64 17 3 372 667
19 48 24 6 279 409
77 33 29 5 509 700
57 0 12 6 545 669
32 94 27 3 321 496
24 59 18 3 567 755
38 48 17 7 426 603
12 55 23 6 550 769
68 21 23 6 346 642
81 72 25 3 491 642
98 89 9 5 281 472
94 62 10 3 371 523
53 49 14 1 537 744
7 9 16 2 561 778
81 14 6 4 527 763
94 97 27 5 469 546
39 26 17 7 376 468
4 86 12 7 537 697
25 10 7 4 253 515
42 100 7 7 219 366
57 16 18 2 505 707
54 6 23 1 531 648
19 11 29 7 598 766
8 28 26 4 460 599
69 90 29 2 256 405
57 13 24 1 478 553
66 89 20 5 423 569
97 7 14 6 229 512
78 91 21 4 576 687
95 42 13 2 305 415
81 56 21 3 484 587
92 82 20 3 232 441
5 53 10 4 204 470
21 10 27 2 359 510
6 98 28 7 435 731
25 60 12 3 225 397
54 13 20 4 482 741
13 58 13 6 481 561
44 20 25 2 487 761
79 10 22 1 596 773
68 66 9 4 382 533
88 33 21 2 635 761
76 18 11 3 200 397
29 13 10 5 526 682
98 54 5 2 317 528
70 29 30 5 620 778
83 84 20 7 254 422
85 6 27 6 429 618
78 28 21 4 302 539
49 15 27 5 501 775
18 100 26 3 450 705
50 33 17 7 309 543
83 96 24 2 523 737
84 99 22 4 499 621
32 70 27 7 548 683
46 65 10 3 515 636
43 80 11 4 218 465
65 99 24 4 219 470
18 70 14 2 404 690
47 33 12 2 295 421
10 43 9 4 489 623
68 76 17 2 280 573
3 89 29 5 446 651
75 73 16 1 466 627
85 14 12 1 334 522
0 49 23 6 609 781
8 27 30 6 348 419
26 31 20 4 288 365
51 87 5 7 299 468
60 88 28 5 610 681
52 32 8 1 322 411
48 98 29 1 279 424
53 95 20 4 484 603
46 76 22 2 434 644
100 39 17 3 295 454
15 85 6 2 262 550
14 11 30 4 449 706
4 14 30 7 300 427
83 5 6 1 436 702
84 15 29 7 556 794
16 83 20 4 632 789
32 71 25 3 542 711
38 96 18 3 230 291
48 68 20 6 294 384
93 84 24 3 235 415
59 45 22 2 372 572
94 61 26 5 317 463
58 80 7 4 320 420
76 14 28 5 304 503
42 73 12 4 505 600
67 36 23 1 486 754
42 88 14 4 551 614
46 7 18 6 445 711
46 55 11 3 529 599
20 79 20 1 504 766
83 42 23 4 607 729
40 1 14 5 460 574
100 25 11 4 524 786
76 75 16 3 261 346
31 50 19 5 554 744
51 90 25 1 579 778
60 90 21 1 382 463
93 81 30 4 282 500
6 52 18 6 353 469
77 70 14 2 354 577
55 91 26 1 249 313
97 92 10 4 586 678
53 30 29 4 425 492
88 32 27 4 405 672
30 20 13 1 642 784
99 1 8 4 263 532
44 14 23 3 313 399
99 41 25 5 201 392
79 70 14 3 386 484
66 79 10 4 362 507
71 84 12 3 695 758
26 17 29 6 461 574
53 2 22 7 247 310
64 65 6 3 518 695
52 68 27 1 209 326
54 23 25 1 328 526
6 48 7 7 696 791
3 20 24 4 387 658
63 88 11 6 260 380
35 78 20 2 674 782
84 21 21 1 448 513
49 78 12 4 357 424
60 27 29 4 347 493
6 27 10 4 369 646
88 98 10 5 699 791
21 79 30 6 494 626
7 82 10 2 287 367
73 20 7 1 488 586
24 29 27 1 499 644
93 45 28 7 588 794
34 77 26 5 288 361
21 44 6 1 597 785
3 43 17 2 469 538
13 83 14 7 544 796
73 87 14 1 400 679
46 50 9 6 450 691
50 70 15 7 405 704
100 18 26 4 546 618
48 2 30 1 241 334
50 97 5 2 325 458
50 45 9 4 405 576
33 22 25 7 341 438
21 41 8 2 258 467
0 45 7 5 297 433
29 98 25 7 382 497
64 20 8 3 536 769
70 64 16 5 490 776
52 97 11 3 293 576
6 40 27 7 265 516
0 32 11 5 347 516
43 95 10 5 369 491
30 61 5 3 661 766
43 9 20 7 556 709
25 27 21 2 441 654
4 12 15 7 631 745
57 26 17 5 308 568
18 63 21 2 277 535
91 18 12 1 411 679
50 18 25 4 278 550
25 79 8 6 553 708
69 33 21 3 270 380
40 56 7 1 494 622
89 51 23 1 539 607
80 58 21 5 503 581
38 28 11 5 547 795
25 81 9 5 233 473
78 7 9 7 696 790
92 2 15 2 363 555
56 93 28 7 231 317
25 50 18 5 489 563
66 4 22 6 306 600
11 88 11 7 636 733
27 56 26 6 533 631
19 20 29 4 400 661
83 85 9 7 328 473
12 21 18 1 365 534
33 97 9 4 345 498
76 46 28 2 217 343
6 63 24 1 274 450
43 7 14 2 495 634
88 66 21 1 676 757
18 98 6 4 404 664
55 7 9 7 208 416
56 11 30 1 314 443
32 19 24 6 696 785
79 93 27 7 223 463
86 0 18 7 504 570
27 99 6 2 527 634
21 4 21 6 601 693
42 41 25 7 647 737
21 85 5 6 468 757
56 56 28 5 206 403
36 83 29 2 487 761
31 57 22 2 544 731
68 57 16 2 427 687
56 43 26 4 632 727
72 37 18 7 236 397
40 90 19 2 577 784
95 95 10 3 646 726
73 17 9 6 392 459
96 6 11 5 552 706
91 19 25 4 203 374
76 30 21 1 479 654
32 46 12 7 203 304
55 1 26 7 295 485
53 85 11 1 360 484
12 43 16 2 307 445
19 25 12 6 565 718
1 1 24 6 519 660
83 73 30 7 202 402
50 32 7 1 313 465
13 17 24 1 367 655
62 88 14 5 619 764
81 43 14 2 499 718
76 92 18 6 275 371
42 8 12 6 216 489
52 77 14 7 585 648
1 82 7 5 463 724
88 55 23 1 447 739
24 42 25 1 436 695
96 25 21 6 321 489
13 73 9 3 604 747
19 10 24 3 658 756
99 22 6 4 571 655
86 93 17 4 210 507
95 68 23 1 639 788
39 18 30 6 435 566
39 75 24 6 204 450
65 74 16 3 551 728
37 60 5 5 529 787
19 15 28 5 304 417
1 80 28 6 544 642
