1134
38 5 0 0 0 0
49 64 20 7 260 493
74 95 23 4 421 526
84 96 9 4 231 410
18 54 26 3 242 345
86 68 22 5 270 391
18 31 22 1 245 394
72 25 14 5 414 516
60 24 15 7 488 583
0 26 19 6 287 398
31 69 15 5 271 450
13 73 27 4 322 557
100 78 16 7 714 794
84 23 6 3 223 348
52 41 23 6 517 685
12 86 19 3 595 753
75 8 21 4 247 488
77 90 8 5 202 329
53 73 29 1 200 438
24 58 25 3 365 551
19 77 5 3 591 690
53 31 16 4 227 406
22 18 17 4 676 768
83 81 8 4 451 741
80 51 17 1 340 630
34 95 20 4 210 278
52 9 16 2 320 502
11 18 29 3 310 402
7 80 29 6 413 489
27 44 6 4 387 567
57 51 29 6 671 765
79 88 30 6 665 743
96 55 11 4 209 472
41 19 8 2 572 643
85 58 18 3 340 587
15 54 25 7 339 510
78 10 13 2 364 452
75 82 30 7 587 719
64 7 24 5 386 516
32 4 17 1 521 588
77 96 24 4 519 699
35 31 23 6 438 600
49 79 16 5 248 484
22 92 18 3 214 505
63 47 7 2 260 330
12 71 18 2 544 796
44 76 23 3 532 683
56 66 7 2 300 486
50 18 16 5 313 508
7 97 6 7 258 508
68 82 8 7 297 458
17 70 19 6 637 795
100 7 5 6 332 552
70 48 28 6 381 567
53 68 25 5 456 630
45 13 22 3 464 597
5 17 25 1 447 613
63 4 5 7 592 723
81 30 7 3 282 572
67 79 26 7 239 482
2 51 14 6 558 755
92 68 29 3 217 297
53 96 18 6 362 553
8 51 30 5 470 606
52 68 22 5 287 569
75 31 24 6 586 693
69 65 15 5 595 724
3 5 6 5 421 489
96 21 11 3 570 742
56 48 16 3 529 606
77 27 24 6 509 588
28 34 15 4 370 654
0 81 19 3 291 584
16 27 20 2 518 681
83 69 22 3 201 343
94 75 27 7 232 531
83 2 17 2 598 731
24 31 27 6 646 759
74 94 15 4 209 444
92 12 13 1 283 506
15 63 7 5 471 704
53 10 6 6 418 569
3 44 29 2 467 729
46 83 12 7 592 697
29 59 25 3 402 570
47 10 30 5 410 481
79 71 21 5 540 730
82 45 16 3 615 741
53 48 26 6 423 659
88 73 12 5 270 512
46 47 21 4 363 527
35 3 8 7 211 295
33 30 30 3 321 484
56 8 19 4 486 740
50 65 8 5 287 549
9 91 5 2 206 429
36 69 10 6 466 733
36 48 9 5 658 755
0 31 20 3 402 540
24 22 23 3 391 595
61 88 6 1 525 725
62 73 15 2 477 643
0 8 18 2 472 684
91 63 23 3 352 458
75 37 8 5 341 425
18 20 22 1 361 538
58 75 27 2 529 798
66 82 13 7 688 755
83 52 13 3 519 745
30 1 21 1 632 718
17 83 28 3 498 581
49 96 20 2 293 562
87 55 22 3 465 553
33 43 11 3 413 654
46 1 27 7 323 573
40 7 26 5 622 800
88 71 7 2 287 543
37 51 12 4 573 774
0 18 14 5 421 623
4 0 9 4 319 573
61 16 30 2 235 476
71 70 14 1 650 751
20 58 22 7 460 756
69 76 18 7 432 495
80 14 5 6 455 613
39 71 15 5 568 669
13 99 10 2 475 672
76 12 15 4 508 628
3 87 20 4 268 530
78 49 13 6 305 446
65 98 27 4 349 456
17 12 28 1 243 347
22 62 25 6 372 474
50 61 27 6 510 732
42 76 25 4 383 524
3 43 30 2 536 605
27 15 23 7 341 516
65 100 30 2 553 779
28 12 13 6 577 651
14 39 14 1 334 423
21 77 20 6 291 548
98 16 27 3 504 755
84 4 5 6 506 653
56 70 28 3 448 710
6 81 7 6 320 558
42 49 23 6 300 375
0 25 21 3 413 509
94 6 6 2 402 611
26 44 27 3 494 673
27 86 21 6 304 585
16 8 23 7 386 546
86 49 21 7 299 468
26 1 24 6 379 528
61 29 29 5 609 711
57 88 8 1 446 518
9 69 27 4 458 662
42 19 5 5 353 609
93 95 16 4 526 657
20 56 16 5 408 521
64 94 14 2 342 575
55 8 30 7 369 518
70 29 14 6 463 724
18 83 22 5 554 661
98 32 5 4 470 544
33 41 28 7 289 492
76 65 22 4 205 384
97 51 12 7 636 720
11 31 12 3 310 522
48 83 5 6 483 662
43 30 9 6 520 656
5 79 22 2 562 716
2 4 22 7 400 530
65 73 8 6 443 565
62 19 21 6 682 795
67 9 13 3 458 642
97 84 9 3 224 408
39 5 12 4 530 628
68 89 14 7 566 757
54 8 26 7 582 717
30 35 14 4 275 355
24 61 22 1 349 531
2 0 8 2 420 546
85 19 21 6 353 586
13 28 8 4 534 777
13 35 8 6 434 599
9 51 28 2 504 738
4 45 5 3 361 474
32 33 9 7 203 378
28 3 11 6 447 684
21 73 17 7 394 541
48 73 16 3 270 332
69 96 19 1 490 572
17 85 30 4 276 529
98 3 5 4 346 484
78 40 22 6 522 681
95 43 17 3 397 524
11 94 16 1 587 717
32 45 28 6 446 559
3 82 12 5 490 640
39 81 12 6 303 560
86 47 8 5 422 676
40 38 17 4 459 717
27 16 18 6 490 706
68 56 6 5 340 464
3 10 17 1 405 621
54 94 6 4 665 778
98 72 11 7 682 748
50 30 6 5 290 512
43 49 15 3 442 720
97 85 10 7 510 657
55 31 21 6 598 693
72 87 13 3 365 522
31 39 12 1 290 461
82 63 21 2 551 733
38 27 6 4 547 795
57 22 25 6 434 620
52 99 7 1 380 500
78 0 20 3 289 474
72 92 16 1 534 673
44 2 10 1 291 572
31 0 25 4 432 603
44 17 5 4 543 616
23 37 8 6 201 395
68 68 18 7 670 736
23 40 6 4 448 677
22 49 26 5 338 616
73 80 20 4 203 346
60 83 21 6 347 624
62 85 12 6 235 339
50 90 8 6 615 754
87 51 16 2 348 521
82 55 28 7 586 697
75 48 5 6 266 547
28 57 12 6 500 603
12 3 27 6 283 485
53 12 16 7 555 692
74 45 20 5 553 620
41 41 11 7 414 646
31 30 6 4 249 410
8 18 25 3 338 592
49 55 15 3 605 717
3 14 9 4 488 548
62 59 20 6 353 551
32 61 22 5 466 644
80 63 19 4 582 717
75 32 21 2 563 636
87 27 26 6 569 640
68 12 5 7 255 346
47 22 25 4 294 566
95 9 30 2 369 487
16 94 17 5 243 442
65 20 27 7 300 525
94 0 11 6 220 384
76 73 27 7 284 397
64 23 6 1 499 663
75 2 23 3 469 707
15 14 20 1 493 564
57 3 7 5 603 668
99 84 23 4 702 772
20 20 25 1 493 612
60 18 15 2 512 763
76 77 10 2 329 535
42 55 18 4 252 428
81 0 27 6 623 722
80 77 5 5 235 380
70 31 29 4 260 434
51 26 13 7 233 421
29 100 25 1 525 624
13 0 13 1 270 570
51 83 29 2 426 603
16 13 27 7 453 695
23 6 20 2 474 600
4 43 13 5 323 526
15 9 13 2 584 657
27 75 20 2 393 582
18 86 6 5 241 470
36 64 9 2 400 523
78 76 12 1 409 528
60 37 29 2 447 608
60 50 21 1 521 663
33 20 14 7 481 730
97 77 11 2 547 759
13 12 20 2 322 548
89 24 11 6 337 620
36 36 24 1 441 741
98 49 18 3 518 582
6 51 25 3 312 515
50 77 17 3 291 523
82 28 30 4 204 470
33 36 29 1 366 465
100 40 26 7 342 634
43 74 7 7 404 546
17 84 29 5 293 501
97 47 26 5 644 796
46 27 12 4 666 759
51 55 21 1 490 770
88 80 26 6 329 579
88 52 9 5 245 474
32 70 22 5 583 789
31 19 25 4 523 639
64 99 10 2 321 595
12 0 23 4 396 580
92 13 7 6 425 672
52 54 29 2 211 477
10 98 10 6 414 506
31 56 12 1 488 553
91 52 11 6 435 535
64 28 9 3 321 548
28 0 8 4 665 790
63 38 11 7 346 481
32 19 25 1 509 770
12 20 5 3 476 640
20 41 29 3 295 558
34 10 18 4 284 573
66 28 11 1 420 629
71 52 30 2 681 759
44 62 16 3 599 761
42 73 30 5 553 634
98 85 18 7 606 719
62 77 26 5 239 355
48 68 16 7 341 498
20 66 24 5 469 542
48 55 18 7 606 798
46 58 28 4 493 636
73 25 12 5 525 614
7 77 16 5 294 539
31 81 24 5 221 480
19 28 9 3 207 322
100 67 14 6 315 612
96 78 8 5 261 421
0 79 30 3 317 611
21 4 25 3 475 774
17 30 20 5 269 465
74 66 5 4 668 791
41 60 18 5 558 648
31 27 26 3 248 344
59 42 13 7 411 504
5 86 11 1 558 640
42 36 30 4 388 462
31 73 28 3 270 428
48 92 26 7 578 759
4 67 21 7 329 474
18 95 19 3 510 669
96 96 27 7 240 398
37 68 15 2 308 485
95 21 12 4 535 627
87 30 25 5 433 678
76 66 21 5 384 648
97 45 19 6 230 361
85 17 21 4 674 786
41 72 27 4 359 509
26 97 17 4 630 722
61 30 22 5 619 758
12 88 20 2 496 622
57 32 10 7 463 653
80 95 29 5 599 722
100 72 21 4 307 544
31 49 28 2 437 580
91 41 7 2 516 756
2 76 23 6 707 769
61 55 12 1 474 630
22 81 12 7 470 534
50 50 14 6 397 495
80 72 12 5 437 522
52 2 28 4 549 731
59 55 9 7 532 756
40 8 24 1 238 431
17 75 26 3 533 696
82 84 29 5 257 427
2 92 9 3 436 609
92 56 14 1 221 369
4 86 27 1 219 355
24 97 5 7 268 450
28 50 7 5 204 299
11 13 30 1 461 531
97 30 21 1 467 594
77 12 9 3 302 385
67 36 28 5 355 484
92 90 14 1 492 627
96 83 15 1 226 322
65 94 19 5 391 480
10 90 20 6 359 563
71 35 19 6 304 415
94 27 12 5 655 719
28 86 8 6 576 650
91 71 25 1 555 726
97 59 27 6 302 431
4 53 12 4 409 492
48 80 7 6 485 758
67 97 11 4 667 727
29 71 29 5 213 467
9 27 19 2 250 310
19 80 7 7 409 572
22 90 12 7 318 448
38 90 18 7 426 622
18 71 18 4 277 482
32 35 10 5 455 606
67 43 27 4 506 651
19 45 15 6 403 579
87 59 23 4 394 666
58 14 10 6 376 494
42 100 22 5 532 685
16 2 6 2 263 453
40 57 14 1 697 793
7 14 10 2 489 623
65 13 19 1 214 468
22 16 24 5 262 409
11 21 6 1 330 392
9 81 29 5 358 568
34 17 26 2 327 500
34 69 10 5 657 785
38 65 5 1 438 585
92 14 21 7 545 789
98 5 14 3 344 614
39 4 29 1 677 782
41 96 16 1 698 765
67 57 22 2 342 542
93 14 20 2 595 766
0 92 26 4 249 531
52 76 24 4 296 371
31 82 10 5 333 408
94 96 25 5 533 792
50 52 29 5 353 499
93 94 12 6 357 645
78 31 29 5 263 474
70 85 24 3 225 396
86 51 20 7 401 542
19 22 25 5 676 766
12 24 7 7 338 535
16 67 18 6 671 795
50 75 10 6 336 412
74 41 15 6 218 515
50 89 25 1 276 436
6 72 6 6 288 435
4 65 25 4 526 648
41 92 9 7 359 634
32 85 29 6 608 727
12 70 17 3 540 742
14 99 25 6 211 368
58 71 6 4 466 620
62 50 9 5 272 371
37 72 16 1 520 583
10 96 13 3 501 773
80 47 28 3 362 542
11 47 7 2 550 784
24 39 19 5 617 733
24 49 28 6 426 711
93 82 7 7 373 434
5 2 10 7 427 542
98 45 8 4 368 572
88 84 28 2 480 744
33 97 26 3 576 650
11 52 10 2 494 611
70 76 23 1 222 398
17 90 22 3 468 676
8 33 20 7 391 670
69 37 13 2 222 379
35 96 23 7 209 497
66 26 10 1 300 514
4 75 30 7 540 645
78 59 18 4 561 636
66 29 6 3 349 616
82 85 8 1 592 654
11 0 29 6 252 456
61 7 9 4 487 652
84 82 24 3 615 796
51 89 6 3 348 586
42 25 9 5 531 705
70 34 7 1 249 454
10 88 6 1 357 418
32 60 17 6 308 539
7 62 5 3 658 788
56 90 29 6 231 333
45 46 19 1 425 558
81 64 11 3 547 664
64 50 22 2 485 725
74 99 30 1 564 793
91 87 24 2 491 687
24 20 10 3 349 622
61 61 8 4 737 799
11 95 11 2 691 797
67 54 22 6 312 499
21 47 24 2 382 639
91 59 11 1 344 426
90 54 19 1 266 548
81 70 28 3 527 658
4 80 5 6 639 758
78 18 25 7 432 699
54 17 6 1 339 467
27 87 11 7 419 505
12 39 5 6 492 661
94 9 17 6 549 677
56 40 26 1 248 470
99 0 12 4 428 681
62 71 17 7 597 749
30 24 8 2 274 362
65 69 18 4 709 798
20 95 17 7 338 589
95 88 23 7 200 475
13 15 9 3 328 610
65 8 7 4 438 663
66 27 6 7 509 572
82 89 10 6 396 569
57 53 18 2 389 543
43 59 20 7 632 721
51 62 26 6 419 535
98 29 30 6 468 756
82 19 17 5 468 690
5 45 25 5 444 524
99 62 27 3 541 668
78 43 9 6 471 646
62 67 21 6 415 712
33 74 8 5 589 710
37 73 23 5 291 433
93 72 18 6 359 499
66 60 30 1 443 720
25 63 10 1 549 760
68 16 10 4 518 710
54 22 20 2 484 675
29 86 25 2 298 440
66 100 9 3 491 729
90 12 16 5 270 568
81 88 13 5 449 570
5 14 21 2 216 500
28 22 22 1 382 444
25 1 13 2 443 692
57 96 25 7 230 320
40 41 19 3 543 718
36 99 28 2 256 317
97 18 26 6 466 539
47 67 25 7 479 547
59 12 18 1 433 667
74 27 29 5 283 394
70 8 5 1 454 584
22 87 29 1 374 617
26 69 17 3 559 762
42 46 12 3 659 763
32 20 27 3 362 574
47 27 21 6 683 745
77 18 18 4 224 483
21 30 16 3 232 452
4 68 17 4 522 796
71 68 14 5 630 694
98 77 8 6 385 576
58 89 21 3 664 760
18 9 6 6 231 355
58 42 28 5 592 765
21 57 13 2 274 383
27 49 19 2 451 716
59 62 16 1 383 550
30 54 23 4 336 559
33 23 22 4 455 676
91 46 19 7 314 398
13 38 12 6 358 578
86 73 25 6 498 725
85 15 22 6 518 586
86 48 16 6 510 692
94 62 22 6 403 701
1 8 13 1 271 409
17 100 27 6 333 462
52 36 5 1 419 493
44 18 25 2 216 319
43 88 5 6 364 477
25 49 24 5 418 606
40 76 6 5 300 432
85 21 22 6 567 651
17 64 26 6 616 776
0 84 26 3 311 422
79 17 6 3 252 429
30 56 20 3 584 796
81 27 18 1 563 729
43 18 12 1 280 558
53 74 21 5 304 570
69 67 27 6 373 457
83 23 12 4 204 303
96 74 18 6 621 690
86 65 9 7 249 456
52 90 30 6 635 744
15 11 9 1 326 557
31 52 9 2 458 623
34 14 17 6 425 507
33 39 8 6 266 552
35 28 7 6 526 663
38 24 17 4 606 689
57 85 30 3 635 700
78 28 21 5 397 652
83 79 9 1 421 482
6 79 15 2 523 734
97 28 23 2 519 723
35 64 10 6 375 485
44 31 16 6 447 640
53 24 8 3 393 593
17 24 29 3 404 475
47 83 23 7 449 737
100 47 8 7 371 592
19 27 5 6 402 699
29 69 11 7 606 797
34 98 13 1 287 396
40 11 19 4 378 581
89 51 22 6 403 481
11 8 29 5 515 741
67 18 28 4 473 739
43 67 5 2 359 432
30 36 8 2 556 617
96 82 22 6 344 457
95 19 20 2 304 376
95 37 26 7 253 425
20 86 26 2 299 570
34 91 24 2 461 724
1 57 6 3 667 752
73 1 6 3 617 742
95 73 15 1 574 720
19 36 30 3 411 529
65 4 26 5 458 639
3 100 16 6 366 582
54 30 28 6 552 758
29 56 11 3 236 472
48 77 11 1 203 381
89 15 29 6 236 301
72 44 9 2 271 410
50 17 14 4 243 348
86 30 7 3 395 566
33 72 12 4 300 588
33 90 7 6 278 408
99 79 24 3 520 620
22 19 23 1 468 747
25 4 19 5 451 598
63 39 20 4 505 594
84 90 12 7 668 777
78 33 12 4 341 620
37 6 8 1 495 711
89 69 13 3 357 449
11 29 25 1 371 658
95 85 20 2 219 514
99 30 14 2 492 555
6 98 26 6 479 761
45 98 27 1 240 362
68 47 13 7 353 574
52 24 12 6 555 653
16 4 25 1 612 715
58 21 14 1 365 450
88 33 12 1 536 605
50 27 15 4 333 444
4 92 14 2 221 488
96 72 21 3 441 735
7 83 30 4 479 584
5 59 10 7 428 497
27 48 7 5 651 783
87 14 12 1 663 732
34 61 30 4 366 484
35 67 8 3 330 491
84 84 8 7 232 373
77 58 9 1 528 746
83 64 6 1 509 686
61 90 21 3 521 644
60 68 29 7 370 651
34 31 12 1 533 793
43 19 18 2 447 616
100 8 6 4 536 647
67 30 6 4 653 735
31 58 9 6 589 698
79 11 8 1 479 592
55 98 25 3 509 673
8 98 21 1 209 452
63 15 11 5 367 625
61 44 30 6 236 333
83 39 6 5 653 730
82 31 24 3 568 748
34 39 24 4 503 637
92 72 27 2 269 534
16 47 27 5 428 581
57 58 21 2 236 318
27 30 18 2 404 643
62 56 21 1 315 549
21 7 27 3 331 463
53 49 29 1 220 507
89 97 5 4 225 448
24 57 10 1 427 661
9 2 14 2 227 519
87 74 19 2 218 449
79 30 27 3 595 793
63 65 29 7 312 550
17 41 9 2 398 507
43 51 27 1 504 623
68 20 6 1 272 337
41 91 12 3 437 536
52 16 16 1 449 528
34 18 29 6 273 471
6 86 30 6 290 387
6 66 19 7 428 567
76 37 26 6 570 712
17 48 5 4 329 426
90 4 20 3 277 563
83 42 22 1 417 495
85 71 21 1 437 725
81 15 6 7 651 767
64 53 27 4 615 684
7 20 20 6 457 707
20 52 26 2 490 624
98 64 8 6 321 514
55 16 22 6 607 675
44 27 7 2 469 649
15 18 12 5 287 536
54 10 22 4 546 725
99 49 24 6 550 688
25 91 5 2 250 345
81 8 21 3 235 465
5 12 22 7 442 738
38 26 17 2 470 595
92 78 12 4 542 658
20 13 5 7 227 502
94 63 19 5 475 558
71 95 20 5 240 467
26 39 23 5 286 443
63 82 27 1 506 641
88 23 22 6 471 539
30 19 28 2 240 415
51 64 17 6 379 533
29 28 9 7 288 434
15 89 30 2 602 707
36 1 19 4 202 455
33 59 7 1 426 491
30 82 19 7 438 636
49 98 14 2 329 616
93 89 12 5 282 495
53 78 7 5 343 552
8 76 25 2 264 480
87 11 21 1 278 520
67 26 27 1 644 784
83 11 18 5 389 524
75 59 20 4 357 565
16 87 22 1 352 485
44 30 23 4 418 596
19 55 14 3 441 632
93 73 12 4 396 560
30 100 5 6 401 672
18 77 6 4 292 487
51 46 10 2 529 696
59 37 14 3 286 366
64 91 17 7 396 525
87 40 6 2 678 762
43 66 25 5 547 799
6 0 18 3 432 495
42 87 18 7 411 577
59 28 6 3 355 637
10 55 30 3 261 365
4 79 12 5 491 599
40 27 6 4 402 519
23 39 6 2 699 778
72 41 18 3 429 706
14 42 25 2 298 487
43 95 26 2 554 784
5 77 29 7 293 373
92 2 21 5 309 392
76 67 7 7 641 728
71 44 8 1 235 357
34 58 25 2 425 658
67 80 7 5 567 641
83 8 28 1 490 757
6 90 7 5 299 369
17 29 10 4 388 637
54 99 22 3 552 620
86 86 17 2 317 526
0 28 29 4 285 548
93 62 12 4 516 625
66 46 20 2 512 647
68 43 29 1 402 529
20 0 12 2 247 451
98 31 5 2 472 753
29 83 26 4 653 774
54 5 16 6 214 419
81 42 11 4 531 744
23 93 19 5 505 628
69 28 24 3 290 369
67 10 5 4 267 426
25 97 25 2 638 740
33 54 15 4 314 555
61 31 19 2 631 792
2 70 14 7 513 747
3 11 28 2 313 566
22 80 23 7 520 703
16 22 17 5 416 578
33 45 13 3 436 616
17 16 22 1 505 785
14 79 30 1 213 437
34 7 18 2 505 788
8 42 19 3 248 323
46 37 14 2 507 617
69 1 6 1 456 634
42 61 13 7 512 704
22 82 26 5 322 404
56 81 14 2 209 405
76 90 26 5 410 661
9 72 5 4 553 632
26 50 25 2 591 654
83 72 28 1 567 661
5 80 6 4 362 468
18 73 23 5 517 715
51 90 13 6 322 547
1 5 19 1 534 723
57 29 16 7 353 567
23 22 22 6 506 588
78 65 8 5 370 545
81 57 7 4 298 448
64 72 21 1 276 556
91 66 19 7 401 537
97 20 10 3 271 340
90 80 20 4 650 777
54 44 12 4 651 778
79 37 15 6 532 739
51 77 27 5 432 651
92 25 27 1 478 757
66 84 9 1 306 407
40 22 6 3 606 739
24 67 26 5 387 582
92 51 17 6 387 635
7 41 26 7 322 575
3 97 27 6 348 410
96 87 15 5 533 666
18 48 18 1 571 698
80 90 23 1 660 732
7 30 12 5 524 746
38 70 10 4 484 744
78 8 21 4 350 482
85 55 14 2 541 751
85 8 9 3 358 537
76 48 5 2 503 659
58 15 20 3 553 749
19 74 16 5 419 484
17 52 5 5 270 564
40 82 8 3 583 713
11 92 17 1 234 433
72 84 26 6 398 542
89 99 13 7 661 763
81 3 17 7 377 550
19 30 12 2 398 494
61 1 29 6 555 750
75 57 21 1 570 766
97 40 30 2 589 652
97 98 17 5 232 437
75 98 25 7 400 568
51 51 14 3 536 752
58 64 10 3 418 497
78 42 5 7 516 634
85 35 21 4 509 625
10 49 29 6 484 593
92 77 10 4 549 765
71 60 19 3 578 778
86 24 16 4 211 438
45 56 7 4 394 542
99 27 21 4 672 796
69 99 5 1 349 600
57 92 9 2 289 570
73 100 15 1 580 682
13 1 9 5 369 455
79 25 13 4 427 596
34 2 12 6 486 571
66 34 29 2 415 715
6 82 14 4 233 402
24 86 12 5 696 772
0 13 6 6 366 479
92 69 18 6 227 317
4 31 29 5 528 611
12 33 8 5 252 319
59 48 13 5 463 611
25 51 16 1 334 454
13 49 21 6 285 440
28 77 12 6 287 438
6 65 16 3 649 777
90 94 8 4 436 721
46 35 28 1 373 623
11 79 20 7 473 696
58 30 24 2 282 455
51 73 30 2 431 548
41 64 22 5 240 382
48 50 27 4 209 314
54 80 20 3 573 679
18 6 8 3 464 738
62 84 20 7 298 480
49 86 18 1 535 595
95 48 21 1 521 715
67 12 29 5 308 469
73 63 6 3 259 338
2 21 23 3 201 369
54 47 7 4 552 790
56 0 26 5 415 691
66 91 23 1 221 376
5 20 9 6 597 676
73 29 7 6 709 797
75 19 11 7 620 707
67 99 20 6 508 679
7 95 12 4 586 753
19 39 10 2 501 643
45 9 10 1 596 721
11 20 19 6 273 337
27 66 29 7 553 726
93 53 6 4 469 746
43 44 17 5 385 668
90 39 11 1 391 515
77 65 19 3 570 784
5 69 8 7 575 798
8 100 18 1 283 544
68 98 13 7 628 719
22 54 6 7 379 534
52 27 20 2 581 678
67 24 7 6 233 397
47 26 29 6 472 702
13 7 26 5 318 433
73 19 8 6 357 543
69 64 15 6 485 633
100 63 23 3 340 564
70 51 5 7 490 748
51 100 30 3 680 796
88 46 24 6 505 796
57 33 5 2 495 697
44 90 29 6 526 692
50 21 28 2 655 767
1 0 21 2 346 548
76 39 6 7 554 673
51 9 23 5 607 727
50 70 11 3 457 518
3 65 29 1 507 769
61 71 15 1 420 662
8 16 7 7 521 767
14 94 8 5 498 720
20 18 13 7 407 643
100 15 10 7 529 696
91 17 19 6 578 696
80 86 30 1 653 784
3 40 6 7 289 547
30 15 8 3 409 578
21 26 23 1 544 733
70 74 22 4 450 620
90 86 29 7 444 528
80 39 5 2 347 482
34 62 5 4 227 498
95 80 19 3 477 574
88 69 19 1 483 701
71 48 28 1 379 542
0 70 23 3 383 681
71 80 8 3 574 710
62 54 27 6 317 448
9 18 19 3 305 556
88 70 8 5 450 557
94 55 29 6 326 441
65 95 20 7 301 501
31 93 12 1 406 700
55 20 19 3 598 676
92 94 6 5 204 394
3 15 5 5 699 775
4 41 10 3 550 696
91 18 19 7 629 732
24 80 6 4 478 778
37 18 13 7 237 366
8 60 23 7 476 696
67 70 7 2 350 446
100 37 21 6 293 498
80 53 19 5 432 690
7 10 11 2 458 743
69 7 15 4 503 599
29 12 23 2 410 515
41 45 6 4 448 664
75 85 20 2 505 737
13 69 18 2 261 505
67 28 13 5 547 747
44 79 26 1 420 671
57 56 19 7 575 678
38 1 23 2 209 446
30 96 22 4 201 373
2 46 16 5 217 459
76 72 5 7 485 679
82 20 19 1 714 782
30 61 24 7 417 626
7 6 23 7 409 658
1 46 17 2 409 691
86 13 10 7 336 539
61 93 24 7 332 488
59 51 30 3 362 452
6 78 11 4 281 545
68 62 25 5 305 505
47 12 30 4 620 757
49 29 6 3 335 486
53 99 8 3 207 281
8 70 13 7 517 654
37 84 28 5 236 465
36 72 11 7 316 543
23 85 9 4 655 717
13 33 18 3 289 390
12 45 22 3 461 606
21 82 15 5 528 641
67 64 30 1 448 620
18 23 20 3 250 493
55 68 6 3 314 390
87 13 9 6 457 528
54 91 21 1 448 684
11 93 10 2 531 712
77 45 6 5 585 691
92 52 24 2 531 760
99 19 12 7 232 318
2 23 22 4 316 393
78 47 13 2 653 722
90 14 24 5 549 692
96 60 17 7 560 670
52 88 22 2 302 376
5 67 5 7 469 574
26 41 18 3 670 774
14 49 14 7 648 785
31 14 14 4 268 407
30 75 6 6 294 463
34 25 29 7 234 431
46 13 23 1 321 508
43 85 19 2 402 611
60 71 10 1 233 330
22 94 23 7 403 543
73 47 10 4 368 615
9 6 19 5 336 636
30 38 6 4 562 713
67 49 26 1 215 428
57 39 18 4 278 389
63 46 10 4 535 733
46 52 15 2 391 499
48 10 14 1 501 752
94 15 28 3 268 457
25 94 26 3 516 657
50 98 10 7 302 539
69 92 19 5 562 663
90 18 12 7 328 438
58 78 7 1 402 581
38 10 24 4 497 769
25 50 25 7 473 752
29 30 23 6 393 589
12 25 27 4 451 566
57 52 10 1 207 387
12 41 19 5 391 575
24 53 15 3 740 800
96 23 28 3 455 672
13 44 23 3 420 538
32 28 12 2 315 478
95 27 9 7 342 520
96 51 7 6 344 621
29 19 14 7 423 549
74 22 19 3 227 369
85 22 29 7 280 368
50 36 10 4 673 778
90 92 26 4 415 638
10 68 26 1 349 478
96 10 14 3 472 573
62 94 16 3 591 767
40 1 30 6 640 787
16 17 10 1 429 533
66 97 19 3 311 462
98 22 5 1 348 449
15 32 19 3 299 410
90 16 25 4 605 722
15 67 19 6 496 761
64 82 15 4 212 293
99 99 5 3 393 526
59 33 25 5 496 691
70 88 20 7 509 583
38 8 11 1 300 574
40 63 10 3 201 490
45 82 18 5 303 583
88 40 14 4 349 469
7 28 20 6 604 677
96 24 30 5 603 663
2 36 16 4 211 432
9 36 9 3 510 725
31 12 5 1 233 317
19 85 30 1 227 471
71 50 17 1 467 706
12 80 7 3 206 417
27 88 26 6 377 514
99 94 15 4 546 796
74 92 11 5 287 408
17 35 28 2 444 643
88 3 6 6 346 635
40 6 23 3 331 486
51 79 6 4 490 608
36 24 20 1 618 788
17 8 6 2 417 572
62 8 30 3 475 665
24 41 27 4 219 431
30 68 30 5 378 668
3 52 16 4 615 777
68 23 5 5 280 469
30 83 30 3 250 415
22 48 5 7 556 720
74 13 17 5 442 682
10 2 28 4 521 672
85 80 7 6 436 565
25 16 21 6 376 520
29 79 17 7 293 468
37 97 22 3 213 310
36 7 14 6 458 534
80 23 23 6 205 364
80 35 9 7 218 307
19 14 28 2 463 527
55 46 17 1 204 431
64 93 14 1 238 501
4 56 12 3 459 624
24 88 6 3 400 524
76 97 27 2 571 778
33 60 30 1 491 552
68 99 8 5 417 603
29 87 27 3 248 435
98 8 10 6 290 408
62 27 30 2 380 564
83 60 12 6 377 469
0 20 5 2 541 695
17 82 21 4 473 581
18 68 23 1 209 433
63 88 20 6 339 584
40 69 19 1 211 510
82 66 19 5 585 764
51 82 26 7 558 783
82 70 29 2 366 513
36 65 7 7 418 692
6 83 16 6 246 405
8 92 10 6 358 464
85 97 7 6 388 564
70 35 14 6 225 364
83 86 7 7 513 721
9 50 28 6 674 740
7 63 24 6 360 579
17 53 13 5 338 444
46 59 5 3 366 621
68 96 14 6 241 442
71 27 30 1 251 395
21 45 7 5 303 501
98 86 11 6 431 507
42 65 29 4 284 471
75 26 30 2 600 761
53 67 15 2 497 724
73 34 11 2 287 554
