726
35 5 0 0 0 0
97 37 22 1 450 704
52 48 22 6 531 696
77 45 22 2 631 795
49 83 12 7 202 372
23 67 7 2 453 746
8 44 18 6 201 445
97 26 14 6 392 528
33 75 5 6 234 461
65 4 22 6 290 377
11 59 7 7 344 511
53 36 16 5 242 494
92 56 30 4 203 423
94 34 27 1 315 558
7 40 27 4 379 465
82 85 30 1 360 636
55 87 30 3 553 699
0 69 16 1 327 429
99 41 13 7 545 758
80 12 10 5 323 400
46 12 8 6 202 438
63 28 13 3 617 726
88 42 29 6 324 570
40 59 20 7 273 402
20 48 15 6 345 523
42 31 8 2 464 756
46 60 13 6 705 779
79 97 11 5 707 784
27 84 19 1 388 583
22 29 13 3 356 634
22 82 25 3 483 779
92 19 13 1 339 525
64 3 9 3 308 541
85 32 16 4 382 491
36 28 14 1 591 729
45 70 6 4 223 401
76 77 8 1 511 627
40 8 16 4 570 800
70 94 22 3 346 644
68 69 15 4 350 414
45 31 11 1 570 650
11 13 6 2 274 534
80 76 17 4 397 509
25 35 19 7 343 504
13 46 5 7 452 722
66 79 6 3 379 478
2 99 8 6 368 551
59 6 15 3 637 778
86 54 9 5 292 551
92 63 22 7 289 439
9 87 23 2 226 424
92 76 11 2 387 451
61 23 23 6 230 301
34 20 24 7 314 573
91 85 27 5 455 705
38 42 14 7 385 654
91 28 28 1 312 444
47 6 22 4 419 492
54 56 5 3 570 685
39 0 29 1 436 695
5 75 8 7 318 429
77 54 13 3 392 643
71 43 20 1 385 633
23 64 16 1 450 524
21 49 21 4 260 501
45 59 10 1 496 578
86 85 5 4 247 352
37 14 25 2 444 524
6 48 28 4 277 478
91 37 11 6 596 773
14 65 8 4 584 771
36 99 29 1 441 522
42 3 26 3 420 499
20 3 17 2 387 599
75 83 10 2 275 339
59 75 16 7 337 580
73 35 27 6 339 619
55 32 27 1 449 738
76 24 9 1 462 762
61 68 21 3 265 425
66 95 7 7 639 754
96 11 12 7 213 281
12 85 12 1 230 376
65 49 5 4 666 780
45 4 17 2 290 410
58 97 9 7 246 426
42 9 24 6 340 596
1 47 10 5 319 512
3 2 26 5 270 388
75 37 16 3 553 712
2 50 11 1 428 541
48 65 11 1 478 704
81 71 18 1 448 618
8 74 16 4 247 422
12 20 10 5 309 438
25 58 26 2 295 573
18 81 11 5 224 456
28 30 19 5 443 698
5 53 24 6 223 494
16 71 19 5 404 507
97 71 16 1 322 434
35 87 13 6 486 651
96 18 21 7 338 443
95 30 6 7 212 478
53 85 24 1 651 734
97 32 23 3 206 373
94 93 16 4 222 330
63 44 17 1 340 616
10 92 27 1 345 523
5 64 29 7 318 512
28 37 6 6 400 584
49 52 9 4 365 477
1 86 7 2 252 443
54 77 5 6 450 623
73 4 25 5 415 696
31 94 22 7 645 785
83 28 17 2 675 752
12 7 27 2 301 580
70 73 14 5 200 394
26 69 13 2 235 383
62 86 17 3 461 606
45 13 26 7 200 305
25 2 25 5 663 790
55 95 14 3 680 741
98 23 29 5 403 479
25 71 16 1 242 484
29 71 10 6 220 508
52 41 23 5 551 780
4 53 22 6 436 523
71 72 13 4 397 520
64 1 5 1 571 701
33 54 13 2 214 465
93 2 10 1 503 634
52 56 26 1 382 630
4 12 17 1 442 554
65 2 23 4 230 392
20 14 12 6 506 629
35 77 7 6 611 696
56 41 14 4 226 291
25 32 19 3 593 720
8 55 6 1 239 333
68 84 26 4 644 716
83 2 9 7 447 587
0 60 12 6 679 752
32 36 10 7 622 787
77 55 27 1 639 710
36 48 25 5 304 578
69 100 5 1 354 529
3 43 8 2 231 361
33 90 27 4 404 687
37 74 26 3 276 391
70 60 28 5 233 371
1 27 25 6 249 351
65 22 29 1 403 665
4 50 10 6 391 650
67 71 9 6 561 778
65 72 25 2 608 674
59 39 30 5 514 636
51 20 24 6 380 614
77 69 6 2 480 762
94 23 18 7 408 622
95 57 21 6 251 529
90 53 9 1 245 499
49 55 21 1 251 341
70 96 30 1 407 493
23 52 19 6 289 411
21 96 11 7 344 545
91 99 12 6 565 736
90 10 21 4 395 492
49 56 17 7 353 476
43 98 29 5 360 523
44 77 14 4 486 740
18 56 21 6 610 714
80 48 6 4 583 687
24 3 19 3 530 687
16 36 16 2 338 450
90 6 7 3 504 791
37 79 24 5 530 757
51 51 21 4 226 485
1 33 10 2 357 498
55 85 21 3 304 463
45 19 19 6 501 606
49 4 14 2 317 419
80 37 10 3 361 576
28 3 18 1 545 767
26 22 19 4 455 632
31 20 10 2 437 694
1 89 27 3 469 670
13 93 21 3 280 447
39 54 29 1 484 558
23 92 6 2 366 532
44 61 17 6 655 724
47 56 29 3 636 764
80 67 8 2 508 689
94 36 9 3 549 624
37 17 30 5 366 507
70 43 21 3 241 313
6 2 28 2 614 706
55 57 7 1 365 571
97 69 19 7 458 526
67 3 16 4 576 699
100 34 7 3 252 548
77 32 5 1 688 749
85 85 25 6 370 506
95 24 26 7 289 370
14 85 17 7 534 735
50 43 27 2 337 406
29 79 17 2 312 592
42 47 20 1 421 552
20 89 16 7 475 563
27 81 14 7 411 613
28 72 19 2 639 771
39 99 17 3 447 592
82 52 10 5 380 643
1 26 24 6 522 761
28 38 15 2 383 613
95 71 29 4 390 591
9 19 13 1 222 449
5 52 21 2 449 690
19 76 25 6 290 495
50 54 29 4 294 471
29 33 16 2 481 691
39 17 24 3 489 758
87 52 23 2 440 590
36 64 28 7 497 577
73 53 12 1 200 296
97 49 6 5 304 461
23 61 18 2 446 733
67 72 28 3 568 745
75 39 11 6 683 754
2 68 12 1 219 374
96 56 8 3 389 580
26 80 24 5 481 613
37 4 12 7 626 775
36 3 12 7 380 535
84 62 28 1 386 667
33 53 27 7 406 526
28 44 5 6 258 401
47 100 18 6 506 657
10 22 22 1 498 681
13 0 9 2 322 411
54 38 9 3 391 466
92 48 17 2 573 707
85 91 13 1 529 777
99 60 28 3 505 624
60 81 9 7 352 489
71 99 22 1 514 595
70 48 19 1 676 787
35 4 23 6 516 743
8 48 11 7 670 745
49 0 17 3 594 788
33 22 6 1 339 574
48 58 13 7 456 651
81 24 30 5 628 741
48 90 12 2 355 522
21 19 30 4 673 767
18 14 16 5 217 437
99 65 25 2 379 636
4 54 17 1 267 470
29 10 10 6 351 496
36 73 30 1 554 622
53 27 12 4 277 383
61 54 12 4 369 563
33 36 25 7 455 585
66 31 19 1 320 593
95 3 22 3 684 760
0 35 24 3 507 714
46 59 30 6 361 537
53 63 12 2 318 386
31 44 30 1 239 428
7 90 25 3 394 525
59 38 29 3 391 648
78 77 7 5 302 516
36 20 22 5 246 441
72 43 24 4 254 378
44 81 20 2 473 699
9 32 11 4 373 653
31 81 21 7 664 790
31 86 6 4 491 565
43 76 30 5 246 371
79 54 16 7 369 656
91 22 6 7 450 722
64 23 19 1 625 746
42 26 30 1 545 611
91 50 5 2 205 398
32 90 18 1 507 779
70 50 17 5 417 607
79 70 5 3 460 758
99 20 12 4 230 413
0 100 14 2 569 736
73 82 15 1 321 502
100 13 30 1 488 680
31 31 30 1 609 728
30 41 18 7 381 596
54 98 29 5 576 740
89 36 28 1 361 454
13 40 26 5 332 510
48 3 8 2 595 723
85 23 18 2 565 669
82 61 26 3 520 725
38 72 26 5 564 729
33 68 8 5 635 723
59 30 23 3 696 793
28 41 24 3 517 800
72 93 26 4 303 510
59 79 16 3 429 531
72 39 6 6 276 375
17 92 28 3 366 530
25 89 5 2 218 340
11 26 21 5 658 734
21 24 16 4 434 706
61 76 9 5 279 575
15 45 12 6 623 775
51 53 20 2 590 733
16 17 24 3 221 375
48 66 10 4 544 705
12 44 6 7 664 792
73 100 29 6 542 752
45 65 17 3 304 422
79 10 11 7 524 603
34 11 18 6 296 359
5 80 12 6 651 728
13 20 16 3 362 501
45 61 17 3 511 577
70 36 23 6 348 410
57 36 27 7 536 655
33 64 18 1 625 756
53 53 16 7 371 612
18 5 7 5 337 502
42 37 24 6 226 313
9 37 14 3 209 509
41 23 22 1 347 537
55 4 20 6 278 416
53 89 7 2 304 456
18 28 20 3 313 389
88 59 8 6 409 557
96 69 28 2 488 566
47 96 24 3 502 783
7 18 5 3 256 460
91 98 6 6 411 687
3 9 14 6 257 423
79 100 8 6 445 577
18 80 24 4 661 789
19 3 26 1 415 666
96 42 23 5 564 708
76 65 30 6 449 723
14 80 11 5 590 799
31 3 7 3 376 452
35 57 26 5 596 761
13 26 19 5 636 796
62 35 30 1 631 794
68 75 17 5 590 653
92 27 28 2 518 755
60 59 13 6 384 486
5 88 25 7 463 669
76 21 23 6 274 534
76 52 10 4 331 495
20 99 25 7 396 501
85 19 12 2 419 700
43 29 24 2 221 373
57 82 28 1 274 398
30 69 30 4 352 526
74 26 28 5 694 796
76 95 15 6 223 437
70 91 28 4 391 675
26 70 26 7 354 530
77 30 27 1 427 584
96 21 18 3 274 558
45 98 12 3 485 774
49 45 25 2 662 723
38 67 21 1 465 558
31 50 9 5 545 752
88 38 24 6 236 316
36 74 30 3 641 783
98 98 17 1 494 626
11 57 14 7 679 753
74 92 18 1 242 402
94 54 10 3 609 785
6 92 18 4 255 476
50 12 30 7 499 650
82 72 21 6 425 501
91 64 9 2 459 612
65 84 9 1 421 646
9 39 20 3 503 756
22 73 20 2 383 662
41 71 17 1 287 434
73 18 8 3 202 479
31 27 28 2 538 648
6 26 18 2 570 744
71 83 13 1 482 732
61 60 6 7 211 492
96 9 29 2 527 659
38 0 20 7 229 458
14 9 18 2 544 725
73 97 7 2 674 759
51 8 17 3 212 334
19 77 17 3 552 642
31 55 14 7 352 439
88 45 22 5 347 612
77 53 18 6 586 679
67 64 7 4 250 403
71 76 19 5 428 721
92 20 27 4 349 588
82 7 23 2 431 621
27 90 18 3 242 429
2 66 24 1 343 592
64 80 26 3 445 725
85 39 9 2 395 543
81 59 15 3 322 513
90 16 6 5 203 458
80 64 16 7 659 738
22 10 25 6 422 498
11 73 9 5 329 445
12 12 7 2 397 588
96 38 12 1 631 720
53 72 24 6 619 718
51 75 5 3 263 378
39 73 30 3 454 560
64 72 30 1 478 766
63 10 25 1 340 554
60 11 22 2 280 545
39 88 5 7 588 681
98 80 13 1 205 413
24 81 22 5 267 440
16 66 22 4 463 577
68 4 10 2 293 481
52 89 19 6 602 795
41 66 14 1 324 555
93 35 17 1 599 758
48 12 16 3 299 359
77 48 24 2 437 731
39 39 16 6 312 532
63 30 19 6 284 580
59 12 16 6 225 343
57 61 19 3 499 712
70 35 18 5 457 696
11 43 19 6 342 580
76 68 9 3 349 488
90 72 12 3 572 789
50 27 26 7 587 746
62 71 6 1 584 653
85 2 24 7 461 631
22 22 20 4 594 737
25 73 15 6 300 486
62 89 24 2 314 503
70 13 21 5 567 783
39 75 28 3 402 477
62 32 14 2 219 395
34 17 28 1 398 492
5 44 19 7 661 746
4 73 27 2 254 485
85 97 16 4 266 466
37 18 14 5 652 737
95 70 28 3 365 559
17 20 17 7 201 291
77 23 24 4 529 756
11 74 23 1 427 613
65 15 22 2 543 623
52 44 24 1 426 629
71 92 27 7 607 750
43 57 8 6 405 525
16 64 30 7 238 372
94 71 6 3 477 627
28 25 18 5 233 315
79 94 12 4 402 607
85 63 29 3 543 689
30 5 25 2 224 424
96 16 16 4 411 669
84 73 14 4 531 754
21 5 30 7 579 725
66 44 10 3 472 736
82 11 22 1 351 471
84 4 23 2 563 729
13 9 29 6 456 576
78 95 27 4 227 366
27 25 20 5 263 416
81 42 30 5 367 518
70 83 15 3 541 677
62 64 29 6 518 711
63 100 21 7 205 356
58 5 30 6 701 777
50 34 12 5 593 659
4 77 16 5 414 579
64 38 12 6 469 569
46 64 25 7 377 491
31 60 10 5 281 547
24 90 17 7 709 789
50 30 11 7 318 558
73 94 28 2 588 725
47 50 27 6 534 632
41 68 25 4 330 466
23 83 14 6 376 507
12 81 29 6 206 286
50 92 8 5 391 688
38 58 7 1 420 489
8 82 20 6 266 373
82 48 16 4 428 634
17 100 23 6 356 454
27 31 25 5 247 495
75 55 22 4 206 343
31 56 16 2 453 732
18 66 23 7 281 515
4 2 23 5 353 500
39 29 13 7 402 657
81 95 10 1 570 707
81 99 28 5 322 501
1 38 9 4 492 552
95 25 29 1 604 685
80 32 11 7 640 720
7 65 14 2 533 736
91 59 12 3 260 409
57 90 19 5 257 483
94 24 30 1 379 482
18 84 5 1 380 510
36 7 9 1 281 523
22 98 15 5 594 680
73 49 13 5 238 491
25 38 18 2 599 777
11 82 24 6 206 391
16 74 10 7 288 575
33 84 5 6 371 618
11 3 19 5 490 707
60 60 22 7 438 620
28 93 6 6 455 675
65 68 27 1 701 773
86 56 30 3 425 647
10 14 12 2 216 313
89 51 24 6 251 535
70 10 24 6 423 580
81 34 25 2 521 647
52 14 27 3 328 408
28 77 5 6 441 631
53 80 21 7 415 516
66 93 30 3 454 717
84 50 30 4 402 626
9 82 7 1 605 707
22 43 27 3 272 478
11 31 8 6 494 697
82 60 24 1 268 422
86 59 28 2 267 397
50 68 5 4 378 501
53 15 27 2 648 748
58 34 5 2 275 435
83 26 27 6 228 336
57 76 11 2 331 616
27 92 12 7 347 551
0 24 6 2 555 753
50 21 12 3 408 527
15 37 26 5 326 557
10 62 26 2 262 339
64 54 14 1 650 761
51 10 9 3 240 418
48 74 14 2 299 398
3 74 17 7 614 779
78 28 22 6 343 542
0 74 17 3 236 478
27 9 30 3 344 498
75 94 10 5 656 781
0 31 15 2 599 789
80 13 16 5 459 531
19 38 5 7 475 535
33 78 26 1 277 544
43 26 25 6 203 383
69 61 7 7 223 452
77 24 6 6 376 658
2 6 21 5 289 507
57 53 13 7 377 595
5 12 18 3 330 418
72 94 8 4 419 495
45 35 12 3 592 790
83 49 15 7 223 301
52 49 12 4 634 788
60 14 23 4 511 704
87 5 22 6 594 772
67 22 28 2 238 337
40 9 28 7 513 753
42 90 24 4 336 500
91 31 21 3 728 799
8 88 16 6 442 586
54 15 21 3 306 527
0 77 23 4 329 490
8 90 18 6 282 445
66 66 28 3 413 538
36 67 7 7 666 792
89 4 13 7 362 501
55 94 29 6 395 570
23 54 19 6 678 738
17 95 24 3 387 532
92 52 8 3 596 671
10 7 22 4 369 539
64 20 14 1 485 728
41 58 27 1 306 403
57 77 12 5 629 745
33 30 19 4 534 768
75 90 21 6 543 787
15 87 5 7 491 735
59 17 20 4 470 530
65 62 27 2 293 527
23 6 27 7 440 737
3 38 11 3 297 585
7 43 21 4 549 656
36 46 15 3 384 490
9 88 28 3 690 788
19 75 20 3 387 571
90 37 10 4 461 579
93 41 28 5 271 413
40 87 20 4 451 638
82 84 13 5 234 467
44 4 20 4 340 632
100 1 29 1 297 453
46 31 30 3 530 603
72 14 19 6 307 413
68 62 12 7 300 481
18 77 15 4 486 553
58 92 25 6 446 531
34 2 18 4 280 579
2 51 18 5 358 431
85 28 16 4 412 483
80 63 17 1 457 540
81 64 23 2 253 356
34 57 22 6 460 694
48 30 29 1 218 398
2 17 5 7 420 492
27 58 18 3 649 749
46 74 23 5 631 703
43 54 20 4 357 582
86 83 21 3 469 645
38 43 13 5 377 641
37 67 13 7 608 717
29 92 27 6 301 406
48 73 11 7 281 544
3 98 26 3 471 675
39 28 28 2 246 485
20 35 24 6 219 347
15 46 14 2 200 414
30 65 30 5 243 477
0 23 22 7 536 679
10 50 25 4 394 572
39 36 26 5 213 338
87 46 24 2 280 405
77 95 13 3 222 282
77 82 13 3 398 558
17 85 18 6 381 556
70 33 13 4 437 565
49 38 12 7 293 463
23 46 30 1 482 552
56 83 20 5 526 628
38 18 16 5 550 740
69 90 24 2 616 698
88 47 25 7 509 722
91 53 29 2 325 474
83 93 25 2 294 425
36 17 20 5 550 786
56 31 28 1 327 393
7 5 25 7 345 509
29 87 9 6 625 773
8 70 10 6 678 791
18 4 28 4 348 603
30 58 24 5 447 580
27 4 5 5 446 620
7 67 14 6 280 399
88 98 20 1 524 793
8 92 21 2 519 631
42 64 26 7 398 549
5 98 15 6 466 569
11 87 12 7 550 793
0 47 17 6 224 502
49 89 20 3 245 523
89 89 6 2 501 674
41 46 16 2 478 617
83 34 17 7 386 546
10 42 29 7 639 774
55 75 9 7 446 712
94 95 17 5 450 553
53 67 14 1 338 431
95 44 9 6 405 529
30 45 27 1 420 702
61 97 29 1 390 482
22 94 6 2 444 554
74 99 13 2 315 423
12 82 30 3 499 762
69 21 20 3 342 492
71 29 24 4 551 780
34 68 17 2 242 442
2 9 22 3 379 635
77 4 9 3 362 495
14 73 28 4 320 585
86 74 26 2 302 470
6 55 17 7 404 654
85 64 16 6 271 443
0 21 16 4 508 757
85 65 20 5 220 404
6 28 17 4 239 352
82 46 24 1 372 520
8 1 23 2 349 452
82 49 29 4 467 579
28 13 24 3 320 550
98 78 10 1 293 540
22 65 7 1 539 666
37 30 21 4 326 540
10 61 26 1 219 428
32 30 10 3 467 706
95 12 16 6 253 379
53 25 15 3 534 632
65 98 25 1 410 536
42 13 5 4 327 433
58 64 8 6 657 756
96 35 17 1 472 711
74 95 24 2 228 376
48 35 18 3 594 779
25 30 25 2 299 370
46 30 29 5 337 554
66 67 17 3 693 788
18 7 23 5 417 545
22 36 20 4 362 613
12 51 10 3 374 576
2 79 14 3 525 651
48 64 5 1 378 584
72 38 25 4 337 425
83 14 7 6 589 707
63 23 13 2 374 565
51 92 29 2 409 658
29 97 27 2 347 631
23 8 8 5 660 762
45 41 12 3 387 677
53 4 18 7 407 565
