1373
72 15 0 0 0 0
40 70 30 3 285 397
68 5 5 2 345 555
73 45 7 6 663 786
57 51 27 5 670 744
10 95 25 2 381 536
4 64 22 5 619 701
68 37 10 3 241 408
50 42 13 1 309 406
20 45 17 5 592 711
66 64 18 7 365 571
91 94 6 2 476 576
90 57 10 5 532 740
51 26 22 1 248 322
14 96 17 2 226 445
49 76 15 4 335 433
50 28 26 1 532 759
6 94 6 1 268 562
77 66 10 2 260 320
55 37 29 6 489 752
66 40 30 2 469 548
56 43 12 7 295 388
87 30 21 3 408 604
52 81 28 7 460 750
82 8 9 1 667 734
18 16 26 1 353 510
27 40 25 6 290 431
94 80 30 6 265 501
2 16 25 4 647 780
39 62 8 2 496 592
16 12 22 1 463 539
75 8 17 5 502 789
71 6 23 2 409 587
4 29 30 5 570 728
91 35 15 1 460 593
97 8 16 5 394 683
15 82 13 4 558 784
96 62 13 6 389 476
63 92 16 3 397 561
38 7 15 2 693 797
96 34 13 3 272 439
66 31 26 7 613 784
45 22 12 6 200 407
18 83 22 7 427 499
94 44 23 1 686 776
8 17 12 6 363 534
18 78 25 3 381 534
74 7 16 6 306 407
43 87 29 7 463 709
98 70 27 6 453 628
90 73 21 4 589 759
87 42 14 6 283 461
1 48 12 3 331 420
82 0 11 2 356 576
89 4 16 1 516 701
15 31 28 6 409 597
93 89 15 2 308 601
37 76 23 2 413 486
91 48 8 1 436 696
93 77 11 2 313 499
72 0 17 6 559 754
94 35 23 6 206 491
72 66 15 1 232 460
67 28 28 2 398 632
63 54 8 6 219 345
21 66 15 3 266 518
42 93 26 3 303 364
7 47 14 1 269 394
49 61 8 7 200 333
28 85 11 4 514 700
97 63 22 2 257 548
25 93 22 5 419 569
79 57 13 5 201 483
26 67 11 4 434 594
74 94 15 1 341 549
26 13 9 7 420 532
80 53 18 2 251 314
88 17 23 6 362 464
10 34 11 2 263 401
43 78 24 1 525 606
8 12 20 6 504 648
4 90 11 4 231 477
19 83 11 4 399 697
55 70 8 6 201 429
83 25 28 7 552 788
44 32 11 5 290 474
32 35 25 1 208 450
84 13 15 6 482 692
41 82 30 4 664 753
22 49 29 5 236 340
44 55 24 5 398 537
83 42 16 4 277 456
32 6 24 3 475 615
80 34 9 6 303 430
6 34 19 6 406 530
71 13 28 3 328 614
96 3 26 3 482 565
19 8 14 4 387 642
97 95 8 1 380 472
95 11 15 7 399 539
53 22 23 7 361 579
97 2 10 3 236 462
24 74 14 7 582 682
64 0 14 4 477 545
5 19 25 7 391 501
66 63 7 2 558 691
54 37 21 6 573 795
28 67 20 2 547 732
10 58 14 5 535 620
99 32 17 4 230 335
81 67 21 6 343 502
90 70 20 4 555 617
19 29 30 2 582 691
37 18 7 5 467 761
74 21 17 4 555 686
4 1 9 2 598 713
92 3 20 1 477 740
44 17 30 7 299 593
91 98 20 6 602 669
99 6 5 4 265 509
18 89 10 2 398 695
60 74 26 2 217 377
9 90 8 6 436 661
5 88 23 4 494 744
77 8 8 1 296 391
28 43 6 3 367 613
68 12 9 5 242 542
86 29 29 2 209 379
78 74 15 1 291 520
83 34 20 7 474 598
26 82 27 5 481 710
24 57 17 7 314 418
48 15 28 1 440 722
6 40 16 1 346 421
85 74 8 3 503 792
48 5 18 6 274 515
21 34 14 2 665 727
67 23 21 3 601 733
5 41 15 2 310 385
87 91 15 6 217 418
84 11 13 4 709 773
21 42 17 1 660 761
6 69 24 7 311 497
75 61 28 1 585 706
11 80 28 4 362 652
17 76 27 7 500 693
96 92 25 3 327 507
39 76 12 6 235 295
20 25 18 1 486 740
58 4 5 7 599 796
93 33 21 7 257 524
31 83 23 3 358 649
31 33 21 3 260 379
96 32 8 2 587 756
37 58 10 6 620 748
18 80 30 1 411 626
91 25 24 6 372 621
74 51 8 2 219 379
86 13 25 4 231 366
94 95 21 3 291 492
2 69 5 2 275 522
26 81 20 1 232 428
28 15 6 7 550 768
24 99 28 4 494 594
50 79 18 2 596 697
4 72 5 7 456 716
76 3 12 5 473 614
58 3 21 3 462 548
39 92 21 4 538 753
81 42 14 2 339 466
35 95 7 1 230 381
39 87 20 7 481 680
83 85 18 5 627 689
53 81 27 6 207 272
94 4 16 4 508 629
83 88 6 2 587 679
17 1 7 7 567 683
10 23 15 3 281 580
38 83 15 1 364 596
22 37 26 6 259 377
99 51 30 4 359 533
56 76 10 5 535 682
100 40 26 7 250 322
16 53 8 6 516 749
69 52 20 4 221 395
0 63 15 4 621 734
97 21 17 2 510 724
36 31 8 4 587 741
16 43 23 1 477 622
81 72 12 4 350 582
12 19 5 2 684 777
28 6 17 4 390 450
86 22 6 3 615 785
11 20 27 6 209 333
57 5 29 1 649 783
87 97 30 7 226 359
25 7 14 1 346 544
23 49 25 4 521 694
0 16 30 4 476 726
84 4 16 6 461 546
69 55 20 3 737 797
35 40 24 5 313 391
61 12 9 2 619 690
71 85 29 4 210 276
76 71 26 3 616 680
89 34 16 5 474 644
97 81 9 4 362 618
35 58 26 2 269 426
40 29 30 1 555 654
38 97 21 1 245 382
12 47 19 2 677 748
50 50 10 6 561 658
77 14 28 1 545 617
94 70 16 4 362 554
76 24 24 3 611 796
16 68 18 4 352 538
71 63 20 4 538 603
5 43 5 1 373 631
12 90 29 5 231 377
12 61 21 2 318 504
24 8 21 1 248 497
44 86 24 5 245 361
23 93 15 4 357 559
49 50 24 5 548 789
10 9 5 2 255 430
50 46 20 2 360 645
26 70 17 4 423 505
70 78 9 3 223 343
78 39 25 3 479 672
93 27 27 1 458 628
56 22 20 7 498 695
90 34 28 7 518 686
100 25 20 5 494 650
35 3 18 6 434 583
9 2 7 4 544 624
32 69 19 4 479 740
65 39 12 3 518 661
18 70 30 3 290 411
39 78 9 4 274 346
58 25 10 2 429 495
99 50 23 3 610 763
40 72 30 5 374 536
98 85 14 5 267 525
28 75 15 2 227 336
61 67 30 1 264 481
50 25 13 7 578 641
78 87 27 2 250 391
90 60 11 2 265 382
83 54 26 2 448 529
2 24 24 7 338 630
19 57 14 6 207 311
7 8 5 3 531 659
18 62 9 2 259 390
52 89 21 4 448 652
32 17 13 6 572 632
47 98 13 6 653 746
61 59 20 3 571 741
6 84 28 3 492 579
28 88 14 2 411 603
51 1 17 6 202 349
39 29 26 7 539 757
12 46 21 5 405 505
41 78 17 2 466 557
95 17 30 5 451 539
9 54 24 7 412 573
43 0 13 4 346 603
13 1 13 5 279 404
36 51 5 1 524 609
32 51 5 6 260 474
58 21 7 4 292 412
83 94 17 5 200 421
46 67 14 6 226 451
84 41 26 4 373 511
28 76 14 4 656 780
55 50 7 7 484 554
16 45 14 3 342 559
74 84 17 4 675 772
54 26 26 2 235 478
1 40 22 4 544 742
53 89 11 4 268 478
63 27 17 5 380 528
36 40 17 3 374 613
90 97 16 2 317 385
37 98 27 6 379 616
12 95 26 6 423 598
51 17 24 3 202 481
98 93 15 1 560 648
47 82 14 3 236 307
49 49 24 7 571 708
97 66 15 4 417 524
0 100 21 6 384 523
51 94 11 1 513 772
58 73 30 4 475 739
34 20 21 4 212 384
7 0 18 4 295 384
78 30 16 5 340 523
4 52 17 2 550 774
49 53 8 7 396 672
1 51 11 7 334 525
7 14 22 6 438 507
43 4 19 1 406 519
39 69 27 7 480 560
62 72 17 1 530 727
74 95 16 6 511 578
53 50 16 3 449 680
100 93 23 7 665 726
78 31 20 6 252 551
91 49 5 7 283 445
60 49 25 3 309 467
98 64 6 2 218 298
70 89 5 4 247 333
16 54 6 3 527 657
19 13 6 5 398 550
52 69 10 2 251 529
94 57 9 2 621 720
17 81 19 4 590 738
11 28 30 6 239 398
28 45 16 6 335 418
84 84 17 6 288 543
94 63 17 3 261 519
7 91 23 3 276 513
75 88 30 4 239 429
24 18 22 6 498 616
47 57 20 7 246 380
71 9 18 1 508 693
3 46 18 4 385 665
66 51 18 7 409 476
60 63 16 4 485 654
22 68 10 1 411 658
28 65 8 3 570 783
33 10 23 7 523 650
8 99 11 4 667 785
15 93 18 6 454 581
12 80 24 2 236 343
6 68 7 6 448 644
28 30 12 3 383 489
81 48 17 2 310 551
76 62 24 3 518 749
43 58 14 5 611 797
10 35 16 3 533 613
22 73 28 5 228 418
14 37 30 3 361 463
38 3 11 1 660 788
8 3 25 7 646 706
50 37 17 7 229 468
66 97 16 4 403 621
29 26 18 2 494 769
62 64 20 3 324 529
14 29 25 3 231 420
23 100 10 4 539 747
39 23 11 2 334 604
82 23 7 5 412 499
79 88 20 5 720 789
99 2 29 4 577 785
92 81 28 2 226 464
10 48 8 6 268 410
48 7 6 3 316 422
90 91 15 4 278 348
96 0 23 5 387 608
17 78 24 3 472 645
8 44 17 3 506 576
24 100 28 5 499 587
74 44 21 6 401 484
80 25 29 7 574 757
4 95 24 6 234 402
16 21 30 6 301 433
41 25 27 1 562 679
96 24 13 5 295 377
50 35 24 2 296 529
13 25 21 6 419 704
6 39 30 4 270 513
59 97 7 3 413 631
59 91 7 5 423 514
75 33 20 4 283 394
54 39 25 2 494 789
65 88 22 5 358 492
91 42 8 5 589 734
68 52 18 4 553 762
100 95 7 6 409 658
21 25 21 6 219 311
28 94 12 5 469 768
59 73 30 4 495 661
15 96 15 3 424 572
2 48 9 5 215 325
29 82 27 4 269 337
19 6 17 2 305 451
23 80 11 2 599 742
72 63 15 1 342 476
76 12 28 5 494 782
59 42 29 1 474 544
10 85 11 1 589 747
81 32 25 3 222 315
99 94 12 1 461 577
87 20 22 5 464 641
69 74 18 3 334 421
61 22 28 5 414 489
70 44 11 3 360 554
6 63 27 6 458 755
4 88 19 1 286 460
49 98 20 1 295 495
83 74 12 5 441 673
31 40 12 1 518 764
79 17 18 3 495 600
86 31 29 5 322 612
89 45 25 5 439 545
5 63 21 3 303 592
64 77 14 1 379 543
64 70 29 3 440 635
18 47 15 5 269 541
8 48 30 7 296 417
70 19 30 1 584 730
20 86 22 1 278 353
24 58 24 3 467 682
92 7 18 7 594 657
56 14 17 6 475 725
14 84 15 6 493 574
60 65 29 7 636 770
40 10 24 7 287 359
76 26 23 5 440 673
38 18 23 1 338 495
67 94 30 6 297 557
64 63 8 4 579 716
51 84 28 6 357 465
58 97 9 2 524 787
76 54 5 5 364 631
100 92 5 2 252 402
57 93 9 5 644 709
94 5 26 6 311 577
70 22 29 3 368 602
33 88 11 3 406 593
17 20 27 1 569 779
4 59 30 7 462 578
82 51 15 6 479 778
59 1 7 4 598 711
34 75 21 6 233 394
4 11 12 7 252 541
11 89 17 6 497 620
47 1 27 4 462 596
58 43 17 5 575 657
13 74 23 7 397 687
49 28 19 5 384 489
41 61 19 7 235 432
49 26 13 2 343 423
45 20 10 7 216 398
12 5 9 7 224 504
85 21 22 3 717 780
31 78 13 1 562 794
23 21 23 3 521 748
30 26 24 4 446 545
82 61 11 4 449 725
17 46 25 4 450 583
8 69 11 4 284 444
82 31 28 1 230 520
58 94 9 6 296 593
52 21 28 7 395 606
95 21 11 5 294 544
63 34 17 1 238 400
14 6 20 6 484 702
28 25 10 5 282 503
14 13 19 3 394 573
48 22 9 5 390 525
74 37 25 4 553 642
22 75 14 2 571 760
55 86 24 6 481 613
89 82 15 1 207 322
53 93 10 4 379 456
65 15 10 2 356 647
44 41 5 5 681 750
18 95 24 2 640 797
40 22 23 4 401 501
75 9 9 2 545 699
61 15 18 4 287 533
17 62 23 2 531 776
35 23 12 2 640 736
79 30 15 2 220 496
52 64 22 3 298 535
49 20 5 4 211 395
25 76 24 7 349 575
46 46 8 4 498 688
94 83 30 6 317 387
41 89 16 1 293 460
71 5 25 7 330 610
74 90 6 7 497 734
56 7 24 7 471 626
85 55 27 5 624 722
59 39 6 5 253 551
17 70 7 7 621 741
22 85 16 6 609 725
66 81 30 6 472 706
4 9 29 3 576 792
69 44 29 1 367 525
55 26 14 5 250 501
59 20 23 4 231 463
81 54 30 6 502 629
89 7 13 4 330 470
16 4 27 3 535 640
21 24 27 5 280 466
53 31 23 5 372 540
19 4 17 5 651 768
73 35 17 4 494 774
100 22 19 2 373 562
9 64 14 7 510 655
43 32 20 1 362 457
53 96 16 1 332 417
63 55 9 1 308 399
70 42 20 6 384 565
57 32 12 6 595 742
35 31 10 4 494 723
68 92 12 3 345 565
22 1 14 4 230 523
6 24 16 4 443 538
73 73 22 3 482 770
11 42 19 2 363 567
89 23 23 1 566 635
9 38 18 2 331 519
18 26 18 5 515 623
92 86 19 4 531 656
85 34 15 5 330 411
25 1 19 1 536 714
86 32 17 3 294 451
19 21 21 2 363 462
33 80 9 1 420 644
7 86 15 5 210 301
61 5 16 7 369 559
23 19 14 2 618 800
63 6 22 4 446 532
66 92 13 7 531 719
82 67 18 4 334 559
27 0 8 7 256 552
10 22 13 5 219 511
99 70 7 7 256 352
88 65 19 6 277 478
79 47 15 2 216 418
94 18 21 4 466 671
72 9 16 4 557 658
75 22 13 2 329 456
11 39 11 1 388 584
54 58 16 1 322 515
53 23 28 3 343 511
54 57 13 1 353 449
35 28 13 3 444 610
76 60 23 3 449 524
100 62 23 3 226 376
76 16 19 5 252 413
35 29 9 5 341 483
100 8 5 4 254 458
81 77 14 1 268 395
95 89 14 3 223 444
73 96 23 4 707 767
71 10 25 4 235 500
2 43 25 7 299 533
30 90 27 1 333 605
43 95 30 4 261 549
91 4 30 1 334 459
91 41 7 7 325 518
74 71 7 1 286 514
74 82 19 5 249 325
96 22 15 2 406 600
0 28 5 2 561 662
64 43 11 5 492 686
97 46 19 7 567 736
79 16 12 2 558 705
67 93 28 4 239 442
60 91 9 7 322 614
99 53 26 3 580 686
6 97 18 5 505 761
80 37 14 2 663 747
13 16 27 3 334 563
26 19 29 5 641 773
44 2 27 3 354 516
91 54 7 4 541 663
14 76 14 5 378 501
7 100 25 5 596 726
49 27 19 4 219 477
89 66 20 2 402 660
91 5 25 7 484 659
27 49 20 5 294 450
86 90 23 4 205 472
59 71 9 5 498 773
83 75 28 5 525 795
99 31 14 3 226 304
25 44 28 2 360 654
95 74 12 5 218 512
94 93 14 7 477 577
34 95 6 4 394 507
26 47 11 5 295 559
61 86 20 4 446 673
82 30 17 6 206 414
11 94 16 5 350 524
55 61 6 7 263 478
56 9 8 3 341 620
27 9 26 5 604 799
87 56 19 2 254 326
86 12 10 2 210 337
31 58 29 2 501 661
25 81 15 7 445 703
65 45 9 1 301 378
32 93 6 4 260 527
33 44 26 4 521 777
97 96 27 5 289 393
93 14 7 6 277 463
11 92 12 1 570 790
68 84 29 5 543 756
0 30 24 7 577 766
21 20 8 7 329 442
62 13 16 6 259 320
86 60 5 4 351 439
90 50 19 7 383 581
29 93 10 5 238 320
41 39 5 6 367 474
84 69 9 2 359 591
69 92 9 1 545 663
25 75 30 2 221 452
49 91 24 5 512 694
18 35 13 7 489 781
73 11 11 5 495 604
4 54 21 6 247 450
4 89 27 2 289 419
61 29 6 3 279 558
76 45 9 6 382 633
95 99 8 1 521 677
5 3 18 6 563 675
55 84 23 3 610 769
5 12 5 1 491 736
86 42 12 4 321 546
67 97 23 3 268 401
59 4 14 6 457 743
75 30 16 5 710 795
16 88 20 3 307 374
60 89 5 6 353 643
96 38 30 4 232 391
60 54 23 5 491 690
39 26 9 7 393 604
4 100 5 5 566 671
99 40 22 7 544 661
5 20 23 5 532 668
48 32 22 6 559 668
47 89 12 6 481 570
37 90 30 3 449 709
8 30 19 3 319 617
55 71 24 4 560 732
81 7 26 5 286 373
31 53 22 4 513 757
72 16 11 2 597 695
69 90 17 5 415 687
79 11 23 6 459 580
21 38 7 4 604 690
24 64 12 4 271 558
61 100 26 4 275 398
85 7 30 1 553 698
71 75 13 1 396 596
44 27 17 2 488 621
23 77 26 1 225 454
57 61 11 2 444 532
40 87 19 4 270 435
87 9 26 1 570 695
79 32 23 3 237 306
71 56 14 4 236 352
20 48 21 1 508 690
46 52 23 4 349 525
14 17 8 2 645 778
41 93 12 5 405 587
28 98 25 1 313 518
88 71 8 1 385 492
35 74 16 1 678 790
68 26 24 2 501 760
30 67 18 6 386 595
24 51 21 6 283 498
24 69 29 2 448 598
63 77 20 3 264 407
64 54 15 2 273 543
93 52 16 3 613 694
99 72 7 4 213 295
25 8 26 2 409 531
85 19 27 3 599 766
31 100 28 6 206 322
95 18 14 5 346 496
8 63 5 6 415 560
80 79 8 6 390 615
44 20 9 7 303 366
46 36 13 7 605 712
89 90 10 7 595 696
65 86 18 7 543 638
72 14 18 7 225 316
52 9 7 5 449 611
61 23 22 2 224 383
30 92 17 5 350 490
20 78 6 6 207 346
7 19 20 4 226 324
51 98 10 2 468 759
8 92 5 6 688 787
66 42 24 7 335 443
48 20 26 6 254 367
82 21 5 2 234 496
39 24 11 7 688 755
64 3 14 3 549 632
38 86 21 1 310 397
26 65 20 5 560 737
20 37 10 3 569 636
91 80 21 6 691 787
5 52 11 5 222 309
60 80 13 5 729 797
89 86 21 7 440 584
56 91 26 3 233 346
60 68 14 7 361 575
48 82 28 1 551 726
6 46 24 4 426 506
42 78 18 4 541 607
87 37 15 6 389 688
15 38 5 4 491 607
64 78 15 7 639 708
26 56 22 7 283 496
94 37 28 5 430 511
93 21 27 4 340 522
64 91 25 7 453 738
38 100 30 4 374 521
13 7 27 1 348 532
78 5 12 1 488 778
29 2 7 3 441 697
85 88 5 7 471 672
8 40 18 1 398 635
69 95 15 4 406 467
0 82 28 5 555 771
65 12 9 5 448 600
33 6 26 5 361 462
83 97 19 3 379 672
41 100 16 3 461 753
3 36 10 3 535 784
79 99 26 6 718 782
5 29 10 2 377 562
87 84 5 4 344 408
60 35 7 3 314 607
24 36 9 1 270 483
48 31 19 3 552 749
81 60 26 6 305 425
73 17 20 7 247 520
89 33 23 1 368 645
86 37 26 3 372 483
18 7 13 7 487 587
77 89 11 6 374 585
48 33 26 7 261 382
54 49 17 4 319 494
21 61 22 5 272 362
29 75 14 3 467 590
77 13 5 5 380 476
21 32 7 5 429 694
53 54 18 4 463 604
48 86 19 7 253 382
41 18 8 7 330 508
48 84 8 5 293 432
48 66 15 4 290 459
81 93 14 3 407 609
40 41 18 5 502 681
13 81 22 6 526 727
67 0 19 7 343 539
24 49 13 5 370 619
50 30 12 3 261 419
2 1 24 5 391 531
92 90 15 4 698 760
47 12 12 5 260 406
18 85 26 5 321 426
9 35 29 1 408 503
61 49 13 6 326 581
4 60 22 5 447 680
39 91 27 5 574 688
66 13 7 3 414 704
74 77 6 7 517 780
31 99 19 5 426 548
1 13 10 6 354 622
29 58 12 2 515 715
39 85 20 1 322 613
100 52 11 1 385 685
82 99 20 6 534 603
22 84 9 6 295 480
87 74 29 1 512 729
25 67 11 7 269 527
1 47 16 3 518 614
43 20 15 5 444 639
30 49 24 2 438 565
83 17 19 2 291 558
44 84 11 7 525 748
11 90 7 4 456 657
7 78 11 4 372 553
9 84 21 4 520 690
23 27 27 5 635 749
6 11 14 2 284 419
78 92 18 7 367 451
57 70 11 5 443 689
80 97 30 1 441 556
45 37 11 3 565 717
28 82 21 2 283 362
50 64 14 4 294 547
86 54 19 3 469 638
45 53 6 6 535 716
9 92 21 5 275 406
85 46 15 4 339 432
57 81 21 2 388 640
2 32 22 3 222 306
51 87 28 3 503 577
70 76 13 4 439 692
25 34 16 3 472 543
61 9 9 1 609 704
46 84 7 7 328 558
75 59 5 5 373 575
6 90 6 2 444 647
25 54 10 7 505 637
48 40 25 1 379 667
59 90 12 4 285 528
42 13 6 6 676 778
44 72 26 6 242 311
26 35 22 1 490 671
63 46 9 2 223 426
2 91 18 4 425 644
51 78 20 4 329 583
51 74 28 5 339 475
52 57 18 6 592 698
78 64 8 6 554 663
77 19 30 2 428 634
81 38 5 5 533 760
56 10 26 3 375 566
94 7 14 3 563 696
62 1 29 5 394 653
75 56 26 2 598 741
40 79 10 6 258 350
95 46 27 7 337 523
49 92 15 3 567 722
68 90 6 7 353 480
50 71 7 4 466 766
7 26 14 4 628 763
88 78 21 7 349 487
59 70 27 6 536 766
54 54 21 5 366 468
33 2 15 2 307 521
65 1 10 1 376 619
89 71 7 1 586 743
62 80 28 3 428 576
2 36 7 5 220 517
8 57 17 5 209 300
85 32 18 3 442 570
41 85 16 2 281 398
90 93 9 7 455 724
59 51 27 4 337 575
59 9 8 1 406 635
22 23 12 1 217 427
74 19 22 1 681 790
77 82 20 2 525 689
39 19 6 7 633 798
37 8 14 6 416 479
58 31 8 6 513 602
23 46 24 7 406 628
75 7 30 7 240 328
22 9 14 4 633 697
45 5 13 1 360 565
56 4 30 7 260 522
58 40 24 1 378 484
22 10 13 6 649 722
80 18 26 6 440 683
24 0 13 4 560 702
9 93 7 3 339 563
32 24 26 6 474 763
25 51 9 2 627 715
68 41 12 4 306 606
2 83 17 6 600 715
49 30 18 3 346 429
91 82 22 4 509 608
58 86 18 7 201 277
88 62 16 3 317 441
24 91 27 1 345 471
63 82 15 5 438 533
46 58 16 7 435 648
46 48 15 2 519 647
75 79 28 5 216 311
33 1 20 7 296 437
41 33 23 4 405 510
63 83 15 7 537 742
1 65 9 4 550 637
23 18 25 2 576 673
8 29 23 6 642 757
48 11 20 6 438 700
60 62 9 6 278 523
91 13 18 5 364 493
25 83 27 1 387 579
59 36 27 2 336 567
16 9 21 6 562 761
55 44 9 6 276 480
81 76 15 4 563 788
76 65 26 3 230 411
55 38 26 6 457 734
5 54 24 7 502 567
51 72 13 2 598 663
19 90 12 2 307 527
1 24 23 3 538 713
82 86 10 1 290 525
61 31 10 1 456 520
11 54 9 7 294 547
82 12 7 4 415 614
69 85 20 2 634 779
59 55 29 7 422 684
42 56 23 7 216 396
79 0 30 1 282 497
54 89 18 4 278 352
76 15 30 4 375 607
49 39 9 6 395 510
53 33 27 4 435 698
54 45 7 2 667 781
5 32 5 3 471 767
13 26 23 7 518 678
45 39 23 2 499 682
81 31 13 3 611 721
13 93 16 5 446 672
63 20 7 4 678 783
58 24 24 1 407 698
15 99 5 3 211 445
54 22 21 7 462 758
89 73 20 3 229 471
43 56 11 1 389 581
46 87 19 3 280 387
99 63 28 2 631 724
78 9 9 6 577 700
79 100 8 6 595 768
61 61 14 3 558 725
81 61 25 6 304 532
99 95 27 5 602 702
25 79 12 6 412 608
35 89 19 7 338 471
30 74 6 5 526 588
96 49 21 1 226 350
41 2 7 4 537 602
66 39 6 1 473 683
18 39 26 6 348 639
27 1 15 5 549 677
55 41 23 3 370 556
66 12 9 2 398 476
85 6 24 1 378 668
63 73 20 1 525 761
68 14 11 6 214 316
96 98 7 4 316 519
0 89 19 2 249 415
4 82 20 2 454 543
68 31 8 6 647 720
50 77 21 6 522 717
8 18 25 7 328 496
63 50 12 6 659 798
62 91 20 5 280 434
2 88 15 7 374 618
57 63 26 3 233 493
67 18 8 6 217 459
82 62 19 7 588 746
36 7 20 5 331 400
43 34 19 7 405 671
21 53 16 5 596 713
53 28 29 7 439 632
28 29 8 5 425 716
26 86 6 7 330 545
76 36 13 5 434 598
82 11 20 7 206 382
82 18 8 5 461 693
2 12 9 4 250 386
43 27 18 4 377 513
38 47 24 2 608 682
19 100 12 3 519 727
1 59 8 7 210 508
99 62 5 1 464 536
35 66 13 3 579 710
80 35 26 2 260 405
41 69 9 1 513 592
76 27 25 1 450 521
95 55 7 5 499 717
62 56 17 4 570 752
9 20 7 2 438 608
95 97 17 4 315 444
66 45 28 3 579 755
35 63 29 4 218 299
23 15 5 5 255 465
16 79 21 3 258 517
75 58 22 4 324 609
52 27 27 3 421 686
84 21 27 7 278 490
29 77 24 6 520 742
14 49 30 1 362 572
47 16 22 4 493 670
33 38 10 1 643 797
74 36 22 1 474 588
28 59 11 1 418 590
14 35 28 1 242 504
17 61 21 3 404 663
95 76 18 6 540 667
50 40 25 5 228 499
30 35 5 3 382 655
17 12 29 3 491 774
77 46 20 1 222 366
68 77 14 7 582 705
22 14 6 5 590 749
77 67 29 1 473 711
33 82 13 3 393 674
79 42 23 2 426 659
51 54 18 2 621 696
54 6 26 5 239 375
81 91 6 4 627 749
7 85 15 6 457 557
97 18 5 5 336 534
19 89 17 5 378 478
79 92 9 7 420 521
93 61 16 7 402 690
9 81 12 5 350 519
69 20 11 5 372 582
6 92 8 3 543 791
17 50 25 7 604 793
7 92 14 4 290 476
21 82 24 4 578 638
50 2 29 2 248 513
82 53 27 1 437 509
44 100 30 6 380 505
65 89 16 7 372 457
87 77 21 1 473 697
80 16 30 4 601 707
17 19 7 2 624 703
76 74 6 7 248 540
84 67 7 4 209 486
64 72 16 2 511 672
37 49 5 5 423 538
39 56 22 2 206 448
53 77 24 4 208 488
98 90 13 4 590 775
89 46 19 5 341 452
36 41 30 7 610 697
24 85 11 6 473 624
69 72 28 4 317 484
89 36 17 7 611 734
79 36 25 5 222 478
17 16 23 4 609 691
78 67 15 1 697 764
6 7 10 7 352 581
32 80 20 7 537 659
98 53 5 3 378 525
43 2 17 6 369 669
85 72 21 3 563 692
9 71 17 1 482 637
48 3 27 6 401 611
27 68 17 3 232 441
43 44 30 1 659 769
96 75 15 1 278 386
20 58 5 5 249 424
10 40 29 4 500 763
41 38 11 2 251 373
81 62 13 4 608 783
19 27 23 7 399 629
38 65 11 4 311 542
20 68 27 5 447 526
53 35 30 2 514 591
4 43 30 4 326 507
38 50 22 3 413 689
66 26 9 6 406 624
49 99 15 4 594 709
93 63 10 1 206 275
4 2 15 4 275 467
50 53 11 2 531 767
84 87 18 4 424 689
92 4 22 3 506 727
2 67 13 6 616 699
8 25 16 5 470 668
80 93 10 6 377 581
19 86 6 5 585 742
71 66 8 6 216 408
3 71 25 5 648 798
78 82 5 4 376 671
33 21 14 3 350 510
87 76 29 2 385 588
95 4 19 1 403 518
65 35 8 1 546 631
77 73 13 1 202 305
42 7 22 1 534 642
82 4 15 6 420 599
93 12 24 3 265 434
70 29 28 1 334 488
47 33 5 6 524 758
96 85 25 3 477 556
55 17 24 2 530 737
64 81 15 2 327 605
55 15 7 7 370 541
8 9 26 5 584 799
15 44 14 7 681 789
23 64 7 4 426 648
64 74 15 1 380 642
19 64 10 1 397 601
36 71 18 4 480 617
22 66 12 1 508 709
97 56 16 4 403 642
72 57 9 6 667 761
39 65 21 3 373 603
13 13 18 7 493 690
51 50 21 5 546 664
51 63 28 5 330 473
41 3 14 4 360 529
2 85 26 6 580 758
83 79 5 3 464 568
82 54 21 1 433 669
68 82 17 7 227 458
69 0 15 3 700 792
55 63 21 3 323 504
84 36 6 6 233 514
26 5 23 7 606 727
49 86 5 6 298 485
41 46 10 2 509 797
39 89 11 3 464 615
93 97 21 5 390 513
100 90 11 2 517 677
100 27 25 3 411 622
34 8 7 2 446 522
41 84 23 3 262 439
16 86 17 4 239 535
12 20 25 4 566 706
37 25 12 7 440 589
5 67 23 4 348 546
19 75 23 3 528 641
47 24 10 5 443 537
57 100 24 6 392 552
36 66 27 2 223 367
21 77 20 7 560 681
14 90 30 4 220 464
64 49 20 3 313 437
88 8 13 1 620 692
28 8 24 6 616 781
11 57 17 5 658 746
98 39 8 7 473 742
64 26 26 2 527 681
72 21 13 3 401 598
7 38 16 5 592 771
7 93 28 6 415 566
65 10 22 7 337 579
92 99 8 6 340 402
39 38 6 1 329 581
56 28 13 2 303 524
67 43 28 3 241 445
50 17 30 1 257 475
80 31 29 2 476 759
23 14 19 1 523 761
37 45 13 6 336 413
77 90 17 6 415 639
87 64 10 1 581 703
67 1 12 5 467 629
93 55 28 1 227 314
99 96 11 1 490 595
100 82 20 5 484 688
53 18 24 3 225 321
29 85 15 1 267 477
66 78 23 5 485 658
42 0 18 2 449 545
6 35 25 7 208 479
51 28 21 7 305 383
46 35 27 3 500 695
91 23 27 1 494 579
17 93 15 5 524 686
42 26 17 3 641 742
2 39 23 2 607 713
8 49 7 7 322 577
62 51 15 2 506 622
41 74 27 1 410 626
16 36 27 6 495 583
35 46 5 1 308 466
81 74 8 1 591 675
36 92 11 3 475 711
52 10 27 5 657 794
67 92 16 2 528 620
14 45 6 3 285 571
24 73 12 7 513 644
71 73 12 3 503 596
89 39 27 7 258 425
25 41 6 7 547 651
97 47 19 3 446 633
36 67 5 6 351 448
97 15 24 3 618 679
35 39 20 6 407 692
21 79 25 4 328 511
26 9 16 6 498 656
87 89 5 2 454 733
44 49 29 6 392 528
29 91 21 1 420 504
33 92 13 3 400 606
24 86 19 4 320 620
72 38 6 5 201 277
27 28 5 1 350 642
9 28 22 7 222 324
60 41 25 7 357 611
86 79 17 2 432 651
1 99 18 3 632 756
29 69 13 5 341 591
25 88 27 1 320 575
57 23 15 6 455 625
58 65 29 1 573 790
44 4 22 3 250 314
41 6 13 1 536 766
72 87 14 3 329 626
1 72 8 3 572 773
85 18 17 1 362 648
100 99 10 7 420 683
88 5 5 5 214 440
31 49 14 2 417 511
10 98 25 3 497 705
52 55 27 4 306 530
23 90 7 2 692 753
91 50 6 3 453 635
75 26 11 6 525 696
64 73 8 3 460 648
98 10 5 1 528 677
8 50 10 5 297 488
42 62 16 7 289 463
4 28 14 3 424 664
83 6 17 4 395 633
3 62 29 4 601 731
99 87 23 3 470 670
39 95 15 3 440 586
16 70 5 2 260 534
15 69 17 5 488 564
73 93 27 2 209 348
9 77 22 1 686 759
45 40 8 5 315 499
49 15 25 6 638 796
30 51 7 1 344 642
67 35 18 4 554 716
99 66 16 5 330 434
13 15 26 4 259 550
49 90 10 1 371 577
80 84 28 1 352 634
42 77 9 1 275 355
62 39 10 2 444 560
91 0 20 5 361 617
100 48 20 1 670 791
32 84 26 2 526 790
6 23 19 6 513 758
56 15 28 1 293 569
60 95 28 2 488 576
55 81 12 1 232 483
49 10 24 4 626 757
96 95 17 6 573 718
62 2 26 1 377 614
51 36 23 2 251 322
59 62 21 2 303 440
33 48 27 5 442 587
35 60 13 6 264 376
31 91 13 2 328 438
86 91 17 2 520 660
61 58 10 4 658 732
31 60 16 4 679 748
37 12 27 1 472 620
93 56 21 6 377 528
40 95 23 3 594 782
63 22 22 4 365 442
3 94 26 1 634 782
98 75 25 1 226 415
63 69 7 2 384 656
74 47 9 4 248 341
56 20 27 7 260 543
57 21 26 5 565 753
27 37 12 5 475 716
55 25 8 1 465 603
45 19 15 6 299 506
53 17 9 2 450 592
59 75 29 1 403 567
57 79 9 7 488 595
97 78 22 3 345 485
29 74 5 2 418 711
21 40 22 5 539 732
59 19 7 2 553 739
51 91 26 5 455 647
43 97 30 5 466 718
71 61 7 6 321 442
61 65 24 3 492 703
5 69 13 2 289 451
21 58 11 3 243 433
36 33 12 7 475 707
76 43 10 5 205 407
26 44 5 4 507 706
26 60 10 6 297 373
66 33 16 3 207 507
75 84 22 7 228 447
67 39 12 6 247 425
32 99 23 5 487 693
85 82 24 6 453 627
64 20 19 5 337 452
14 43 28 4 305 405
31 88 28 4 453 521
9 94 29 6 605 751
59 99 14 4 295 384
4 57 15 2 238 525
35 56 18 2 488 627
43 3 8 3 478 735
21 44 25 5 395 591
34 11 21 7 214 382
69 98 13 7 636 775
60 83 29 2 388 589
76 9 9 2 467 545
34 81 14 1 484 732
69 63 9 4 221 334
41 42 19 2 488 637
51 93 21 6 661 748
18 100 13 7 676 754
93 1 5 6 417 566
53 75 19 3 581 680
9 26 30 4 235 336
100 67 24 5 368 459
97 57 13 5 338 620
35 81 6 5 381 590
72 85 8 2 342 484
90 46 20 5 267 526
81 44 13 2 511 708
16 29 20 1 294 385
54 13 20 4 394 527
31 7 28 7 417 634
44 77 12 3 701 763
19 47 6 5 354 576
19 30 8 2 425 549
99 97 28 7 448 715
68 56 22 2 353 428
56 79 22 1 383 563
89 26 29 7 622 749
16 41 23 3 608 749
21 3 18 3 467 730
59 7 27 5 370 623
26 72 28 1 383 481
45 43 26 4 224 365
100 68 30 7 426 636
63 52 7 3 381 634
27 70 6 7 426 705
74 50 5 4 269 350
76 11 27 6 268 348
40 84 12 3 259 387
7 4 20 4 219 347
98 58 20 5 341 428
73 54 23 6 555 648
68 62 15 3 624 726
28 69 5 3 276 494
44 81 26 7 581 687
95 26 30 2 600 693
71 42 26 1 260 359
81 20 27 6 370 563
23 57 8 6 325 432
88 23 24 1 243 315
4 84 5 2 491 658
63 16 23 1 476 704
60 26 16 6 299 542
44 91 19 5 476 565
95 80 11 6 232 440
92 23 21 7 637 798
11 16 5 6 359 525
57 84 29 2 313 505
47 44 19 6 564 719
16 74 16 3 498 611
17 54 9 2 347 472
28 61 8 3 204 418
98 60 7 3 536 763
6 78 11 4 487 587
45 60 20 3 599 744
64 44 13 7 417 537
55 56 19 6 550 685
47 66 8 6 660 721
62 92 18 1 266 531
2 0 24 6 358 525
43 77 17 6 617 691
11 41 9 7 611 698
70 27 10 4 349 529
41 31 13 2 646 758
73 44 27 6 404 585
26 40 27 1 362 460
94 30 16 4 550 649
2 49 10 7 534 605
45 91 12 4 360 536
77 99 24 6 531 704
44 74 20 6 316 465
28 86 22 3 687 750
61 38 16 4 468 621
30 10 5 1 501 693
27 92 27 7 342 467
