858
83 34 0 0 0 0
62 72 24 2 687 763
91 70 25 6 304 517
26 51 24 4 413 547
34 40 9 2 677 772
13 66 5 4 336 549
18 46 27 7 376 618
91 50 24 7 333 439
58 39 11 2 645 769
36 83 22 7 523 779
37 74 25 7 212 339
44 37 14 4 270 476
57 3 28 1 273 527
28 72 14 3 234 346
26 1 28 5 203 289
53 2 27 2 235 442
22 47 14 3 651 733
56 70 27 4 568 750
18 86 11 4 494 715
16 61 19 2 273 440
85 9 30 7 507 612
38 43 12 7 520 729
41 15 10 5 564 751
80 85 18 1 578 745
78 23 21 2 492 715
20 8 15 6 228 387
60 78 8 4 283 480
46 52 21 3 291 454
26 90 28 3 291 395
63 33 21 2 431 600
21 84 29 2 479 607
90 2 9 6 519 696
97 44 20 3 247 496
73 54 13 1 310 388
96 85 26 7 342 581
2 39 13 2 363 603
19 18 13 7 395 598
60 72 25 4 233 424
11 58 16 3 507 689
98 2 14 1 450 710
58 78 8 7 263 502
7 21 18 5 342 550
91 79 22 4 684 777
40 40 25 3 685 746
51 14 20 4 472 756
34 4 21 1 391 612
6 14 15 4 656 774
100 34 20 7 261 544
32 4 12 2 395 688
44 48 9 6 379 580
13 33 21 5 414 543
54 9 25 1 335 585
27 92 25 3 391 604
4 14 26 2 355 457
16 33 5 7 211 453
37 33 7 1 732 795
30 96 11 5 694 776
22 46 21 5 567 634
88 72 26 5 520 602
10 48 25 7 649 781
34 71 18 6 385 634
48 56 12 7 436 604
98 87 5 7 496 562
16 94 20 5 536 610
69 8 30 5 390 662
63 53 27 7 532 785
50 40 26 6 549 773
12 50 22 4 655 781
20 100 27 3 422 555
47 24 14 7 445 632
82 89 22 6 453 613
64 42 30 4 543 630
26 22 28 1 426 499
2 73 23 5 574 785
89 81 20 7 538 640
19 28 12 7 563 650
15 22 30 5 317 532
79 82 16 7 704 768
78 62 14 1 401 681
0 99 7 1 306 427
62 7 20 4 356 492
8 83 5 1 348 501
30 47 11 3 478 563
6 100 19 1 404 606
93 1 12 6 421 526
25 98 28 5 454 581
43 47 16 5 216 401
12 97 28 6 383 491
34 72 26 3 613 742
43 27 30 3 431 577
32 68 24 2 204 427
73 69 22 2 313 495
98 3 8 3 361 526
47 43 29 3 506 738
54 26 23 2 357 606
49 38 18 5 231 294
96 19 13 4 257 546
90 32 16 7 413 692
30 63 24 4 522 788
46 35 25 7 565 767
56 13 25 3 269 411
90 7 20 1 675 766
44 5 11 1 673 764
61 93 11 3 433 685
32 86 20 1 475 653
95 76 25 4 307 542
59 31 6 1 263 553
43 91 21 7 569 692
13 9 16 7 400 555
67 76 17 1 339 582
31 58 16 7 277 399
68 43 28 4 345 492
61 34 28 3 285 501
100 40 18 4 411 552
5 11 29 1 305 495
51 15 15 5 477 689
84 58 6 6 343 587
57 84 12 1 603 762
58 80 22 2 532 742
97 13 13 3 212 285
34 67 26 5 331 520
83 73 20 1 478 578
0 64 27 5 489 632
6 16 21 5 670 756
39 14 19 5 214 443
68 54 6 1 495 726
79 38 12 5 534 776
48 54 17 4 380 571
73 27 13 6 520 749
78 66 19 5 550 648
91 45 11 6 569 633
10 24 26 3 292 433
70 13 7 2 399 596
32 95 24 3 454 662
60 79 6 3 595 755
43 89 25 3 424 560
35 74 12 3 350 507
3 34 6 7 473 764
89 48 27 1 406 498
63 47 17 5 389 629
5 6 8 5 398 653
43 100 30 6 590 693
27 14 28 2 205 303
98 1 18 5 646 724
21 53 17 2 443 724
1 58 19 1 228 364
11 17 13 5 361 467
12 100 19 1 338 398
7 27 7 3 483 737
76 24 9 6 569 673
23 87 7 5 268 447
8 40 24 2 316 400
23 7 29 5 437 619
99 12 5 7 204 417
57 6 5 1 537 635
67 86 21 6 211 355
44 25 21 3 620 682
31 18 10 4 263 471
2 64 10 1 256 349
6 82 12 2 320 455
88 89 12 6 576 781
16 37 16 1 532 626
80 7 21 1 246 448
50 11 17 5 604 714
71 0 29 1 584 696
83 85 20 5 286 363
67 0 21 4 503 667
99 87 22 2 441 537
18 67 27 7 499 611
21 60 8 1 206 334
40 86 13 4 367 563
82 27 20 4 420 568
61 100 11 4 511 763
31 48 10 2 361 622
10 44 5 2 318 461
4 27 27 1 227 475
69 32 18 1 299 482
45 36 7 7 552 793
75 62 8 7 217 338
39 41 26 2 259 401
24 57 20 7 497 778
70 83 29 1 505 640
78 36 8 2 556 672
35 8 27 6 252 464
77 61 14 2 225 376
79 49 25 7 336 422
30 77 12 2 256 411
60 39 5 3 385 670
64 26 24 6 626 706
78 78 26 5 531 719
72 88 24 7 297 485
73 52 18 3 707 777
56 65 30 4 265 409
9 12 28 4 252 430
3 73 30 5 246 545
47 98 6 1 513 782
25 24 15 7 568 792
77 34 20 4 387 685
15 71 25 3 413 713
31 67 19 1 435 554
53 94 27 6 397 587
45 90 11 5 404 681
39 23 19 1 526 715
81 77 29 5 246 416
79 6 26 4 331 529
35 87 20 4 493 644
67 61 21 7 493 726
3 94 11 3 429 591
21 7 19 3 657 762
77 82 12 7 240 520
22 27 20 4 360 654
90 40 7 5 479 579
19 13 19 4 286 455
20 81 24 5 319 617
63 20 8 4 269 526
38 56 25 6 434 540
50 63 17 3 205 267
86 31 14 2 567 659
44 89 15 5 261 391
67 57 11 4 476 727
4 17 24 4 273 549
60 44 16 2 279 349
35 99 30 3 375 611
59 100 13 4 544 765
43 66 11 1 501 577
86 65 21 1 561 678
76 52 29 6 656 738
45 53 23 6 381 469
6 70 12 7 337 452
51 2 6 4 580 655
43 77 9 6 201 433
42 53 22 1 270 356
89 43 26 3 464 670
100 26 18 3 541 769
74 1 5 3 388 679
37 3 26 5 407 631
8 51 20 7 403 688
92 88 24 2 725 787
35 30 20 5 427 540
36 0 22 6 368 600
79 100 18 1 367 483
34 11 30 2 452 525
25 99 25 5 386 510
51 52 19 4 505 719
55 16 8 3 487 646
33 37 8 4 228 483
42 4 30 4 307 425
17 29 15 2 321 454
75 50 26 1 298 499
45 18 29 7 342 562
99 23 10 2 632 752
44 29 15 3 687 748
36 26 26 5 521 709
36 73 13 2 533 696
32 66 13 7 283 502
62 14 30 5 553 644
19 86 12 1 520 670
88 92 11 6 488 628
71 81 15 4 370 589
36 76 19 6 333 516
38 96 23 3 438 587
45 55 7 7 434 581
47 31 22 2 252 437
6 23 10 6 657 779
46 48 22 4 308 519
91 28 29 2 662 763
33 20 28 3 395 660
70 15 29 1 405 609
75 7 13 4 204 495
20 43 25 1 293 403
50 22 19 7 332 627
30 93 28 2 437 619
30 100 15 5 632 712
89 28 20 4 492 626
98 84 16 1 260 421
30 55 28 3 210 395
48 14 13 2 330 527
51 99 13 4 425 507
33 41 10 5 498 667
11 35 17 6 371 435
17 97 23 7 603 762
67 18 11 1 267 517
40 95 22 6 268 396
42 47 27 1 311 378
57 89 15 6 520 755
24 33 30 2 677 777
52 34 28 6 296 491
9 66 23 6 420 705
70 78 10 3 704 772
62 45 15 1 458 538
25 32 6 1 223 308
90 31 7 1 550 800
30 78 12 3 251 515
33 23 22 6 277 472
73 40 20 1 304 476
68 67 22 1 392 529
15 69 16 7 292 582
44 92 28 2 248 465
65 47 19 7 514 726
64 4 7 7 451 583
27 75 25 6 592 661
33 38 18 6 532 719
76 27 17 4 520 627
80 23 18 7 349 411
32 22 9 3 536 720
51 40 13 4 564 645
42 20 24 2 558 624
25 48 13 2 392 519
7 31 5 6 411 639
14 15 16 2 255 470
58 77 28 2 267 504
63 25 12 1 508 578
72 21 14 3 486 779
71 34 29 6 509 579
52 28 11 1 316 605
28 81 8 7 240 438
20 41 9 2 467 701
99 80 20 5 438 622
52 61 22 7 308 369
12 37 8 3 334 606
86 2 15 1 493 764
44 49 26 2 587 691
51 57 21 4 453 548
78 1 23 6 332 439
90 90 6 1 260 518
28 66 15 4 609 742
18 88 20 2 328 548
56 0 9 4 442 638
15 95 21 6 499 595
64 85 21 6 494 677
76 82 14 2 328 445
1 81 11 2 207 396
88 63 22 5 402 504
93 16 11 3 363 487
68 90 30 3 231 369
78 26 25 6 490 588
40 20 6 4 347 448
7 98 12 3 666 773
44 42 11 2 202 411
13 61 9 1 203 394
28 83 26 2 213 479
49 83 10 1 299 470
5 17 19 1 402 576
36 1 13 3 458 549
85 76 14 2 278 366
77 52 8 4 455 716
6 38 15 5 486 632
58 14 24 4 325 392
11 40 8 4 298 363
63 80 30 6 551 729
81 65 19 7 547 666
87 63 27 7 626 769
10 5 7 3 414 590
11 98 10 5 351 540
100 45 6 2 243 400
15 56 16 6 473 676
3 8 21 4 218 407
15 24 28 7 378 622
52 88 13 3 623 776
12 90 26 7 215 433
22 16 18 4 472 565
16 81 20 7 306 551
68 57 24 3 204 388
77 47 8 6 615 767
46 76 29 6 530 735
32 36 28 1 353 466
40 81 19 4 495 599
20 3 5 7 441 567
94 16 26 2 345 472
71 91 7 6 627 783
73 70 26 5 285 380
70 23 6 6 313 578
87 25 21 1 487 682
51 90 21 2 547 725
68 28 21 3 443 608
40 96 22 5 230 363
83 7 5 3 279 555
4 25 18 4 254 506
93 65 30 1 305 504
91 95 9 2 449 596
46 43 22 5 246 454
44 28 28 5 229 519
53 78 27 4 542 677
60 59 17 7 225 306
91 65 30 1 323 528
14 29 30 4 437 537
59 6 14 1 503 699
62 20 7 6 416 516
30 59 23 6 454 631
75 21 25 7 593 795
38 94 21 5 213 293
7 59 9 6 290 550
56 28 13 7 393 489
50 91 22 3 527 646
77 87 18 3 261 334
22 64 9 1 219 460
96 34 14 7 323 531
48 19 12 3 460 662
94 91 23 5 224 369
62 95 23 1 344 421
41 59 8 5 513 610
70 9 18 5 525 617
55 54 9 2 442 700
24 94 15 6 370 502
76 50 13 3 661 738
55 22 17 7 227 434
44 12 27 6 227 290
28 32 5 7 416 690
87 43 11 4 218 388
37 98 15 1 506 724
4 15 16 2 506 566
47 9 5 2 448 600
74 0 12 3 415 594
66 36 27 1 250 338
66 5 8 3 298 390
35 16 8 5 312 597
95 87 22 4 239 470
54 71 27 4 340 560
19 55 22 4 485 687
25 46 6 2 571 722
10 17 7 2 435 627
7 46 10 1 372 514
10 57 14 4 524 744
76 84 26 7 488 625
42 94 7 7 550 717
69 18 6 7 264 342
45 46 13 2 388 449
96 39 25 1 429 683
0 69 7 7 369 582
31 76 22 4 527 625
5 43 13 7 600 680
67 13 25 5 442 643
70 30 14 1 414 614
67 29 30 7 442 642
91 67 30 3 245 514
77 100 8 2 267 404
39 82 22 1 326 587
29 88 16 1 295 504
61 65 18 6 279 523
16 51 21 1 511 639
73 77 12 5 422 515
66 24 16 3 592 772
36 94 6 2 510 611
44 52 17 4 516 644
60 34 25 7 230 308
97 97 9 7 225 294
85 98 11 1 229 359
15 100 9 5 202 436
64 92 9 5 437 515
75 60 10 6 246 494
38 72 27 6 246 391
42 98 26 4 501 657
62 30 8 4 338 460
22 38 26 7 266 477
61 39 25 5 300 364
41 34 11 7 683 747
31 79 28 7 480 699
71 47 28 2 289 503
3 46 19 2 459 584
74 33 18 6 446 564
2 71 25 3 284 519
25 47 18 4 210 486
90 45 19 1 570 730
65 73 10 2 303 559
99 40 14 1 334 578
34 87 7 3 575 680
54 38 7 2 363 607
66 83 9 4 586 769
24 91 27 6 422 664
91 90 15 3 241 334
81 63 19 3 417 657
95 43 21 6 228 319
50 21 18 1 226 360
47 3 30 2 666 740
67 88 29 6 587 785
63 15 13 7 488 759
39 20 21 5 675 739
40 74 20 4 622 714
34 25 6 6 498 719
5 4 15 4 644 766
65 3 16 1 393 609
37 39 30 4 294 528
4 77 28 2 394 465
53 29 8 5 515 706
95 8 13 1 270 415
68 77 26 1 488 622
33 8 7 7 496 580
64 41 20 3 335 523
60 69 14 6 347 551
54 92 11 6 424 711
17 6 22 4 451 692
12 73 29 6 498 642
63 55 27 5 484 578
56 50 20 4 377 625
79 34 8 1 389 613
87 28 24 3 566 702
10 51 16 4 410 615
84 79 15 6 476 746
4 65 7 3 646 764
64 81 23 7 237 479
61 23 21 1 338 444
20 0 29 4 462 564
75 55 8 2 467 564
30 42 14 7 336 521
24 10 8 1 309 544
99 71 22 6 522 792
17 58 25 4 325 562
13 88 13 6 316 556
47 28 17 4 313 531
78 20 6 4 364 553
98 54 7 7 217 516
37 29 13 2 671 760
24 60 6 2 662 741
17 100 9 5 639 789
9 90 24 4 529 636
9 91 16 1 537 758
68 42 26 4 326 420
19 34 12 5 628 721
45 86 23 1 411 586
27 78 7 3 398 642
39 28 26 2 204 318
87 23 10 1 259 503
19 78 21 5 268 385
28 46 24 5 381 459
77 48 14 6 471 605
31 3 25 5 380 519
89 10 12 7 299 503
10 12 6 5 392 595
39 11 29 5 527 746
32 1 25 7 552 674
67 48 21 2 352 497
31 54 9 6 572 656
11 4 27 7 264 336
36 17 12 3 396 594
76 57 27 2 269 352
31 10 22 1 424 494
51 18 20 1 650 773
76 55 7 4 384 643
37 58 19 3 635 752
87 30 27 2 462 648
81 2 20 5 452 545
86 59 22 5 481 729
96 13 27 4 293 569
78 81 21 3 542 667
69 62 15 5 379 671
65 39 9 4 383 558
95 36 9 7 201 292
46 94 26 2 601 789
82 74 24 3 361 456
75 14 18 4 507 703
17 53 9 3 554 730
25 30 7 3 324 619
22 17 20 4 468 644
65 12 28 7 638 725
59 21 19 1 396 493
17 82 26 6 449 562
11 28 8 5 527 789
15 1 29 1 369 643
55 44 5 7 456 724
83 1 5 1 377 470
75 77 21 4 452 513
26 15 17 7 553 694
94 74 16 2 515 794
18 63 28 2 491 722
95 82 9 3 575 656
90 86 19 2 440 710
62 42 11 1 250 379
85 89 22 4 357 455
100 64 6 3 469 640
40 3 19 2 330 510
18 53 27 5 461 664
20 83 13 6 500 740
25 86 19 7 386 451
88 57 25 4 261 336
3 50 9 6 686 788
42 57 27 5 404 600
69 2 10 4 488 712
6 47 16 4 338 409
57 86 18 6 399 505
10 54 15 6 258 432
88 61 7 3 333 409
28 47 18 1 553 678
90 47 17 6 241 438
40 73 18 4 416 572
56 41 21 2 238 359
54 80 20 2 515 587
66 71 29 7 501 717
98 19 29 6 258 464
77 72 5 2 474 706
99 61 20 6 282 364
29 71 12 2 371 594
7 36 5 1 340 435
9 1 7 5 297 413
46 79 30 4 578 765
99 52 7 5 325 604
16 29 16 7 633 789
20 56 12 2 440 611
87 62 20 2 599 683
10 26 24 4 213 358
34 56 22 4 355 462
98 88 5 1 542 725
16 2 17 1 249 535
55 7 23 6 633 784
74 23 24 7 573 688
15 51 13 7 231 342
10 85 8 5 582 653
85 51 9 7 682 771
44 74 20 4 267 508
90 67 28 3 415 496
72 90 20 4 295 581
7 73 30 2 374 519
32 40 25 6 479 640
64 79 16 3 355 434
1 97 9 1 251 497
42 15 6 1 668 773
99 92 20 6 610 780
60 51 30 4 529 739
28 27 20 5 566 783
62 85 12 6 582 710
28 48 13 2 401 648
57 75 5 4 353 590
23 27 26 4 227 347
43 62 28 4 478 746
51 78 11 2 291 356
73 51 26 3 677 745
14 78 22 6 229 479
36 37 8 3 217 303
3 20 27 4 336 529
67 28 16 7 400 519
73 8 18 4 282 445
35 35 24 1 511 697
70 16 17 3 275 554
23 10 5 7 475 618
22 18 8 2 618 783
48 8 26 4 314 531
47 73 25 6 244 526
57 50 29 3 574 645
52 84 14 3 671 786
15 21 28 1 524 686
62 26 7 3 525 616
22 89 23 4 356 531
81 8 30 1 207 419
84 48 16 2 282 548
53 66 28 4 316 552
12 15 18 4 313 482
51 22 6 1 569 672
63 45 26 4 548 645
32 84 23 6 596 682
17 62 11 3 312 430
8 56 16 4 286 559
84 98 14 2 269 358
21 100 20 5 252 410
86 51 8 4 597 669
5 88 8 4 434 727
45 1 22 4 230 505
89 60 26 6 402 548
57 60 5 2 474 613
78 37 20 3 231 353
93 0 28 6 310 376
50 95 26 1 636 775
81 56 14 1 454 611
47 0 25 5 258 531
43 72 17 7 403 597
67 96 29 7 698 763
9 41 22 1 333 432
80 100 21 1 361 441
82 96 12 5 256 504
97 6 10 3 266 508
18 77 29 6 356 609
32 10 15 4 378 525
13 20 11 4 271 522
7 42 8 7 346 429
56 15 13 7 337 547
74 63 24 5 321 573
73 65 15 4 468 747
10 38 28 2 604 723
42 26 21 7 406 627
1 69 10 7 394 490
64 39 8 3 448 701
22 91 21 1 304 571
68 58 16 6 316 616
72 19 5 3 420 706
24 50 17 1 381 636
56 69 15 4 529 712
85 72 12 3 582 723
3 19 27 5 225 309
36 18 9 7 491 771
58 40 12 5 578 749
90 4 15 5 501 607
2 46 25 5 232 312
68 50 6 3 339 493
9 94 13 2 222 304
22 92 11 3 481 769
71 3 18 2 236 298
68 23 23 4 438 626
26 74 7 4 556 797
59 95 20 3 213 480
76 41 10 5 409 630
19 30 10 6 559 678
5 53 21 3 209 296
62 49 21 6 469 570
38 64 9 7 287 418
16 58 28 2 451 654
22 65 8 3 669 779
61 81 12 4 446 665
33 81 25 4 300 594
89 91 12 4 442 694
42 16 29 3 536 684
2 4 18 4 227 313
89 61 21 6 651 711
55 70 30 6 682 747
31 60 19 4 536 656
32 90 26 6 593 792
31 93 14 4 411 527
99 16 23 5 313 573
6 87 20 6 399 478
62 34 20 6 204 302
38 28 7 6 507 635
63 94 8 2 317 379
71 43 9 2 323 595
10 99 23 7 396 590
55 1 21 2 387 524
92 64 27 6 543 678
31 78 14 3 363 543
80 15 8 5 222 496
93 66 20 2 377 554
39 13 12 2 572 718
55 69 28 4 567 642
36 91 19 1 444 572
75 43 21 1 212 315
59 47 22 6 280 552
22 58 7 7 452 579
48 79 16 3 441 589
17 19 8 2 457 652
2 61 10 5 575 705
57 66 25 1 640 700
10 97 29 4 513 744
31 33 6 5 303 517
63 98 29 2 383 667
1 56 14 6 371 614
10 88 17 1 627 778
22 23 5 7 350 506
17 40 9 3 417 562
25 80 21 1 499 682
40 36 7 7 462 536
21 72 14 4 388 688
0 52 16 7 526 732
93 77 17 3 405 645
93 15 15 2 439 663
86 90 29 4 475 754
96 20 18 5 487 731
49 41 26 3 370 609
20 52 16 3 361 617
82 80 6 7 240 444
45 50 15 2 310 552
47 65 13 2 562 674
35 69 29 2 271 553
20 84 5 1 554 737
49 0 28 2 365 523
51 41 23 2 443 622
93 46 8 2 406 536
66 49 26 7 262 540
71 65 17 2 398 691
91 56 26 3 546 761
78 65 17 2 361 430
14 91 28 5 578 663
13 68 9 3 398 515
29 85 20 4 628 744
1 11 30 6 406 593
74 17 15 7 579 722
40 19 16 1 652 786
60 17 23 2 597 769
16 80 5 3 431 626
41 63 12 3 511 787
65 2 13 5 401 583
51 16 18 6 340 610
38 13 26 4 370 660
9 26 8 5 455 661
52 72 30 1 360 473
54 4 10 1 471 543
33 6 7 1 553 690
5 52 29 3 315 458
10 79 11 7 372 623
26 33 17 2 558 651
43 58 11 4 431 726
13 48 7 5 503 791
30 27 23 7 412 545
21 39 30 7 431 536
77 1 22 4 447 707
75 65 10 7 406 495
33 30 9 6 357 589
100 100 19 5 500 662
12 5 12 3 692 788
24 4 11 2 263 326
31 6 21 6 255 405
60 58 13 5 604 665
73 94 10 2 250 423
100 83 28 7 558 730
9 37 24 2 438 691
81 24 7 1 504 602
20 59 10 6 228 436
90 29 22 7 501 650
59 26 10 2 449 590
80 38 29 3 215 278
23 46 10 7 278 466
48 89 24 5 407 597
33 95 9 5 387 451
66 91 22 5 314 390
23 36 16 1 203 470
69 51 26 2 483 721
57 39 17 6 304 597
83 76 9 5 548 650
3 24 26 2 438 712
2 57 28 3 621 704
40 66 24 5 548 676
18 89 24 4 232 516
53 42 23 3 493 723
54 85 14 1 471 591
70 31 13 2 487 706
68 83 14 4 452 751
21 34 17 4 358 533
62 23 24 6 520 686
80 5 16 6 512 708
12 56 8 6 315 502
79 47 30 6 651 731
62 17 12 2 251 340
5 19 29 4 453 627
50 30 5 4 246 530
95 40 19 2 209 345
51 51 24 2 214 400
18 10 8 4 408 602
55 92 10 7 289 483
78 100 27 6 423 607
66 8 24 1 429 507
64 53 17 7 577 682
29 18 14 7 241 424
5 71 11 4 438 650
21 91 27 7 590 655
64 2 16 7 344 573
25 61 25 5 309 534
9 65 22 4 203 318
54 24 25 4 432 612
41 87 26 5 610 728
13 7 29 6 543 684
69 90 28 1 398 566
65 80 25 1 428 633
63 63 16 6 510 692
15 11 29 1 393 537
52 12 7 4 702 785
92 9 13 4 301 579
60 8 18 6 443 590
0 43 26 5 519 668
31 97 29 4 211 490
100 63 10 6 398 563
36 36 8 1 263 422
82 30 18 7 273 456
19 22 16 7 493 771
17 37 25 4 547 646
