1927
98 53 0 0 0 0
77 1 11 6 572 656
51 84 16 5 503 609
82 9 10 2 224 306
41 21 30 2 382 537
25 50 18 7 255 331
38 90 12 2 291 438
56 90 30 7 313 462
98 74 13 5 335 407
58 97 18 1 668 763
4 46 27 7 251 448
18 57 11 5 351 418
29 95 12 7 704 775
26 66 10 5 241 387
57 62 27 1 533 791
56 69 13 6 489 575
85 79 9 6 207 281
97 21 30 2 295 508
88 91 24 6 261 402
4 86 11 2 230 376
63 80 24 5 426 537
22 82 5 3 412 474
56 55 11 7 400 577
33 31 10 1 291 358
61 45 8 2 304 397
71 34 5 1 316 423
65 19 28 4 213 480
43 59 18 7 484 697
89 84 28 5 269 552
32 13 30 2 447 544
55 74 5 2 280 453
100 52 18 4 275 495
73 80 21 5 408 661
40 53 6 5 579 767
37 95 24 4 584 774
31 80 15 4 240 377
26 18 12 4 239 318
89 52 10 7 242 460
79 54 15 2 300 370
67 13 30 6 218 360
6 90 27 2 201 374
62 65 8 4 392 628
77 68 9 6 405 564
27 68 19 6 316 574
79 86 18 5 629 715
39 31 19 5 328 432
12 86 6 3 250 494
99 60 6 1 428 699
13 27 17 1 425 639
96 64 20 3 607 683
29 36 8 2 406 647
82 34 26 2 483 572
65 15 30 3 394 563
37 34 30 3 400 471
68 0 18 2 566 693
89 75 30 4 383 461
21 96 5 1 294 452
71 94 13 4 563 697
92 57 22 3 544 669
89 47 12 3 386 562
6 69 26 5 520 635
12 78 10 3 457 757
4 40 13 7 388 453
98 26 20 7 558 643
0 54 13 5 450 597
92 21 20 3 436 528
4 39 8 4 307 455
94 54 19 5 488 566
39 12 8 5 475 700
88 11 24 5 290 448
43 5 28 1 488 553
41 26 29 7 399 593
8 78 25 3 458 592
30 27 9 1 225 293
5 94 6 5 505 745
24 67 29 6 363 613
12 45 11 6 303 392
70 18 9 1 509 736
82 66 8 5 304 502
0 11 9 2 564 758
1 87 6 3 293 409
41 91 22 4 603 799
79 29 10 2 209 338
32 18 19 4 351 538
69 73 7 5 316 572
33 60 23 7 610 717
86 35 7 1 391 511
71 95 27 6 423 656
74 59 27 7 456 685
93 44 29 4 357 562
61 51 9 2 328 587
42 99 11 2 217 449
1 45 5 7 363 542
70 13 10 6 659 790
64 85 29 1 503 620
49 54 15 1 510 778
4 10 23 4 449 599
83 63 19 7 596 689
32 63 30 3 519 727
57 5 22 4 422 722
25 38 14 2 565 642
3 14 23 5 699 776
55 66 15 2 616 719
59 41 20 7 679 774
40 90 5 5 510 748
76 79 8 2 382 590
56 51 7 6 644 736
63 21 23 4 328 388
84 15 27 7 685 764
75 45 26 7 207 284
12 48 15 2 358 589
44 34 10 3 233 493
95 12 10 4 292 418
94 38 26 7 535 775
65 47 8 5 378 604
70 83 6 4 258 479
13 13 19 4 672 800
98 73 12 5 339 472
66 16 22 6 499 578
44 86 9 7 320 488
23 44 23 6 504 620
23 69 12 5 680 798
93 100 5 6 433 510
36 5 26 4 319 480
70 74 7 1 301 439
57 29 24 7 576 778
63 40 5 1 348 526
90 8 17 2 433 495
17 73 20 6 475 738
41 82 11 3 324 475
11 74 22 7 622 712
37 64 15 1 297 444
100 11 15 4 313 411
92 59 14 2 611 736
37 55 27 6 296 376
9 12 14 4 454 514
73 92 12 3 655 716
97 55 23 2 521 716
54 13 14 6 416 584
28 12 5 3 216 363
49 44 25 6 330 471
31 9 8 3 475 748
92 64 22 6 331 419
18 10 17 7 245 450
10 61 10 6 354 544
76 40 12 6 331 417
5 14 24 6 514 718
70 78 26 6 282 531
83 86 15 5 269 387
26 57 25 3 242 450
22 22 27 6 443 552
79 75 30 2 323 461
37 61 19 6 367 485
79 99 21 4 214 290
4 18 23 2 246 361
81 55 19 3 464 754
46 49 27 2 430 613
73 35 7 2 475 762
61 61 21 7 473 558
25 96 14 5 209 388
67 81 7 6 426 596
36 21 9 3 378 613
96 47 25 7 514 757
98 94 11 6 402 688
46 56 12 5 503 702
16 49 10 5 482 617
48 59 8 2 320 578
18 69 28 4 400 641
48 82 19 3 305 399
70 82 5 7 489 706
41 3 25 5 481 727
41 40 30 4 440 592
63 82 8 4 628 701
44 56 9 6 394 465
8 61 23 7 248 499
39 77 7 6 301 601
11 39 5 2 443 577
19 40 25 1 550 611
49 46 30 5 555 655
12 17 18 5 218 476
92 20 27 6 628 718
34 29 14 3 385 672
13 50 11 1 281 549
86 87 15 5 301 465
15 73 18 4 519 774
20 84 13 1 300 570
7 15 14 5 405 664
57 25 29 3 514 785
45 31 25 2 366 481
72 65 10 2 585 706
28 56 24 1 489 677
33 69 12 4 552 727
21 0 8 4 481 569
28 99 27 3 530 648
44 98 6 5 626 793
9 53 21 3 275 382
16 83 14 3 703 782
11 96 13 7 361 656
4 68 8 4 601 712
38 83 29 7 351 490
19 12 9 5 219 429
61 19 10 1 548 638
12 60 19 6 661 736
51 85 20 4 477 583
87 17 29 2 530 713
30 13 8 3 231 464
2 92 30 4 343 471
96 16 5 1 501 567
61 18 16 7 325 402
64 16 6 1 421 487
66 3 15 3 262 404
84 20 10 7 393 605
17 77 12 5 402 529
66 14 25 5 515 785
49 88 25 4 274 395
55 9 10 4 495 745
80 79 19 6 396 476
76 50 6 2 612 782
54 32 24 4 432 525
0 66 17 4 495 647
11 89 22 2 497 746
24 24 12 2 538 620
6 89 26 3 280 578
3 76 28 4 323 451
20 71 13 1 613 771
13 38 27 1 264 364
1 78 17 6 585 699
10 53 21 5 359 497
29 99 20 6 361 568
99 20 29 3 428 494
99 8 17 7 243 445
74 74 20 1 304 528
68 91 8 2 438 633
68 43 29 1 442 723
40 77 6 5 377 594
5 93 16 3 473 761
45 74 11 1 649 782
85 93 6 5 221 380
48 81 20 5 401 478
40 20 28 6 507 780
43 78 11 3 229 511
93 12 19 6 492 735
28 92 29 4 252 455
95 25 14 5 509 603
82 91 11 4 571 658
71 57 14 1 492 784
3 99 9 3 444 636
57 42 21 6 368 547
44 28 5 6 513 654
33 90 18 4 439 716
26 51 30 6 464 756
19 36 25 4 601 700
17 26 19 4 438 622
32 65 21 1 453 703
12 92 8 6 357 520
36 25 29 2 472 572
99 16 12 4 409 598
17 4 29 3 304 473
21 77 24 2 412 502
66 96 10 4 672 785
36 55 29 1 453 524
17 17 7 6 451 712
1 64 12 5 553 797
37 75 18 3 599 668
54 65 5 6 278 361
19 21 22 1 311 495
73 69 5 5 211 287
34 41 20 7 333 615
44 47 18 2 461 573
56 67 15 7 686 800
40 15 16 2 529 724
72 62 14 3 460 753
75 56 29 4 531 707
28 85 6 5 611 763
59 79 24 4 561 690
41 90 6 4 551 712
14 44 8 5 507 672
89 31 24 3 576 745
17 65 7 3 280 352
4 65 30 3 232 317
95 92 29 4 221 469
56 18 26 5 412 565
7 66 17 7 276 473
34 4 9 5 692 796
29 85 21 2 224 286
62 89 29 4 438 525
60 11 27 2 464 659
96 62 27 1 203 452
100 81 6 1 575 778
33 94 25 5 508 678
75 59 9 1 474 591
17 10 5 5 361 497
74 3 28 3 467 752
5 46 22 3 475 706
71 29 12 5 294 373
85 75 8 3 380 675
96 69 13 4 546 788
44 89 14 2 550 699
100 41 12 1 608 737
59 28 14 4 546 723
75 85 19 7 480 631
13 8 15 7 273 483
66 86 28 1 291 481
66 63 9 1 560 705
12 18 25 6 380 584
24 54 11 4 413 668
39 8 27 2 455 714
70 71 19 3 573 633
54 38 20 4 572 653
89 49 16 5 287 404
42 89 7 7 241 490
92 0 18 5 514 684
93 77 16 3 397 635
43 98 5 4 312 424
45 75 10 2 626 799
86 20 14 5 504 585
69 40 13 3 370 441
23 41 16 7 309 434
56 93 15 7 576 752
66 74 6 1 234 463
2 23 19 4 369 455
99 21 19 6 472 546
58 44 7 7 522 675
32 91 30 7 418 638
11 21 12 1 467 742
12 31 24 7 684 798
88 35 7 1 406 571
46 21 9 5 264 470
26 64 29 6 409 614
13 35 7 4 479 695
6 18 25 7 222 508
71 26 15 5 419 523
81 25 11 6 450 609
63 28 5 1 620 744
43 45 9 2 480 615
9 74 16 4 337 521
32 49 5 4 238 423
71 63 28 7 524 658
78 79 25 7 301 434
49 75 27 1 264 379
25 26 28 4 364 554
24 23 22 5 561 748
66 67 23 5 296 568
45 79 5 4 309 567
15 48 27 1 403 556
73 59 16 6 706 771
45 36 8 5 355 649
68 28 7 7 614 705
95 83 16 7 443 512
53 10 16 6 503 745
91 48 28 2 245 321
38 71 29 1 452 513
53 72 11 3 333 506
29 83 10 6 209 426
96 14 20 6 638 710
37 83 10 3 628 733
49 65 6 2 478 560
51 59 19 7 437 654
93 16 24 3 381 652
55 35 28 5 568 788
26 23 12 3 244 394
6 50 27 5 374 442
81 29 8 7 507 642
18 83 8 4 243 499
97 61 20 7 666 755
48 5 28 1 618 709
66 4 30 1 520 655
81 17 8 7 417 583
45 49 17 1 496 637
4 100 15 5 538 765
74 99 20 7 499 729
2 3 25 5 208 481
50 70 13 6 490 698
94 29 24 3 575 636
66 6 15 5 209 396
100 3 30 1 408 488
82 36 19 7 631 727
97 43 25 1 395 556
9 38 17 3 515 769
22 98 21 2 350 620
32 38 11 4 226 390
17 6 5 7 580 683
55 49 7 4 364 472
45 63 26 6 729 800
6 19 10 5 354 432
90 12 27 1 431 531
96 21 21 1 426 658
76 21 8 1 209 430
12 1 12 4 265 445
68 53 5 7 345 470
8 1 8 1 388 641
29 89 26 7 413 474
18 25 19 5 432 493
64 78 22 6 568 710
88 73 27 1 510 688
58 90 27 7 504 576
42 62 19 3 237 438
99 65 5 1 290 376
29 7 11 3 231 425
24 43 12 7 409 678
19 23 26 2 480 732
56 68 6 4 690 764
93 42 9 6 356 461
89 34 15 3 455 724
99 70 6 1 481 609
76 14 24 5 450 564
56 31 12 1 208 467
7 84 26 2 317 480
67 31 23 7 206 315
21 28 7 3 451 658
69 27 13 5 404 668
15 11 16 1 528 713
16 95 22 3 669 753
97 98 6 1 207 457
23 37 20 4 656 753
84 25 22 4 370 464
81 98 21 7 602 732
48 65 22 1 322 578
48 55 15 7 231 521
95 55 11 4 212 420
1 71 30 6 393 620
45 35 14 4 501 731
55 28 16 6 327 457
94 59 11 5 639 755
59 92 8 2 544 789
22 29 9 3 496 769
85 6 22 7 571 669
35 98 11 5 505 749
71 75 15 3 352 425
1 27 20 4 551 790
26 52 14 4 212 474
4 93 29 4 466 696
61 23 24 5 241 415
98 31 5 4 263 375
59 99 6 1 406 536
34 78 17 7 455 661
7 100 6 1 494 572
33 17 21 5 499 794
56 89 17 5 318 616
58 20 27 1 241 492
61 2 8 1 671 739
5 91 24 5 300 460
23 62 26 7 502 636
61 6 10 2 214 311
40 81 9 7 433 675
47 86 10 5 441 730
36 86 7 7 259 446
48 17 5 5 392 588
26 46 16 6 579 679
57 64 24 1 279 562
90 59 29 1 311 374
68 11 29 6 362 492
58 23 19 7 286 504
27 89 28 3 539 599
4 78 15 1 235 390
97 65 14 3 419 541
12 36 8 2 428 720
86 83 17 7 264 553
22 8 22 1 204 404
79 19 7 3 274 503
38 1 6 1 324 570
80 31 29 7 535 703
98 100 9 4 324 515
46 55 29 6 497 562
0 75 5 4 386 655
54 82 23 6 583 681
45 96 27 7 557 793
15 76 26 2 614 709
2 15 9 1 493 663
22 15 9 3 270 337
73 16 6 7 469 733
51 79 6 5 506 654
12 79 17 7 429 494
49 56 24 4 440 525
77 21 22 2 438 640
48 7 19 2 394 671
78 83 20 7 496 606
24 3 26 5 474 534
24 78 12 7 488 631
12 89 18 6 248 490
89 77 18 3 554 712
90 4 10 7 356 485
30 62 6 4 391 634
94 6 20 7 540 706
60 87 9 1 672 741
69 35 27 2 618 772
23 16 29 1 499 665
22 91 24 5 539 751
77 86 14 3 370 483
53 95 6 6 313 438
60 65 13 3 488 666
52 89 21 2 506 688
12 19 24 3 342 579
86 18 11 4 509 672
36 15 17 6 468 566
40 18 25 5 598 742
38 96 27 2 227 466
64 62 23 4 370 439
90 85 15 3 689 761
93 30 24 4 245 371
60 16 23 6 458 749
52 11 12 3 337 464
78 2 8 6 409 598
51 48 13 1 549 623
64 21 10 5 255 398
79 27 23 4 702 769
94 94 9 4 233 475
71 4 22 4 512 627
10 12 21 3 398 676
93 71 25 6 453 742
42 77 9 5 534 642
26 56 14 5 407 639
50 96 9 6 394 470
65 3 6 3 643 744
80 44 12 6 224 461
41 95 27 7 438 583
92 71 18 1 632 754
74 55 12 2 218 476
26 41 5 7 409 528
89 29 23 2 319 500
70 31 7 1 285 565
33 21 27 7 601 712
35 82 8 2 297 584
96 44 21 6 528 744
79 16 17 4 306 595
40 50 18 5 402 695
92 58 16 4 251 390
83 25 23 5 300 394
34 47 16 6 301 551
66 40 13 7 613 752
54 61 7 7 610 683
67 18 10 2 452 563
40 39 20 5 640 791
87 32 18 4 226 509
90 98 27 3 564 692
37 47 7 6 654 785
17 0 29 7 688 757
27 27 25 4 354 418
46 79 21 6 296 387
0 49 9 1 600 679
22 34 24 7 382 474
92 97 20 6 324 535
67 89 25 3 272 374
60 50 18 4 363 472
88 26 18 6 259 387
77 33 20 1 538 720
73 0 27 3 570 678
96 7 9 3 321 420
63 97 28 3 502 622
100 42 15 3 481 696
42 5 6 2 209 485
86 56 23 5 457 549
34 55 28 4 523 766
91 71 11 5 385 673
50 15 6 1 243 498
33 54 17 5 587 742
77 51 24 7 646 743
97 70 14 4 492 568
70 79 14 7 211 318
76 76 25 7 405 668
78 80 6 6 248 532
63 37 24 3 524 667
89 62 12 6 645 783
1 96 15 7 275 538
9 98 23 6 353 627
67 46 5 1 250 522
53 65 22 2 373 603
63 46 26 4 497 625
77 78 30 1 706 799
93 0 11 5 473 586
21 48 6 7 605 684
46 8 17 5 547 652
97 50 9 4 398 688
99 47 21 4 555 727
33 64 15 1 440 541
87 36 11 4 286 417
77 4 23 4 623 748
82 61 5 1 297 471
69 96 10 1 221 350
64 14 28 3 594 789
46 46 19 2 416 671
75 40 21 2 539 613
16 58 18 2 441 634
23 23 22 3 247 469
22 25 29 7 521 676
91 81 25 6 205 363
36 38 14 3 247 451
18 36 23 2 472 616
56 56 20 7 335 607
39 15 17 1 416 549
57 18 11 6 276 536
64 61 18 1 560 693
63 6 16 2 418 675
56 58 14 5 623 736
44 65 27 6 442 634
6 77 23 2 473 614
17 60 10 4 204 359
86 11 30 6 402 540
69 42 7 5 431 587
30 71 8 2 502 612
37 53 15 7 390 454
56 47 29 6 513 768
2 6 11 5 564 672
78 48 26 1 561 678
47 97 20 7 242 356
14 21 9 3 399 514
15 43 28 5 214 353
28 47 24 7 328 550
78 4 23 4 361 461
50 54 16 7 347 567
71 65 8 7 332 602
45 18 25 3 505 723
2 48 16 7 671 800
37 81 13 2 320 568
79 56 15 2 276 457
50 22 19 2 251 549
76 19 22 2 221 465
81 43 18 3 577 740
53 60 14 4 523 737
54 7 19 1 212 330
4 38 21 5 413 474
17 83 14 5 468 738
89 93 20 1 379 444
9 60 6 7 388 627
47 1 11 1 444 677
35 27 8 2 657 738
23 17 9 5 292 492
14 25 5 1 433 730
19 74 24 1 416 666
66 39 13 3 538 764
94 68 14 6 362 577
36 16 28 1 361 604
75 46 16 6 245 418
68 76 11 3 444 610
81 92 10 3 421 549
31 36 27 5 632 774
94 5 20 1 323 609
68 4 20 3 342 418
96 22 25 6 597 787
23 51 19 1 426 527
83 29 9 6 249 439
81 73 6 1 377 478
90 9 22 1 245 323
50 8 28 6 277 430
66 97 14 4 569 777
24 62 20 2 321 462
91 7 26 3 216 453
60 54 14 6 262 373
11 40 24 6 303 430
64 12 7 2 625 776
80 43 16 3 519 768
73 96 21 1 384 576
79 83 20 6 275 452
69 57 10 5 650 793
80 41 14 3 360 463
26 92 27 4 560 629
17 43 13 2 240 456
83 10 5 1 567 629
91 41 12 2 427 534
99 74 9 3 210 287
9 88 5 2 409 607
73 1 21 2 228 520
32 84 7 3 607 716
35 6 11 7 521 610
55 88 26 4 220 397
60 64 26 3 550 783
46 96 18 1 285 449
60 94 29 7 265 464
85 27 28 5 397 617
76 24 11 6 371 474
25 56 24 6 301 584
88 22 6 3 527 789
61 4 23 1 500 592
75 51 8 7 370 461
11 82 29 2 273 455
43 61 27 1 332 535
36 36 7 2 416 618
3 62 18 5 504 770
6 27 9 7 541 693
52 32 11 6 583 782
92 47 25 6 389 553
63 32 16 1 625 686
51 14 22 3 467 729
86 52 11 2 572 647
18 100 24 6 338 448
98 98 9 3 349 481
4 1 14 6 357 559
30 95 5 4 319 503
61 64 16 2 203 492
61 99 14 5 406 508
39 99 17 6 681 793
25 43 24 6 348 538
72 100 25 5 375 581
1 95 20 1 298 552
31 34 9 6 482 560
93 39 18 3 433 505
13 82 14 4 579 712
92 79 6 1 274 507
54 3 23 5 638 722
42 54 7 3 654 734
9 94 16 1 508 648
36 41 12 6 307 473
27 15 11 2 381 602
67 7 7 1 345 420
91 40 18 6 333 614
8 51 14 6 471 583
23 61 19 4 282 414
42 85 9 6 575 771
36 11 8 5 306 501
60 42 17 4 513 653
52 44 16 5 503 576
74 36 30 3 376 541
5 10 29 6 310 576
16 9 8 3 423 607
11 33 7 1 267 459
89 55 16 7 626 787
81 57 11 1 643 742
7 48 13 6 672 736
44 72 19 5 692 755
95 6 6 2 259 342
62 9 29 5 230 332
56 78 5 4 570 683
98 34 7 1 313 431
73 49 25 5 536 782
24 84 13 2 614 790
71 60 29 2 595 764
67 21 30 5 492 745
47 23 26 6 247 325
13 85 18 1 504 668
95 7 28 4 274 480
77 98 9 7 519 731
9 40 29 3 310 410
72 13 30 5 384 540
68 84 22 1 603 777
39 78 14 4 398 535
15 4 12 3 303 477
24 70 22 7 491 682
73 88 21 7 426 724
10 10 18 7 377 480
16 81 19 1 283 583
47 0 13 7 333 621
25 47 16 4 308 581
53 66 20 2 317 550
53 83 13 6 536 719
12 9 18 3 521 772
53 97 6 3 351 570
98 18 16 1 338 630
69 51 23 2 219 476
55 5 9 2 421 549
0 46 10 4 410 685
94 19 24 7 478 549
35 94 27 7 230 317
89 71 18 6 219 448
57 72 29 5 200 314
53 23 11 3 500 739
94 24 28 6 686 777
8 81 13 7 473 705
26 3 25 6 377 514
39 22 19 4 321 391
75 25 20 7 488 690
82 42 29 6 646 721
67 40 22 5 549 621
23 94 21 2 528 792
59 45 14 6 327 571
70 20 14 4 371 436
47 40 25 2 483 701
62 47 26 3 228 513
22 57 5 4 640 792
13 33 25 1 405 499
56 43 15 3 404 486
24 36 12 1 493 722
1 51 26 5 239 377
21 70 18 3 397 536
5 68 14 5 380 471
40 44 16 5 350 419
14 89 8 2 300 370
12 0 15 1 317 603
2 37 6 6 518 672
2 50 7 1 495 653
64 90 14 4 250 449
14 87 14 7 335 397
1 29 9 5 353 458
44 2 25 5 387 502
50 92 21 1 514 611
95 96 28 7 544 721
2 73 16 3 649 751
46 91 15 6 264 331
75 66 26 5 262 470
65 40 22 7 325 554
67 49 15 3 524 761
31 96 23 3 513 633
69 13 15 1 430 525
75 89 19 1 373 630
10 28 28 3 342 583
18 28 9 5 385 669
6 40 24 5 634 758
54 81 10 4 510 676
36 68 8 4 647 768
36 95 16 2 424 633
25 64 28 4 485 695
73 9 28 2 448 562
86 45 7 6 213 479
52 76 25 6 467 671
98 19 19 4 472 576
12 62 11 4 568 796
59 43 6 4 488 762
26 88 25 7 500 603
5 89 8 6 244 526
83 20 21 1 480 691
42 93 6 5 650 747
70 39 6 2 325 387
32 59 5 2 417 603
36 20 10 1 434 554
50 75 23 3 569 705
0 25 20 2 390 653
25 5 9 2 521 674
46 33 23 6 355 566
43 40 17 4 299 574
74 82 19 5 531 668
54 86 30 5 472 718
0 64 8 3 200 376
41 14 22 2 204 285
53 31 7 7 550 768
14 41 20 3 411 569
100 71 29 1 212 425
38 40 16 2 200 341
39 20 23 5 461 761
18 37 14 5 208 314
62 30 21 6 539 754
21 15 24 1 224 415
100 33 5 1 492 791
98 71 21 1 543 711
59 90 30 5 267 521
72 15 12 2 249 488
91 45 20 7 629 729
9 97 14 3 320 607
35 60 7 5 564 793
39 96 10 1 315 382
72 32 24 5 372 642
47 72 5 4 206 399
7 44 7 3 211 493
13 0 25 3 305 424
62 45 8 5 664 772
0 55 20 5 394 661
83 71 29 2 357 598
11 10 27 7 235 435
22 77 24 2 613 687
16 90 15 6 573 733
4 4 7 1 270 388
37 84 10 2 431 727
38 14 23 4 321 484
52 50 10 4 382 479
14 33 9 3 477 621
98 80 12 1 677 794
1 100 8 5 550 707
52 45 18 3 452 607
25 66 27 2 514 593
79 66 6 5 532 648
82 3 26 1 214 387
9 91 26 6 665 775
21 18 16 7 328 452
65 86 29 1 377 607
7 14 14 7 252 466
38 9 18 3 360 621
85 39 5 2 206 345
22 81 16 2 281 452
22 47 30 1 453 516
63 4 8 2 478 665
93 43 26 5 263 540
35 30 23 5 285 435
32 22 15 2 451 620
76 36 30 5 268 349
37 14 17 6 508 757
49 1 23 6 205 423
57 83 6 6 529 788
93 37 11 2 576 749
30 54 7 4 493 693
72 37 9 4 521 778
63 74 27 3 251 337
17 90 7 7 289 535
93 85 13 4 592 695
96 3 16 3 336 442
85 57 11 2 566 644
97 85 16 4 272 334
72 84 17 2 263 455
48 16 10 1 419 627
88 83 17 7 640 724
42 70 25 1 493 792
59 81 11 4 420 550
51 28 25 6 331 522
77 26 19 1 454 567
32 27 24 1 291 400
62 17 22 1 462 710
2 27 30 5 312 480
99 86 27 3 647 750
72 97 14 7 492 586
24 18 7 6 222 383
87 18 23 5 201 456
87 5 26 7 515 722
18 44 8 2 320 599
13 43 26 4 347 571
45 82 28 2 249 443
23 86 21 5 368 533
78 58 7 3 618 752
17 34 24 2 252 509
76 52 26 3 362 570
80 13 21 6 451 631
79 37 16 3 542 613
86 22 29 5 566 746
62 69 30 3 223 491
46 93 24 5 358 484
58 85 28 1 237 450
80 75 24 5 494 620
79 74 16 4 289 479
74 91 13 3 235 473
66 77 20 7 465 531
99 71 13 1 375 541
24 41 8 5 205 485
73 61 15 4 460 582
100 36 27 7 586 656
65 85 7 3 447 642
70 93 12 5 484 559
61 49 17 2 597 768
75 28 23 6 221 358
36 3 13 4 370 661
80 18 19 2 586 691
39 18 22 4 240 450
34 22 17 7 551 720
93 13 29 3 609 796
32 17 18 4 235 314
62 3 7 7 600 693
86 100 21 2 424 720
53 36 7 4 632 748
28 21 29 5 204 295
83 100 26 3 620 762
87 86 14 6 243 372
96 91 29 3 417 554
18 23 12 5 473 662
59 33 10 4 219 314
67 99 16 4 395 494
72 79 25 5 261 464
16 17 14 7 614 725
52 93 26 2 218 392
35 58 14 7 512 776
88 61 26 2 670 771
74 39 16 2 274 376
84 17 14 4 597 732
88 51 26 2 279 484
8 37 17 3 224 374
36 35 27 6 500 698
77 5 12 5 545 681
81 78 30 7 717 783
17 37 20 6 569 693
36 37 13 6 389 641
32 70 28 7 456 620
60 86 7 7 435 672
61 47 29 6 541 745
10 50 20 4 506 579
2 98 10 7 301 521
29 42 7 3 316 539
94 66 21 6 318 421
63 99 10 3 564 786
74 38 18 2 483 682
27 69 24 7 637 784
14 54 21 5 422 545
54 88 14 2 325 531
57 17 9 3 490 726
86 62 18 2 303 389
43 35 19 5 643 765
96 82 16 3 558 620
79 10 25 7 452 634
15 46 17 3 526 641
21 73 19 2 207 492
97 68 16 3 420 543
82 11 11 3 494 648
32 80 25 6 501 696
79 38 29 5 522 679
63 58 10 4 207 301
43 86 24 1 200 446
77 82 23 4 290 481
0 83 24 3 553 628
40 37 29 1 405 669
48 72 5 2 438 578
49 86 28 5 556 623
53 85 20 3 634 787
83 45 14 5 532 756
77 40 22 1 496 654
99 78 13 3 413 709
94 7 7 3 313 573
60 32 23 1 281 564
98 9 8 1 303 583
77 49 12 2 634 757
89 33 24 2 620 697
43 97 15 1 278 532
35 95 10 2 284 368
8 54 20 7 442 644
79 41 21 1 204 340
55 13 7 4 255 479
12 80 28 6 530 761
88 90 14 5 420 718
62 2 25 3 649 790
91 4 7 1 549 694
85 35 17 3 462 629
92 87 23 7 518 694
20 85 8 1 526 702
32 43 19 1 298 435
54 73 24 5 631 725
9 41 24 2 424 610
12 55 17 7 279 552
5 24 18 5 653 728
72 96 30 3 500 774
34 70 22 5 611 776
59 25 29 4 251 473
13 25 13 2 407 574
61 40 5 1 364 496
80 93 10 7 654 782
29 78 12 7 504 762
14 3 7 6 527 759
45 19 19 7 211 442
22 52 5 2 449 514
52 65 17 6 371 505
98 3 21 6 360 425
26 5 30 5 465 706
68 39 21 2 517 736
82 64 19 7 396 506
21 74 27 5 557 668
64 70 12 4 647 771
80 90 30 6 290 531
76 72 12 2 612 709
71 85 25 3 208 444
53 89 25 3 236 411
32 14 25 3 508 756
86 37 10 2 583 700
100 0 27 7 532 778
35 72 6 2 290 502
63 66 29 4 472 617
93 80 21 3 490 707
85 18 9 2 370 584
27 67 14 5 513 618
98 88 27 3 609 797
94 74 28 7 394 508
91 10 23 7 414 551
72 95 5 3 364 516
14 40 26 7 429 628
42 75 30 7 470 711
74 63 26 2 468 732
48 99 12 6 322 489
62 51 25 6 584 732
34 67 8 7 520 612
14 17 29 3 563 750
60 4 6 1 520 784
40 51 16 6 504 572
3 22 12 1 262 380
99 63 19 3 268 564
76 51 12 3 707 787
81 16 17 7 518 747
99 18 13 3 293 353
46 82 8 5 409 700
41 17 21 2 211 357
30 35 23 7 311 380
89 64 7 5 458 588
81 74 10 5 233 356
89 15 19 7 626 740
75 76 15 7 216 322
94 49 15 4 532 753
76 13 12 7 555 675
31 72 24 5 502 703
93 45 17 6 670 771
41 73 29 2 634 746
29 64 14 1 442 619
20 14 29 7 357 460
53 90 12 3 394 460
33 63 30 2 406 525
98 64 14 1 612 758
5 41 8 5 380 646
35 74 15 7 271 500
50 88 14 4 424 529
51 45 23 4 447 636
84 34 18 5 540 613
87 1 30 3 459 757
49 22 10 5 289 589
73 15 26 2 425 676
79 2 25 5 371 479
70 17 8 1 471 770
1 0 22 1 337 562
71 7 24 4 256 470
14 34 26 5 326 393
18 49 12 2 548 630
37 46 9 1 399 479
13 39 15 1 403 656
93 8 30 5 318 604
81 34 25 6 346 546
48 30 25 3 478 613
41 0 12 5 652 718
80 7 6 1 427 575
53 70 19 2 581 758
42 73 8 2 305 605
94 91 8 2 615 740
96 57 23 4 305 383
68 42 6 1 681 769
44 83 13 1 541 731
23 76 18 7 270 497
53 4 21 7 453 677
72 74 24 5 464 550
35 46 5 3 498 668
75 14 20 4 417 686
79 6 7 7 650 770
94 97 23 1 548 713
26 9 24 6 224 366
63 49 5 7 375 523
34 59 16 4 306 463
67 27 27 3 368 430
89 91 19 6 407 652
1 14 7 4 488 568
4 21 11 6 307 435
70 46 7 5 727 791
3 96 17 1 355 637
8 89 24 4 364 479
69 82 6 6 269 503
93 15 12 7 217 309
20 61 13 1 515 784
75 64 28 1 430 578
28 16 27 6 544 641
93 58 9 1 531 670
90 13 26 2 542 759
19 68 29 4 239 494
22 51 24 1 603 723
58 95 21 5 311 539
63 44 24 6 534 778
73 87 21 7 325 476
83 75 7 6 614 691
65 11 26 6 403 620
87 65 12 6 361 642
32 11 16 5 297 384
34 81 18 7 604 790
47 73 27 4 541 606
24 63 29 2 660 729
14 46 13 6 370 537
99 99 28 3 265 329
11 38 15 2 232 388
92 86 21 3 541 691
43 54 14 5 485 686
42 33 22 2 592 762
45 54 12 5 467 744
19 0 9 1 282 352
31 17 28 1 536 719
68 56 17 1 637 772
67 88 27 5 322 525
59 77 5 3 295 409
92 80 9 1 246 307
37 59 10 3 701 794
41 100 21 7 407 659
12 16 27 1 298 382
75 4 12 5 511 766
8 34 18 4 388 651
93 36 30 4 429 529
59 82 24 5 577 681
63 93 8 7 356 434
40 11 12 7 452 713
77 25 5 2 206 306
97 71 26 2 292 505
15 47 5 5 257 337
30 88 28 3 313 480
14 23 25 6 378 489
25 48 11 1 512 728
17 55 17 3 415 518
42 52 15 7 440 507
57 21 22 6 645 787
16 7 23 2 261 485
9 87 13 7 262 514
42 25 9 7 556 747
77 61 26 3 368 635
35 56 15 7 262 363
24 85 22 5 453 605
51 31 12 6 604 780
29 96 29 3 200 337
17 72 16 3 606 771
65 58 10 4 269 368
6 16 19 4 400 578
95 36 12 7 603 773
75 15 7 4 271 398
79 96 17 2 366 632
53 86 17 2 324 555
79 73 11 2 314 410
1 10 10 1 207 507
40 85 9 4 355 531
81 93 30 7 594 699
32 16 29 6 571 786
54 0 25 3 345 502
4 99 17 6 464 723
1 49 11 3 489 551
31 79 28 5 496 777
2 32 25 5 338 505
62 23 18 2 547 710
99 15 15 3 534 639
78 32 7 2 585 741
83 87 28 3 665 782
35 84 10 4 498 783
93 26 26 4 285 418
13 15 19 4 203 305
82 18 28 3 411 678
54 16 22 6 472 746
74 62 7 4 373 492
20 49 27 4 610 736
28 48 22 6 557 752
67 94 26 1 376 449
78 16 17 6 309 381
83 59 30 2 283 406
30 8 14 6 233 460
97 83 26 5 446 632
59 68 6 5 427 527
87 55 7 4 347 643
75 37 7 4 638 703
77 8 29 2 289 373
7 59 22 1 617 787
13 97 21 5 553 761
21 10 18 5 311 556
85 26 16 4 395 572
69 2 7 7 366 621
56 77 20 3 351 451
73 29 20 2 647 756
29 3 24 1 202 453
1 4 6 1 562 724
8 7 9 5 411 529
38 6 7 1 344 462
50 18 26 3 605 714
32 36 10 4 209 453
76 73 8 5 311 595
28 7 7 5 202 426
99 57 23 4 336 549
46 90 23 3 480 547
49 26 5 7 437 503
40 10 14 1 287 357
21 52 16 6 315 401
62 38 10 1 278 564
63 10 20 5 470 609
64 4 16 1 294 420
61 22 23 7 255 394
29 19 20 3 529 671
81 71 22 1 667 728
51 77 16 3 689 770
10 45 6 4 227 303
94 88 17 4 205 504
84 16 5 7 611 678
19 71 24 6 585 677
67 65 11 5 473 728
92 65 10 4 491 632
69 90 6 6 232 475
35 40 29 2 430 670
28 22 27 1 706 779
37 69 11 2 399 544
32 9 19 2 362 530
78 18 13 4 302 537
98 61 5 6 302 453
73 8 11 3 604 780
14 61 25 4 476 769
39 70 22 3 270 351
56 39 17 2 317 543
53 12 20 7 212 287
26 38 9 5 589 681
87 44 14 2 467 710
48 98 25 4 438 698
93 38 5 5 554 647
88 56 11 6 376 544
39 43 22 2 311 438
19 54 22 3 450 523
17 57 25 6 554 772
21 30 6 5 352 627
29 20 29 7 338 412
88 4 7 2 446 544
73 81 26 3 408 513
67 71 25 5 448 658
24 51 19 7 301 509
15 72 26 5 550 624
53 100 26 4 424 632
37 20 7 2 473 609
49 91 18 5 346 493
21 64 15 3 606 686
81 4 9 6 340 437
18 26 10 2 475 710
14 91 21 4 283 424
93 57 6 6 411 626
18 15 14 5 423 698
64 8 19 6 250 375
71 100 28 3 443 514
73 3 28 2 299 490
21 5 23 6 374 527
69 81 22 4 252 340
35 48 19 6 215 325
90 1 5 2 521 614
66 54 16 3 462 601
40 8 21 5 400 579
69 58 15 3 260 330
11 6 17 1 398 473
91 100 30 4 415 656
28 89 19 7 432 544
36 32 12 2 233 380
90 47 29 4 508 718
46 28 14 6 460 741
62 34 26 6 502 781
41 87 10 6 493 568
24 1 28 2 508 723
20 39 26 4 272 402
36 87 29 6 338 634
8 100 10 7 388 458
88 30 17 6 264 394
17 82 17 4 314 581
72 49 28 1 233 512
43 89 22 7 347 513
70 60 24 2 478 561
29 75 7 6 258 482
81 28 23 3 408 605
83 84 10 3 200 481
4 72 6 7 677 782
35 53 11 5 466 638
93 27 16 1 210 457
34 21 16 7 485 611
45 26 19 6 535 595
33 18 14 3 705 766
86 25 8 6 421 600
84 36 27 6 482 771
26 75 21 3 554 703
37 66 12 1 360 652
94 45 8 1 377 627
52 52 8 5 357 620
58 19 5 4 464 758
5 43 7 7 612 748
81 5 24 3 344 507
26 97 19 1 475 648
85 70 16 1 686 757
74 14 13 7 457 537
15 50 30 1 606 667
18 68 15 2 355 456
79 52 9 4 423 631
96 61 22 1 534 668
2 90 18 7 230 456
90 72 15 5 636 733
43 25 30 5 425 501
16 6 15 4 419 544
80 30 5 2 328 504
64 83 25 6 314 376
97 13 23 5 409 676
1 50 11 1 485 623
39 57 29 3 508 729
45 25 26 7 343 520
15 52 5 1 296 576
78 77 15 7 539 675
43 62 12 5 204 358
84 50 18 1 536 764
41 50 28 5 241 499
16 26 26 4 641 715
3 28 8 6 433 530
12 28 10 5 667 748
66 20 13 6 334 604
3 85 24 5 420 611
66 95 19 3 439 628
28 19 21 6 207 325
26 54 13 2 498 785
44 14 19 3 260 514
47 52 16 7 614 768
27 32 7 5 542 642
38 31 15 7 453 674
25 89 16 1 390 567
4 66 15 5 552 767
79 80 25 7 369 641
77 12 21 4 244 515
3 51 16 7 605 676
11 11 15 6 471 757
95 38 23 2 490 624
85 11 11 2 303 408
10 32 10 5 295 407
3 36 27 2 549 639
61 7 18 6 280 461
11 100 22 5 371 525
38 27 22 2 259 434
43 76 8 1 348 509
70 59 5 7 412 489
11 59 28 3 277 367
62 97 5 1 243 402
30 47 7 2 341 618
31 57 8 4 352 522
37 18 5 5 480 643
53 77 5 1 378 561
75 39 7 3 521 727
77 6 24 4 216 405
75 35 10 3 278 412
68 92 12 5 597 703
26 48 29 5 283 448
25 36 28 1 258 478
8 43 22 3 212 362
68 40 12 1 454 739
83 4 5 7 663 784
88 53 10 5 229 317
24 93 5 2 356 656
23 19 29 4 214 326
28 3 9 1 438 505
17 68 16 4 422 655
24 97 30 7 464 685
41 48 29 2 461 577
6 51 10 2 428 509
83 73 25 4 593 795
14 58 6 3 448 561
9 15 13 4 422 555
27 17 23 6 338 526
91 17 11 7 240 462
44 41 23 2 359 454
37 2 15 1 386 640
19 28 27 3 437 617
41 53 17 7 352 431
62 70 18 5 249 377
15 68 22 1 213 344
52 98 22 4 368 554
37 26 15 7 345 429
9 7 26 4 404 636
19 67 11 1 652 747
41 37 25 6 211 375
29 11 5 6 495 659
3 81 14 6 210 292
86 4 30 6 578 664
40 24 28 5 607 786
48 34 25 7 222 320
12 97 17 5 483 703
85 59 27 2 529 647
76 37 16 3 475 721
8 32 21 6 467 718
13 31 9 2 287 442
65 79 13 7 588 787
99 27 5 6 497 558
58 33 6 4 586 797
7 82 29 5 550 636
46 98 27 6 562 722
79 82 7 6 444 612
21 50 11 1 458 751
29 60 17 7 211 327
3 64 30 3 493 749
91 30 25 6 294 354
14 12 28 2 471 669
84 55 9 6 556 760
77 32 20 5 342 481
35 21 26 7 564 629
67 9 13 6 490 790
67 20 28 4 261 517
22 69 14 7 432 703
94 65 11 4 473 586
50 83 19 1 280 464
81 66 26 5 390 602
43 21 13 7 557 693
100 54 6 7 423 649
11 46 13 1 478 685
39 6 16 4 432 543
20 88 13 5 490 554
37 22 8 2 625 709
85 61 6 7 200 412
34 100 7 5 428 552
27 40 27 3 615 781
42 90 14 4 287 407
58 98 26 2 308 452
75 26 24 2 571 676
22 53 14 1 557 797
45 23 25 6 424 566
3 97 20 3 402 553
75 71 10 6 378 455
98 82 22 3 378 582
99 51 17 5 389 480
21 3 19 6 295 474
92 55 28 1 380 626
64 86 14 4 364 529
82 22 25 7 624 731
90 94 23 5 221 430
16 100 5 6 431 669
47 100 5 5 378 560
4 88 27 5 574 674
62 88 17 4 599 684
6 65 24 4 425 510
70 32 7 7 258 379
34 43 7 3 225 308
83 85 16 5 305 582
75 57 28 3 447 707
34 63 22 5 520 800
78 73 13 4 568 667
34 40 18 4 601 679
88 18 18 3 255 519
90 25 12 3 551 761
68 66 14 3 418 636
66 19 17 5 443 616
78 31 17 3 463 658
83 39 9 1 411 478
23 20 26 5 581 670
87 83 30 2 355 637
37 30 26 7 285 539
31 99 24 3 469 652
84 99 19 5 276 430
97 9 10 2 668 731
69 9 14 7 549 637
34 64 27 1 540 650
32 6 8 1 378 547
41 69 16 7 565 780
16 43 18 2 204 323
75 55 23 7 459 533
20 2 21 2 514 679
82 16 20 3 327 509
82 35 11 1 333 401
69 25 19 7 415 666
60 1 22 4 532 777
48 41 11 6 265 501
69 21 7 2 317 505
39 7 24 4 284 524
50 7 26 7 690 787
64 47 19 3 388 605
0 61 7 3 473 662
22 10 8 5 512 662
85 46 8 5 466 584
52 73 22 1 363 539
94 35 9 3 431 518
17 31 28 7 305 410
45 43 12 5 508 586
60 2 14 2 532 646
97 8 7 1 308 421
8 58 25 7 508 642
47 66 5 5 394 462
33 0 10 7 664 762
36 46 23 2 552 742
11 31 8 1 285 383
65 30 12 4 285 369
2 10 7 1 392 474
39 50 7 5 428 628
41 28 19 7 202 327
5 56 30 3 570 725
42 49 24 3 382 604
26 14 20 2 297 361
40 98 17 4 377 633
38 30 28 4 458 610
3 50 8 2 260 330
15 28 13 1 613 692
27 80 19 4 306 445
19 6 10 6 433 725
74 79 18 7 451 726
17 2 17 3 212 348
1 43 24 6 288 355
43 79 13 3 459 659
69 97 27 4 393 485
78 27 16 2 610 739
5 82 5 1 247 433
91 15 15 6 450 617
81 6 18 4 720 788
80 60 17 3 538 727
86 51 13 5 471 699
63 86 23 7 352 554
27 10 23 2 239 457
60 14 16 6 262 453
15 80 11 6 390 664
37 54 17 7 213 387
41 13 29 1 237 439
69 30 21 6 497 573
74 78 9 2 215 373
71 18 9 1 293 377
10 26 28 1 386 569
70 56 22 2 680 776
92 8 10 7 213 385
78 29 20 4 270 456
80 71 5 1 397 475
90 3 15 6 307 472
88 95 7 4 225 334
70 73 28 3 554 788
71 89 7 1 492 679
81 10 5 3 656 756
9 70 14 4 307 603
37 3 12 3 412 508
77 16 7 7 501 612
7 96 25 1 486 752
96 46 19 5 339 559
28 39 6 5 379 677
82 28 6 6 437 499
69 28 20 7 327 435
91 22 5 2 486 782
62 42 8 5 474 741
85 9 17 5 621 758
51 13 18 1 476 682
71 9 24 6 321 386
79 58 28 4 537 650
62 39 29 2 267 523
32 21 20 2 299 359
63 75 25 1 322 553
75 9 17 6 448 560
79 42 16 6 464 682
12 67 8 3 362 569
33 82 26 5 655 720
6 2 17 4 524 738
42 46 27 4 306 546
20 73 27 7 637 708
85 77 7 5 320 412
36 89 27 3 336 421
41 64 9 5 627 763
5 75 12 1 376 633
94 72 14 4 347 415
20 12 10 1 317 377
4 9 17 4 269 356
77 80 27 1 301 416
67 55 15 7 654 774
82 70 6 7 505 575
76 10 18 6 326 437
3 78 14 3 255 381
72 98 29 3 523 728
59 42 30 3 474 580
12 57 18 1 594 743
7 4 29 7 223 496
16 29 14 5 685 782
76 44 14 2 420 537
54 78 8 4 531 626
28 95 12 3 291 383
52 97 10 7 454 660
67 95 22 3 413 642
88 38 9 2 447 540
38 24 13 6 264 428
15 94 11 2 259 504
47 19 10 7 242 445
19 5 10 1 373 587
98 35 30 2 509 717
83 76 24 5 291 402
9 56 26 4 446 672
2 100 20 3 594 718
76 81 22 1 237 318
68 5 11 2 482 627
32 42 11 3 368 535
47 31 26 1 607 718
33 66 9 5 375 508
66 50 27 7 316 536
97 92 25 4 335 477
13 36 23 7 380 446
77 47 30 1 597 716
100 64 7 2 674 762
61 55 17 6 605 742
60 78 14 2 540 770
29 27 18 4 329 516
96 9 7 6 556 640
29 80 25 5 412 518
24 91 29 2 517 625
55 16 30 7 223 490
76 85 16 4 513 595
44 80 12 2 675 760
69 68 13 3 292 492
10 62 20 6 301 365
35 76 14 5 439 514
67 15 30 2 485 783
91 3 6 5 288 476
0 58 13 2 234 370
43 26 29 7 308 493
96 72 11 1 683 746
57 91 22 6 420 556
80 35 25 4 222 365
39 76 15 5 280 523
2 24 19 6 339 608
68 86 15 3 493 559
34 12 11 4 337 625
100 30 6 5 226 421
93 78 30 5 382 586
53 5 15 4 307 561
76 17 6 6 463 719
48 62 24 7 308 484
44 32 17 4 240 387
67 44 23 3 337 524
82 10 25 3 370 440
89 27 23 7 373 504
0 38 15 6 230 440
13 76 16 2 399 608
39 72 18 4 375 465
63 87 11 5 448 592
85 81 17 7 242 345
96 94 24 6 272 538
55 65 18 6 713 776
96 65 15 1 556 798
78 91 23 5 278 462
94 48 8 1 539 772
21 29 17 2 232 458
31 98 14 6 490 752
55 76 10 5 433 667
56 79 7 6 249 426
4 15 29 3 292 508
17 44 7 7 235 375
72 53 20 1 413 546
15 83 12 6 479 744
26 22 20 2 642 738
66 71 14 5 428 502
9 61 8 7 377 490
65 70 17 5 251 317
51 25 26 7 403 581
7 87 7 1 217 486
53 96 21 3 620 794
69 10 30 2 286 417
35 61 13 2 497 560
0 79 20 4 350 470
81 61 13 7 224 313
54 15 26 2 399 534
66 81 19 4 551 674
65 82 8 5 391 497
82 6 26 7 232 420
57 12 21 7 379 666
60 82 20 7 454 588
76 15 27 3 524 754
20 25 22 3 294 514
20 63 29 3 451 735
75 1 6 3 249 472
61 17 15 2 229 505
82 56 14 3 500 611
12 13 20 3 617 799
31 12 9 3 438 584
54 19 10 7 229 416
73 17 26 6 349 569
40 23 18 1 622 781
2 97 28 2 570 698
24 66 8 5 550 707
71 24 27 7 331 417
80 38 22 5 346 620
15 82 10 6 553 667
11 22 10 5 260 336
58 99 12 5 273 533
25 23 15 3 218 389
0 13 27 1 268 481
73 52 19 5 571 636
61 1 17 3 403 671
80 22 19 5 341 433
64 34 8 5 417 672
80 86 14 5 354 531
75 29 23 3 210 343
36 9 11 5 517 723
25 11 30 3 256 333
75 17 29 7 273 432
65 1 7 4 554 765
6 6 28 4 357 503
58 34 9 3 414 577
11 27 28 5 501 587
69 94 25 1 691 797
93 55 5 2 336 524
73 90 5 6 370 589
21 57 22 2 533 599
25 59 23 5 369 447
23 11 6 7 603 746
69 80 21 2 226 392
78 65 7 3 205 444
87 84 6 1 538 618
48 10 30 7 223 330
12 74 6 7 575 665
33 7 12 5 285 379
64 58 14 7 254 379
10 83 13 5 237 353
42 1 12 3 219 399
96 79 11 2 322 486
73 99 11 4 417 624
44 15 15 2 227 461
46 100 15 2 443 607
13 2 5 6 426 533
75 19 26 6 474 762
14 13 24 2 532 679
13 94 17 2 312 555
54 79 23 3 238 389
58 100 8 6 346 637
74 11 8 5 487 722
38 10 9 5 673 783
34 18 30 5 615 785
76 1 9 6 425 582
28 17 25 6 371 617
5 35 27 5 341 546
13 20 8 2 413 620
58 91 21 2 350 529
10 87 6 7 422 593
11 28 27 5 568 741
17 97 19 3 277 550
75 86 20 3 231 335
3 55 17 7 401 558
71 6 28 6 370 570
24 98 10 1 486 641
6 9 29 1 343 613
65 80 16 4 507 778
61 87 15 4 565 707
82 39 20 2 570 791
15 37 26 5 376 473
63 88 14 3 481 661
64 32 21 4 450 635
10 5 7 3 458 698
88 79 15 6 415 574
18 60 14 7 574 731
67 70 10 2 275 517
61 65 23 1 306 577
43 75 17 5 401 660
36 8 22 6 207 436
30 89 17 2 278 557
36 79 16 3 569 784
76 87 15 5 353 548
52 99 21 6 622 778
86 64 22 5 381 461
51 67 22 4 235 531
81 53 23 4 428 626
63 53 18 7 638 778
57 22 5 6 282 489
60 85 14 4 535 683
40 66 29 7 487 701
56 76 14 2 619 686
3 53 13 6 206 445
38 70 17 1 292 504
74 1 27 4 667 789
25 83 24 1 573 717
93 96 28 6 329 554
16 50 25 7 577 705
99 50 13 1 577 719
96 30 29 1 440 614
51 78 15 4 323 553
92 63 12 4 499 794
93 3 23 2 369 656
34 50 7 5 408 608
55 51 8 2 512 736
88 67 26 4 316 379
13 18 23 3 351 543
52 77 7 7 685 779
65 24 10 6 247 482
0 53 14 6 539 673
56 5 13 3 335 419
37 4 13 3 683 762
4 13 11 2 311 510
1 59 27 2 502 726
81 82 9 1 601 724
45 53 25 6 547 652
64 33 30 5 566 716
91 68 19 2 360 548
51 20 21 1 601 723
26 8 11 6 233 496
49 67 27 4 464 697
68 23 16 1 443 632
2 44 28 3 351 599
36 51 8 7 272 441
36 54 25 7 404 656
92 70 20 7 675 768
45 47 9 1 251 327
98 57 20 1 330 457
70 23 26 2 469 612
70 86 14 7 394 491
38 73 24 1 218 347
82 60 8 2 266 457
83 27 14 7 315 459
6 33 20 4 471 650
8 96 19 1 527 624
22 30 6 5 372 599
35 45 13 7 608 742
46 67 22 6 238 378
66 76 5 7 401 507
89 45 27 1 457 742
22 11 28 2 541 633
88 85 15 4 340 446
65 46 25 4 384 597
28 0 16 5 395 622
32 57 22 1 541 675
16 41 21 6 379 673
40 3 19 2 413 522
78 15 16 6 311 408
0 32 23 6 250 536
27 35 8 3 515 690
22 26 5 7 337 525
23 8 13 6 544 605
49 45 26 1 518 604
14 14 6 5 320 499
22 0 22 4 205 378
47 98 5 7 439 599
60 61 8 3 496 763
20 91 13 6 248 534
71 69 15 5 236 350
34 20 15 7 618 749
7 97 26 3 237 323
10 17 9 4 660 746
38 74 19 1 605 675
71 15 5 3 463 587
54 30 20 6 328 618
78 62 25 3 362 423
38 84 11 1 426 562
95 54 10 5 432 695
58 71 18 6 228 464
37 41 17 3 665 741
84 73 11 6 416 542
93 33 28 1 563 706
84 90 19 1 592 666
23 28 27 1 208 316
86 2 6 7 212 387
6 67 14 3 446 608
21 100 18 1 314 540
59 5 24 6 484 678
89 37 25 1 652 768
55 18 28 7 486 653
69 24 19 7 344 517
44 50 5 6 332 510
100 31 7 4 241 356
18 97 29 3 436 503
9 89 27 6 331 478
18 91 7 4 648 747
33 67 21 4 530 761
68 14 25 2 304 409
88 54 25 6 660 788
83 51 18 2 469 584
53 58 22 2 588 772
61 9 21 5 617 751
25 2 8 2 707 769
50 6 27 1 482 732
55 69 13 6 480 640
20 96 20 1 606 757
98 75 7 3 332 594
54 70 29 6 535 733
38 60 11 2 580 760
93 84 11 1 665 792
19 31 26 3 328 557
42 88 8 2 624 710
21 9 10 7 651 800
52 57 8 6 665 742
7 56 5 3 261 359
47 64 7 5 368 492
2 0 11 2 200 369
89 51 24 7 538 598
38 91 28 2 561 691
30 73 18 2 439 697
39 81 25 7 627 724
85 60 15 4 242 524
98 20 20 2 314 516
68 46 7 3 258 421
97 51 7 4 283 556
35 55 17 7 514 625
96 1 26 3 255 510
32 79 26 2 335 584
97 94 28 3 236 493
94 85 11 5 314 438
84 27 14 7 279 479
82 95 11 5 569 672
