1956
84 17 0 0 0 0
81 2 21 1 480 655
26 35 24 7 554 733
73 19 25 4 438 543
58 21 7 5 391 620
30 21 7 4 233 493
48 5 7 2 311 514
7 4 9 4 294 370
96 2 7 4 529 763
91 82 12 5 468 553
74 39 27 1 499 606
41 96 27 4 592 763
18 74 7 6 412 482
11 19 23 1 570 736
38 14 29 5 572 739
71 35 21 5 216 413
1 99 15 1 421 563
97 22 14 2 560 686
61 29 6 3 284 354
90 1 22 3 340 508
96 10 14 6 382 625
16 26 23 2 331 505
35 99 12 7 632 697
27 69 27 4 602 705
35 92 28 2 670 781
84 85 8 1 282 350
43 2 10 2 507 798
14 7 22 6 371 443
27 56 7 5 291 408
29 42 27 6 498 580
86 98 20 7 276 475
63 18 24 6 247 451
47 28 14 3 392 597
8 69 29 1 388 461
47 54 14 6 610 795
39 33 9 6 488 671
96 47 18 1 322 390
85 76 21 3 320 576
82 97 25 2 327 514
64 99 9 5 289 560
71 33 25 2 444 591
76 71 29 1 405 691
89 100 8 5 345 533
35 95 18 3 465 540
73 76 14 7 215 456
46 92 25 7 553 712
87 41 24 7 332 511
76 14 30 6 290 489
45 92 25 4 264 526
100 37 29 6 662 765
69 18 8 2 409 697
60 14 22 3 359 549
79 90 15 5 285 555
37 3 19 4 577 672
29 8 27 6 401 488
48 35 20 4 478 611
8 78 27 4 333 577
90 59 19 7 250 405
49 66 6 4 378 638
71 65 11 1 653 769
67 23 18 7 438 582
28 91 21 4 394 674
27 75 28 4 285 458
47 16 14 5 451 536
49 49 5 6 430 502
58 92 8 1 405 629
10 89 8 4 713 800
99 95 30 3 507 725
76 73 15 7 334 545
25 7 12 6 610 715
64 3 15 6 553 782
28 80 7 4 415 654
84 28 15 4 442 628
26 98 20 7 286 559
28 30 29 1 242 530
22 88 20 5 495 571
80 16 7 2 301 411
100 89 12 3 355 417
13 17 28 2 342 477
95 16 28 2 695 767
69 14 24 2 431 580
8 41 18 1 236 504
73 10 13 6 411 496
49 93 11 2 466 587
32 6 6 3 262 397
30 10 14 5 597 721
91 11 21 6 320 428
59 65 15 5 429 521
33 13 11 6 567 770
21 40 11 2 454 649
32 94 16 6 223 432
25 14 26 3 228 477
20 90 10 7 390 471
3 69 6 3 466 639
19 43 23 5 456 526
1 71 8 4 358 626
22 59 26 1 337 505
40 49 14 3 490 775
18 4 20 4 257 469
10 7 26 2 487 729
9 33 25 1 416 549
13 52 18 1 218 390
28 73 24 6 257 483
7 2 14 4 391 456
10 37 20 2 313 604
21 45 16 1 222 347
9 60 6 4 473 569
0 76 28 2 318 564
82 77 29 1 618 753
96 53 20 1 561 650
60 11 27 1 338 563
63 52 7 4 425 523
47 11 14 1 624 733
68 68 10 1 544 638
39 59 21 2 393 556
87 78 27 5 364 509
32 8 11 1 395 473
76 11 10 2 342 419
41 24 30 5 494 607
14 78 8 2 477 543
8 89 24 5 459 689
74 42 5 6 710 781
28 88 24 7 276 566
6 17 14 3 331 582
3 65 13 6 447 620
18 39 24 2 235 461
45 49 8 2 206 300
21 26 5 2 329 514
83 14 26 5 205 505
21 39 16 1 674 757
71 31 8 4 283 488
88 100 9 3 432 580
71 46 12 2 224 332
28 19 15 6 683 774
33 89 25 3 350 461
25 22 27 7 462 542
17 3 26 2 396 480
62 18 6 1 447 620
88 91 23 3 219 410
65 22 15 3 579 643
17 36 17 2 264 520
26 49 5 5 473 675
83 52 18 2 324 553
55 31 19 1 434 519
11 1 12 6 532 709
74 91 6 1 226 525
79 29 27 2 253 495
5 43 12 6 380 632
6 27 5 3 443 658
78 45 13 2 392 554
71 34 14 6 377 441
21 44 19 7 708 797
13 14 21 7 469 696
61 60 28 5 385 656
2 42 29 2 281 357
83 98 28 1 506 796
44 82 20 2 472 544
62 41 22 5 454 526
48 84 5 6 594 738
24 87 23 6 594 719
35 17 7 5 315 419
73 75 15 7 291 539
11 49 20 1 248 429
73 41 20 7 286 559
80 78 18 2 244 417
38 64 23 2 368 526
61 22 12 1 478 588
70 33 27 6 314 425
64 97 18 2 570 696
86 0 6 5 255 349
36 37 5 3 610 671
55 18 7 1 292 476
94 53 15 5 302 441
20 93 27 5 601 690
59 33 11 5 583 663
8 79 25 7 400 643
60 37 30 1 452 523
93 70 28 3 246 377
51 97 9 1 335 549
71 61 15 6 361 577
96 52 6 2 494 743
27 28 7 7 614 741
0 92 9 6 480 751
45 64 10 6 303 492
5 60 24 5 302 367
75 26 21 3 494 639
31 10 17 3 540 789
66 88 11 4 257 352
92 35 11 7 384 528
49 88 28 5 634 707
4 49 18 5 470 538
59 16 11 7 380 560
72 92 16 3 240 322
73 61 5 7 586 654
54 45 28 7 451 669
67 50 14 5 464 673
89 11 14 4 304 531
31 65 23 5 372 446
86 35 21 7 583 765
28 93 25 4 539 701
97 86 20 1 277 504
56 25 28 3 342 577
76 64 22 1 553 629
96 35 27 3 424 515
96 41 13 4 712 783
98 26 28 1 528 775
12 18 5 5 438 571
87 8 7 4 209 494
73 85 27 3 380 500
86 4 29 4 290 560
0 11 30 5 366 559
35 47 14 1 425 519
28 76 20 6 326 607
86 92 16 7 440 583
64 25 18 7 279 403
80 93 29 2 252 519
53 19 15 1 530 631
97 40 30 3 586 732
75 89 26 5 283 514
25 81 16 5 451 716
23 35 20 5 255 537
22 75 28 6 283 537
68 45 20 4 440 545
74 25 14 2 222 402
90 95 18 2 381 471
66 63 19 4 474 699
34 54 13 4 418 631
33 42 28 5 362 498
15 25 18 7 357 612
23 11 28 1 314 492
29 78 23 7 649 773
57 63 18 6 274 346
64 81 15 2 266 427
77 18 9 7 267 543
38 8 6 7 332 471
87 80 30 4 588 648
38 35 14 4 426 527
91 10 15 4 204 337
9 56 24 3 280 493
87 64 16 2 345 633
3 1 15 4 608 780
25 95 11 1 217 499
89 54 17 7 533 623
38 3 17 2 262 549
93 95 6 5 286 581
88 65 17 4 216 442
51 13 16 3 450 698
24 36 14 5 304 543
54 59 14 5 505 651
65 32 15 5 265 390
14 59 7 3 343 417
44 80 27 1 638 708
5 76 16 6 282 466
77 35 12 6 553 718
90 8 12 4 268 431
15 87 17 4 564 773
80 19 6 4 347 432
62 80 20 2 290 497
29 5 20 7 477 639
43 98 11 4 216 343
25 74 13 6 224 388
63 97 24 7 527 691
40 7 16 4 372 434
85 41 8 4 384 596
10 96 18 7 473 760
34 38 22 1 439 707
56 4 14 7 281 410
88 82 12 2 649 793
57 43 7 4 265 341
76 95 7 6 601 696
66 29 25 5 600 766
57 50 16 7 262 530
6 87 16 1 376 459
19 67 26 3 691 771
5 93 25 7 412 474
5 46 28 6 392 638
9 14 7 1 311 502
79 41 13 4 428 518
25 24 6 6 390 482
38 32 26 7 441 504
21 79 20 2 251 468
3 70 17 7 494 678
14 99 8 6 456 601
16 69 6 3 452 710
85 16 28 6 267 419
35 55 27 3 360 548
15 61 24 4 416 622
81 65 21 3 385 620
19 23 7 7 508 609
12 85 29 4 207 388
40 11 14 1 230 408
39 17 25 1 252 354
75 6 12 3 628 704
32 69 22 2 304 554
35 26 19 7 317 485
45 58 14 4 570 723
74 20 6 7 443 655
66 1 18 2 271 378
77 70 14 5 495 779
85 28 15 4 306 442
6 37 12 1 427 658
52 84 8 7 636 766
75 13 21 3 426 507
32 88 9 3 234 325
50 79 15 1 352 638
3 37 30 6 519 721
65 93 16 1 260 465
51 28 21 2 466 740
19 21 5 5 200 281
89 20 21 7 379 651
29 65 26 6 392 462
77 77 21 7 455 674
78 95 9 1 608 731
95 86 22 7 336 568
91 29 28 2 591 746
61 58 14 7 646 759
30 31 12 7 590 731
40 29 17 5 553 629
2 67 20 7 312 388
63 47 25 7 345 465
26 67 15 5 639 713
42 9 12 2 397 505
49 31 30 2 581 698
89 21 5 3 680 755
75 28 25 7 351 438
92 9 14 1 450 697
25 44 20 3 615 685
83 51 11 4 227 432
85 15 27 4 500 612
80 36 13 3 583 759
8 76 17 1 466 586
88 32 5 3 212 360
29 38 29 6 576 682
24 57 24 6 656 735
32 36 20 2 260 511
81 16 6 7 342 409
93 47 28 3 342 440
99 94 6 1 367 604
12 75 23 2 347 508
2 16 11 6 353 581
16 96 18 2 250 510
2 46 20 3 378 512
11 17 22 2 243 413
68 11 24 1 424 581
44 36 27 2 479 540
13 83 22 3 231 327
62 49 25 2 355 581
89 78 12 7 253 491
37 52 20 5 372 630
84 27 30 1 399 641
80 10 20 7 464 588
11 22 14 6 483 709
52 9 16 5 256 323
33 16 9 2 381 544
74 57 26 1 588 723
6 30 30 6 514 660
85 70 20 3 414 645
44 100 20 1 610 699
81 80 21 5 243 368
92 31 8 7 414 704
90 10 9 2 551 749
4 53 24 7 603 731
94 86 30 5 375 465
45 38 23 4 736 796
33 19 15 2 338 638
37 82 30 3 345 518
12 33 13 4 357 486
50 73 20 1 420 529
4 97 28 5 547 656
12 44 9 4 503 654
68 13 27 2 305 369
64 24 23 6 615 684
82 76 29 4 263 362
3 13 12 6 386 631
79 1 22 4 388 601
72 0 28 3 365 478
84 64 20 3 254 455
17 27 19 6 405 613
50 10 20 3 332 434
61 38 5 2 548 759
14 38 20 4 329 465
25 11 8 3 669 789
65 91 5 5 497 721
72 4 8 1 340 543
5 30 16 1 698 773
98 90 7 1 482 569
79 8 14 4 330 476
41 27 10 6 580 641
33 12 5 5 369 432
4 83 14 7 472 676
51 96 8 6 464 685
61 3 8 3 300 441
49 82 19 3 430 534
70 42 8 4 501 601
63 82 23 7 258 372
2 64 28 4 359 601
81 54 5 4 445 529
100 26 16 5 508 616
58 97 25 1 517 626
17 77 16 7 391 502
95 73 29 1 412 601
58 82 27 3 460 538
9 9 25 5 504 771
88 22 17 4 296 568
61 6 23 4 259 468
66 74 25 2 336 490
24 91 17 5 396 480
55 28 13 2 228 420
5 88 13 4 484 655
48 81 14 6 378 521
2 38 14 2 448 693
91 35 22 4 538 796
51 49 12 1 550 628
23 72 15 2 476 633
26 9 23 2 279 565
26 3 28 7 241 323
51 9 8 2 356 419
56 18 22 7 571 739
50 28 12 5 535 652
75 80 5 5 234 476
48 7 15 5 439 499
33 52 14 5 371 629
74 94 21 3 527 752
78 42 29 2 504 578
88 25 17 6 410 641
31 86 8 2 267 385
41 68 20 5 304 513
1 91 21 7 361 489
81 82 19 4 220 280
12 84 28 4 280 399
42 70 24 6 570 709
38 40 15 3 289 406
80 49 29 3 505 689
99 85 23 6 440 508
27 77 6 1 644 714
28 34 27 7 475 709
68 83 25 4 669 795
94 99 9 3 424 530
77 43 19 1 590 779
47 80 6 2 369 561
30 59 13 7 385 512
52 28 22 2 458 687
95 8 24 6 581 674
43 50 5 7 485 672
49 4 7 3 501 633
100 87 9 5 467 587
3 41 27 3 251 491
64 80 5 5 228 448
71 11 24 5 375 562
37 77 9 2 523 713
34 33 25 5 389 477
58 34 28 6 595 747
43 41 20 7 573 697
61 91 15 2 360 606
21 8 8 2 386 675
50 65 6 1 350 512
22 78 19 2 547 651
38 22 28 3 373 658
64 33 14 6 524 758
62 23 10 1 235 496
50 87 14 7 434 617
7 23 19 3 448 692
32 81 17 2 306 486
41 95 21 5 445 561
16 43 30 5 235 326
79 44 24 5 359 459
23 49 14 7 421 612
95 100 21 2 246 315
1 61 16 5 525 756
38 66 28 6 323 587
61 66 6 4 400 504
52 46 26 1 305 531
27 98 25 4 237 351
52 75 5 6 541 708
60 74 13 5 426 614
97 74 28 5 418 515
12 76 16 3 296 492
61 89 26 5 237 363
53 99 22 6 339 400
10 84 28 2 462 527
89 3 16 6 532 664
21 53 23 7 555 783
43 30 23 2 477 607
87 45 13 7 411 669
97 4 29 4 490 656
26 90 27 3 270 535
57 13 10 1 408 488
25 49 21 2 647 800
78 0 30 3 282 471
76 82 29 5 402 600
5 61 23 4 310 595
47 12 16 1 629 751
58 71 9 7 454 704
73 66 22 1 386 610
73 4 20 6 299 533
80 5 24 6 344 536
0 5 20 3 463 556
51 53 23 5 225 347
79 87 10 2 715 791
73 68 26 5 664 768
38 60 30 6 410 643
22 40 10 2 507 619
15 24 7 3 603 786
99 28 7 5 239 481
45 97 29 6 312 568
100 25 28 1 386 557
59 38 10 7 654 781
11 84 20 7 544 655
7 17 22 2 465 592
28 70 30 3 299 546
29 64 10 7 462 603
34 29 27 7 439 688
96 33 30 6 401 632
77 10 25 7 538 716
31 49 19 3 238 375
76 53 24 1 467 656
74 69 22 2 356 583
29 27 24 2 406 684
4 86 29 2 211 413
90 15 16 1 419 481
38 4 29 3 546 640
88 71 15 3 263 521
11 12 13 3 374 458
36 61 16 1 478 645
98 11 25 1 563 716
33 4 8 5 653 747
1 23 13 6 524 643
65 19 21 1 539 664
57 85 24 6 467 763
67 98 16 2 539 690
38 90 20 3 477 673
76 48 11 2 428 548
23 37 21 4 329 629
60 4 11 5 509 711
55 81 30 4 371 580
6 96 5 4 274 379
25 5 11 5 425 618
8 63 10 3 396 530
63 41 26 7 560 665
83 45 13 4 666 793
69 73 21 1 495 696
93 94 20 3 548 646
93 13 13 1 501 764
52 80 9 1 598 758
87 15 8 3 562 709
10 45 11 6 368 502
21 62 18 2 230 297
5 68 8 6 639 722
22 90 15 1 339 472
96 57 23 1 392 561
60 79 14 3 594 742
99 75 16 6 544 785
83 73 9 2 303 539
48 96 21 2 441 570
90 41 9 5 406 647
49 45 18 7 366 517
53 64 20 5 465 530
18 44 8 6 578 713
79 2 14 5 504 626
6 73 12 7 208 341
41 57 10 2 536 758
12 88 15 2 359 518
65 4 16 5 565 721
83 74 26 5 504 588
15 81 12 7 453 739
11 80 11 3 373 486
100 77 21 5 296 403
60 67 7 2 572 706
67 6 7 6 257 369
75 47 28 5 403 575
95 99 8 2 495 584
50 46 22 7 558 756
8 58 28 2 236 495
46 18 27 5 364 534
77 42 7 1 396 667
92 36 14 5 249 415
96 88 10 3 361 521
21 94 13 4 471 546
67 49 10 5 669 753
13 5 10 1 276 489
32 89 25 5 563 769
94 61 27 1 411 638
17 15 12 7 593 791
66 98 8 1 376 465
79 66 25 4 564 667
96 22 11 7 422 627
100 63 29 5 288 411
12 61 21 1 338 576
76 17 6 5 208 480
18 9 14 6 281 482
19 63 11 5 604 696
86 34 12 2 556 794
80 75 12 3 556 792
52 97 11 4 567 772
54 8 12 2 339 465
25 46 7 4 294 426
33 64 28 7 311 515
9 65 7 4 441 543
61 20 20 7 500 783
32 71 30 5 318 561
60 63 16 5 302 375
6 53 23 5 670 769
92 89 29 4 263 388
77 66 18 6 362 522
66 13 22 7 525 648
66 83 30 5 468 545
75 37 23 2 502 672
56 10 23 3 227 291
87 66 22 2 370 652
59 100 15 7 560 673
67 71 5 3 355 529
23 61 17 7 707 793
88 56 15 6 285 571
19 78 11 3 403 672
25 23 13 4 463 561
58 59 29 3 433 658
80 27 21 5 323 396
34 59 8 5 214 281
65 34 5 4 597 766
56 79 17 7 247 331
92 97 22 4 482 670
35 94 27 5 563 673
67 13 18 2 380 458
26 77 9 3 406 684
54 27 24 2 674 751
14 35 16 5 484 723
77 24 18 6 265 356
72 39 21 1 247 458
53 42 22 3 286 559
25 72 19 7 678 754
28 94 11 1 249 311
46 98 28 6 507 625
51 86 8 5 295 384
58 87 27 2 478 594
69 66 19 5 302 597
88 12 20 4 228 304
62 11 6 6 620 735
75 81 14 4 477 760
33 79 11 2 364 561
97 60 15 1 580 669
55 6 19 5 242 353
56 69 12 6 631 709
6 29 27 5 270 549
26 99 10 5 551 680
65 95 10 4 453 553
90 4 21 7 507 737
92 80 8 7 395 560
9 62 12 6 329 609
1 55 26 1 319 408
48 99 27 4 454 568
55 96 26 3 467 582
77 22 23 4 304 597
5 66 13 3 277 562
75 40 11 1 479 733
17 73 16 4 257 508
22 12 12 7 317 450
16 32 19 7 223 392
33 5 21 1 305 544
49 62 21 2 459 649
17 37 8 1 491 775
6 82 29 4 413 477
43 90 24 6 217 479
19 75 15 6 490 664
8 93 29 3 390 597
57 20 26 3 583 786
59 12 16 2 212 450
55 90 13 1 467 566
88 88 18 2 456 620
86 21 24 5 230 492
69 62 14 7 265 532
86 1 28 3 606 771
16 34 27 7 482 769
32 27 5 6 696 796
41 87 17 6 679 739
42 63 11 4 595 760
41 4 14 2 531 722
21 24 14 4 540 780
7 49 19 2 503 710
51 21 28 1 395 589
23 69 9 7 524 643
98 88 25 2 345 466
60 65 21 7 224 320
31 71 14 6 264 411
91 91 18 5 612 699
42 7 21 6 607 794
55 70 25 3 680 781
37 83 10 4 443 524
47 19 12 3 315 533
17 20 26 2 357 555
25 50 25 3 563 799
22 71 15 2 401 633
46 48 18 5 307 592
4 71 14 3 581 665
7 14 12 7 249 492
37 63 22 2 419 485
86 39 21 5 481 689
69 89 29 1 481 655
55 8 29 6 464 714
94 16 26 2 338 627
81 74 17 3 225 417
28 12 5 1 248 312
100 60 28 6 561 684
24 46 7 4 245 545
2 92 15 4 410 601
21 81 23 6 560 798
8 46 7 5 587 722
44 38 13 4 675 761
48 1 10 7 601 726
69 32 11 6 215 493
55 15 10 6 533 668
72 63 24 1 405 480
15 92 28 6 327 468
63 36 21 3 349 513
13 44 18 7 341 612
91 4 18 3 403 685
55 13 16 4 553 767
0 66 15 1 552 679
55 57 27 4 382 482
80 69 6 3 476 658
74 67 29 7 453 697
91 61 17 3 657 784
80 67 8 5 596 712
57 93 11 5 301 475
57 39 16 6 500 675
50 82 29 4 343 518
24 82 22 3 588 737
16 6 27 4 373 669
37 51 24 4 238 430
43 77 26 4 448 732
46 27 26 3 387 580
57 59 21 5 448 537
60 58 30 5 446 605
42 44 9 6 327 544
2 10 27 1 327 590
46 47 19 3 315 544
69 42 30 3 702 771
57 21 22 1 296 409
94 2 5 5 332 468
71 87 5 1 445 589
87 70 7 1 204 370
56 20 7 7 274 442
93 20 23 2 427 727
8 0 6 1 223 440
31 68 11 4 227 488
77 63 19 6 396 537
11 46 14 1 349 623
5 63 8 4 503 735
14 29 20 2 442 664
6 93 27 1 596 757
59 10 20 1 226 421
54 13 10 7 439 673
13 64 21 5 581 704
31 75 17 4 203 486
97 23 21 7 461 663
50 93 6 2 611 780
98 52 21 1 443 582
59 49 15 1 516 627
78 96 30 6 514 575
5 37 11 7 226 368
31 98 15 6 433 726
12 30 12 5 524 719
62 90 10 5 522 666
65 29 30 7 317 482
10 40 29 3 290 450
4 94 28 7 469 613
16 94 20 7 557 710
55 16 10 1 298 595
35 91 9 6 345 447
36 100 24 7 472 641
40 23 25 1 405 648
18 26 6 2 605 740
9 53 15 4 282 503
20 36 19 2 498 584
17 23 11 2 430 539
31 82 29 1 546 751
92 75 13 3 215 472
26 83 7 2 461 614
52 34 11 4 504 737
85 39 21 6 529 762
86 5 6 3 291 419
65 14 22 4 320 492
79 19 5 1 357 423
36 32 27 7 252 389
86 2 18 1 667 749
66 32 15 1 252 477
17 19 11 3 440 722
80 95 13 1 361 632
3 72 25 1 363 591
95 55 11 7 482 655
74 59 18 7 204 399
50 91 25 5 562 712
86 51 13 7 389 504
1 13 21 4 509 575
4 79 9 4 640 711
89 23 23 6 203 325
3 2 16 4 379 591
91 26 13 2 285 573
66 57 8 2 527 747
92 37 14 6 405 516
61 14 20 1 261 348
33 96 24 1 637 795
74 85 24 6 322 426
98 22 20 2 484 596
49 60 21 1 355 600
82 54 12 1 603 786
82 10 12 3 466 569
87 29 6 5 692 795
26 81 17 6 221 311
17 79 30 6 489 705
98 32 13 5 554 616
44 67 30 6 626 721
58 20 27 7 393 577
23 17 13 7 518 617
96 42 23 7 649 755
91 9 11 4 384 608
95 66 25 3 614 763
35 45 18 1 306 523
13 23 22 7 401 561
21 0 28 4 426 553
60 33 29 2 386 683
2 63 24 7 472 670
40 67 12 4 708 797
17 41 16 5 518 680
18 46 19 7 502 778
54 66 10 2 345 443
66 6 21 5 371 434
25 93 5 7 660 768
39 43 23 6 593 727
43 35 16 2 509 581
79 12 14 6 376 485
96 61 24 5 433 552
8 19 25 2 600 686
75 44 7 3 264 395
66 72 23 3 680 755
49 33 9 1 410 599
17 76 21 2 209 389
8 72 29 1 679 771
30 50 21 3 250 413
14 39 30 6 387 470
20 47 8 5 583 716
31 16 24 7 576 702
44 40 29 2 658 745
45 34 5 5 363 639
41 67 21 4 643 753
10 9 13 2 619 752
89 74 7 5 332 501
9 89 6 4 571 691
65 23 12 7 332 582
89 22 19 6 499 689
51 43 19 7 664 771
30 84 8 4 322 394
40 51 9 3 431 675
51 81 20 3 459 703
89 99 25 4 402 661
9 75 6 7 200 276
21 30 26 6 573 720
3 56 6 6 404 574
1 30 22 2 427 555
63 9 19 7 475 598
1 56 11 2 669 776
30 86 16 4 601 751
34 60 19 5 569 634
62 64 25 5 419 650
50 85 5 5 371 650
36 66 22 3 413 691
3 53 11 6 260 441
89 57 18 1 331 490
69 75 27 7 383 544
18 75 11 1 301 494
32 85 20 6 218 501
26 66 18 5 453 715
96 64 9 6 212 400
24 95 8 4 454 625
68 53 21 4 226 341
59 75 29 4 601 739
79 17 11 1 527 745
78 81 18 3 474 672
2 88 28 2 257 362
22 29 5 1 584 770
48 9 5 1 682 794
97 62 13 7 506 726
6 62 18 2 226 401
64 98 13 2 494 687
29 43 30 6 488 773
7 56 28 5 302 383
94 30 16 2 213 501
2 56 14 1 527 778
76 1 28 2 228 430
74 61 29 6 475 610
78 46 20 3 284 394
51 33 15 1 270 559
74 5 21 3 309 405
58 12 19 5 630 707
82 57 22 3 234 392
65 57 6 6 529 681
74 13 13 5 303 492
83 76 28 3 301 575
95 5 15 6 542 774
96 7 11 7 348 417
54 10 26 1 263 462
36 35 14 7 209 473
9 70 8 3 528 593
98 96 23 1 683 797
11 8 12 3 462 687
79 61 12 7 319 463
10 75 12 6 530 632
27 92 21 6 220 404
74 77 22 7 335 410
69 82 19 4 453 709
33 25 29 4 507 767
33 32 28 3 398 672
75 0 17 1 635 715
47 56 8 6 298 433
18 69 13 2 576 755
75 30 24 4 290 510
33 95 20 2 417 581
31 84 19 7 404 589
3 5 19 6 437 627
83 71 19 3 335 609
10 34 25 7 380 446
84 55 23 7 224 391
8 17 13 1 228 382
99 66 20 2 427 559
44 20 29 6 253 341
82 96 12 6 474 577
13 35 17 6 384 656
83 15 18 1 365 588
15 62 22 7 478 600
4 22 22 6 500 619
32 95 15 1 411 704
52 25 17 1 275 477
82 55 25 7 432 579
38 91 17 6 269 363
75 24 9 6 361 595
73 72 20 1 243 543
94 3 10 5 547 656
48 20 8 6 672 770
67 67 29 4 511 638
45 75 22 1 223 418
56 65 9 7 362 546
27 87 26 1 247 539
79 95 12 2 378 454
94 5 8 6 399 492
58 45 15 1 329 544
9 100 12 5 438 640
26 46 15 4 243 408
38 37 18 3 672 783
78 69 6 6 294 461
85 17 11 3 480 720
46 31 10 3 432 597
82 37 14 1 219 335
37 85 9 1 417 482
78 26 11 6 464 591
97 46 29 3 327 602
10 71 16 3 307 512
94 59 14 3 273 341
79 38 11 7 338 503
8 59 30 4 452 735
6 94 15 4 713 797
5 52 26 3 223 309
78 100 21 1 293 574
9 20 5 1 580 710
8 30 15 1 366 573
45 30 8 5 490 645
17 45 18 4 285 465
52 13 21 3 468 674
34 24 20 1 353 563
65 52 27 3 298 446
53 46 26 6 448 738
51 55 11 1 705 784
97 88 29 3 374 448
44 39 17 4 434 502
61 11 23 6 217 442
3 10 13 2 631 716
51 59 26 2 398 671
40 72 18 1 567 681
26 92 30 6 674 784
17 5 25 2 324 589
73 0 24 2 254 453
94 33 26 4 682 777
8 83 7 5 240 468
60 25 18 2 594 750
86 16 6 5 351 641
44 9 10 4 228 475
85 0 20 5 320 556
95 18 7 1 381 616
84 25 27 4 250 400
17 10 30 4 358 421
9 98 11 1 487 631
31 12 12 2 584 791
1 7 6 7 443 743
76 91 28 4 232 366
34 83 15 1 584 684
54 14 11 5 278 351
74 33 17 3 546 710
92 6 18 1 229 499
5 44 16 5 200 304
76 51 29 6 393 498
10 44 8 1 210 275
58 75 12 7 444 548
84 40 27 6 386 626
11 41 8 6 215 281
41 19 28 2 493 726
76 25 10 1 477 727
78 30 8 7 616 782
60 62 14 6 376 669
83 69 12 3 477 684
94 68 7 3 503 751
100 16 25 1 284 411
72 42 27 3 279 384
81 68 5 3 488 768
22 17 5 3 404 598
54 50 11 5 334 404
96 89 26 4 410 538
84 52 6 2 237 478
67 72 30 7 563 783
17 9 16 1 253 315
27 79 29 4 251 424
39 30 10 7 441 660
62 42 15 4 215 361
70 60 26 5 304 485
41 63 29 3 576 704
32 17 16 2 217 312
43 34 20 2 441 741
88 89 23 6 614 753
17 83 15 5 273 539
2 12 8 1 474 607
77 90 18 3 368 552
60 95 17 4 337 583
44 42 29 3 582 798
75 55 25 6 682 760
26 62 12 6 200 459
35 34 13 4 253 501
41 90 12 3 216 437
63 53 23 7 296 474
49 41 24 4 267 339
75 62 7 2 428 700
94 48 9 2 637 796
31 15 9 4 256 396
0 86 7 2 310 511
48 25 30 2 514 799
9 86 5 3 387 516
70 80 24 4 273 510
99 26 21 1 404 660
12 66 14 3 591 687
68 44 8 3 236 382
83 53 19 2 321 466
82 75 25 3 283 495
67 93 7 2 322 442
99 33 24 5 616 787
33 29 15 7 514 664
8 94 17 1 433 571
38 72 13 7 614 733
50 36 26 4 380 515
6 49 20 7 240 443
38 68 16 7 402 633
30 15 14 2 541 723
70 69 23 5 684 795
70 41 19 7 258 524
82 25 22 5 453 692
7 63 26 2 593 712
39 97 27 4 495 642
98 0 10 2 301 536
87 48 8 7 375 528
3 66 14 7 493 644
64 77 21 3 613 681
88 21 5 1 610 699
70 6 14 4 701 785
11 28 18 4 533 741
76 68 28 2 269 478
75 63 10 2 447 525
10 85 27 1 343 588
40 60 25 1 217 354
98 25 21 2 264 385
17 57 22 5 334 587
7 81 26 4 432 598
40 10 21 2 366 655
93 28 9 2 277 551
83 27 6 1 384 485
68 88 12 6 403 693
23 34 9 6 461 634
67 80 13 1 481 732
26 21 17 5 253 456
38 29 9 5 300 389
78 9 17 4 526 649
89 52 9 7 436 707
24 13 12 1 257 432
69 8 16 6 595 712
24 69 9 4 615 723
92 61 22 2 241 407
50 22 13 2 234 518
57 29 12 4 583 750
92 95 18 4 721 784
15 80 24 2 263 405
14 41 24 6 390 601
83 26 30 1 414 625
32 91 7 7 363 498
94 42 10 6 471 561
12 56 19 5 515 610
32 37 17 5 602 749
15 95 20 3 598 776
87 83 26 3 528 606
39 19 29 5 632 758
43 39 19 6 406 666
83 12 20 2 591 713
27 5 28 3 496 667
79 5 9 1 492 574
95 31 17 7 464 710
52 44 16 7 347 570
51 39 30 7 208 469
66 17 16 7 207 347
66 11 9 2 588 778
10 56 7 4 444 578
12 0 12 2 589 696
25 98 19 1 458 735
36 88 22 2 608 728
59 52 7 3 517 668
13 10 28 5 346 587
21 54 5 1 510 717
43 78 26 5 228 426
100 64 20 3 448 628
40 84 29 7 641 784
88 76 28 6 352 632
16 78 28 2 475 742
90 5 22 5 323 513
50 57 15 4 497 688
75 36 10 5 729 793
11 2 12 7 254 455
16 86 12 2 555 642
83 23 27 5 209 275
28 36 26 5 303 504
80 58 12 2 201 362
17 54 5 7 522 653
67 84 5 3 302 521
75 98 17 2 322 512
25 32 28 2 552 681
9 94 24 6 444 517
43 17 5 7 518 653
74 44 19 4 688 753
75 60 8 7 230 474
57 82 24 6 205 490
94 14 5 3 590 762
68 42 24 1 321 491
27 39 20 7 318 432
49 20 7 2 602 775
37 49 16 6 224 366
96 25 23 5 430 593
30 65 9 3 581 661
13 1 22 2 281 369
24 38 17 3 278 447
69 19 16 6 430 680
22 32 23 2 287 581
67 18 30 2 560 677
65 24 25 3 397 681
24 37 17 5 694 769
86 45 25 4 346 484
9 76 26 6 530 622
80 20 18 6 567 748
20 15 16 5 591 751
9 45 29 6 673 785
72 57 20 3 376 603
31 90 9 7 453 532
40 86 30 7 546 634
32 79 13 4 451 516
34 87 5 1 389 452
31 72 11 1 453 523
7 38 14 4 532 683
71 45 16 1 388 637
45 54 21 2 672 763
36 41 11 4 241 529
92 17 8 6 260 384
14 37 25 6 648 787
73 3 30 5 220 426
95 7 28 6 401 555
50 42 27 4 302 505
18 64 27 5 361 585
84 12 8 7 277 522
40 18 20 6 271 542
98 20 17 4 208 411
93 5 19 2 303 467
68 7 19 6 428 522
87 4 15 6 619 738
80 22 18 5 525 723
58 41 18 1 387 553
75 74 22 4 529 624
60 73 7 4 364 451
35 19 14 4 526 771
64 15 16 1 299 464
84 76 15 4 250 365
72 75 29 3 494 746
65 0 29 3 280 399
45 7 6 1 232 346
99 86 19 1 412 707
81 89 5 1 284 408
52 6 6 3 668 766
48 40 27 4 396 603
13 98 7 4 665 749
59 81 13 1 691 782
54 2 5 2 626 738
10 16 20 2 633 783
59 40 24 4 217 342
22 57 19 6 244 502
32 4 30 6 291 544
35 59 17 5 313 475
99 7 7 7 416 494
65 74 28 3 589 768
24 51 5 2 410 481
2 51 22 1 561 782
96 90 17 3 539 600
34 42 24 2 233 462
11 24 14 1 338 516
78 20 6 1 295 463
71 97 18 2 493 696
58 66 6 3 330 583
18 15 30 6 222 499
81 52 8 6 372 665
44 89 6 7 442 600
35 67 30 3 532 797
35 23 11 3 557 694
71 37 25 7 312 473
93 29 7 7 351 647
85 79 25 7 207 386
50 37 7 7 424 571
74 19 10 3 444 691
100 99 26 4 581 649
91 84 23 6 220 459
42 59 27 7 271 567
25 9 11 5 546 777
47 87 14 4 257 420
26 8 5 6 573 791
90 63 27 4 602 771
47 40 14 1 269 378
68 23 12 3 227 346
60 98 13 4 242 355
63 34 10 3 408 670
58 62 11 5 341 508
48 27 19 2 596 793
45 2 9 4 476 743
23 70 17 7 387 619
4 80 25 5 241 375
72 10 27 2 486 739
71 51 19 2 331 569
60 2 9 7 282 459
58 78 12 7 349 586
25 62 25 1 430 659
68 12 5 7 273 494
92 28 22 3 416 674
67 85 27 6 395 666
61 48 8 6 288 470
40 53 27 2 573 682
58 91 10 3 324 486
49 8 10 6 299 397
35 50 19 6 384 478
54 92 6 6 287 482
84 98 24 7 316 426
57 27 17 2 356 438
46 93 9 4 605 677
89 9 22 3 373 538
75 33 10 5 428 550
44 99 26 5 309 547
58 69 15 5 270 399
57 80 9 3 314 487
73 12 16 2 377 496
92 3 28 5 716 785
70 20 24 1 606 763
71 5 15 1 528 783
31 36 24 6 233 503
68 46 17 6 363 581
88 84 7 7 517 629
3 17 12 7 435 563
95 49 10 7 241 308
25 27 8 7 599 729
89 0 26 4 447 649
13 95 26 5 399 509
18 87 18 7 307 372
67 43 6 7 528 658
73 87 26 3 632 785
72 2 19 1 553 700
15 35 27 4 679 783
56 76 15 7 316 459
41 16 21 6 316 501
87 18 11 2 522 719
41 74 27 2 208 466
26 60 9 7 205 364
15 100 17 5 341 519
35 51 5 2 506 795
62 88 27 6 406 629
85 9 12 6 226 400
21 55 12 4 203 268
40 36 8 5 407 478
81 87 20 7 405 588
90 96 17 2 294 478
96 72 9 2 561 623
52 40 20 2 410 532
74 53 25 2 235 334
5 85 8 7 388 566
37 31 19 6 623 777
36 17 22 1 339 462
14 92 13 2 565 743
8 55 28 1 299 567
84 33 29 4 296 551
2 27 6 2 588 734
10 19 5 3 418 519
34 89 18 4 244 435
85 22 29 7 300 404
91 57 23 1 422 694
89 71 10 1 582 731
17 29 8 3 388 638
100 30 11 2 561 702
39 79 13 6 336 483
30 18 27 6 406 501
94 52 19 6 279 549
91 65 15 5 486 592
87 20 6 1 517 788
56 28 13 5 260 397
41 53 24 5 559 736
96 14 5 1 503 714
66 47 15 2 563 724
15 91 28 7 311 406
45 98 5 7 306 469
50 66 20 1 328 622
77 71 6 3 316 517
74 66 8 7 457 699
83 92 10 2 440 720
41 15 6 6 322 533
38 47 28 2 246 456
41 45 27 2 322 598
77 41 14 4 276 489
38 5 22 7 586 719
26 27 26 7 598 778
9 23 21 1 307 469
50 88 11 6 234 332
93 22 13 5 501 768
75 21 29 4 248 548
76 88 6 1 341 500
29 17 16 6 345 626
71 0 9 2 253 504
51 12 28 5 429 623
47 94 9 2 401 624
87 13 30 5 234 301
54 17 21 1 567 760
3 52 19 4 494 777
36 13 9 4 380 676
79 26 10 3 257 438
72 81 24 6 436 683
91 100 7 4 382 472
4 54 20 5 248 458
75 94 21 7 623 734
65 5 12 7 266 438
85 73 24 3 490 734
70 79 29 2 496 771
49 9 19 3 461 565
60 15 14 1 438 725
49 16 23 2 426 496
53 6 5 6 512 580
64 38 16 4 505 729
22 15 20 7 394 565
7 54 16 1 211 410
15 14 6 3 464 541
14 61 10 5 580 650
74 64 7 1 647 781
69 2 30 5 520 765
80 92 29 7 241 410
50 8 6 5 366 572
29 91 10 6 299 565
68 26 15 5 344 464
9 21 7 4 313 594
83 1 19 3 597 710
54 36 30 2 557 721
1 64 16 2 511 659
66 28 29 2 287 424
11 38 25 4 573 779
66 94 18 3 341 591
42 51 27 7 500 790
12 89 27 2 467 689
14 60 19 2 464 687
18 32 19 5 338 622
26 18 25 2 671 741
56 53 5 3 507 593
46 37 16 5 327 487
46 32 8 7 334 585
49 24 14 6 343 430
95 59 29 5 237 444
44 48 10 1 301 403
47 3 27 1 584 768
40 6 16 7 339 465
25 84 14 5 214 384
83 28 25 2 485 737
87 69 20 6 225 436
57 24 29 3 243 472
0 21 14 7 378 459
4 81 15 1 707 800
15 27 25 1 567 642
4 2 18 4 558 674
30 64 26 2 257 374
21 76 7 4 455 686
56 64 7 6 560 773
42 84 13 2 326 386
48 22 13 1 574 670
100 6 18 3 588 680
61 30 5 6 400 494
92 29 9 1 657 785
19 73 28 3 325 556
64 96 25 5 713 799
64 89 23 6 385 513
9 34 26 3 267 336
95 94 6 4 237 438
26 38 20 2 396 683
81 77 7 5 499 700
63 14 7 1 202 306
71 52 13 7 457 522
50 32 19 1 559 789
81 10 17 7 622 708
89 26 13 5 350 607
63 1 15 1 348 408
44 66 29 3 406 546
92 64 24 4 412 514
18 14 28 2 495 574
30 89 29 4 472 574
24 28 6 6 420 687
15 0 19 3 593 773
74 47 29 6 376 626
18 88 29 2 610 781
87 12 21 5 404 606
24 77 17 1 543 767
78 82 28 6 321 394
39 69 15 2 265 525
90 61 26 2 218 321
75 71 30 1 243 434
10 13 5 4 401 602
16 66 12 7 296 396
73 9 27 4 499 678
72 31 23 4 673 738
97 98 26 2 527 730
4 39 5 5 241 514
83 20 5 4 448 741
87 38 28 2 210 331
39 7 30 5 442 703
1 50 5 7 374 531
40 64 17 1 237 314
17 97 29 4 320 518
73 95 24 1 439 725
2 20 28 4 399 532
7 74 9 2 346 423
23 47 13 4 344 632
18 37 10 7 385 671
74 76 9 1 284 561
20 88 18 1 420 513
57 68 30 4 233 497
7 58 11 3 470 575
47 26 22 4 244 494
54 93 6 7 526 783
76 54 8 4 382 609
44 45 19 2 218 465
39 87 17 6 409 685
47 63 6 1 383 538
44 5 14 4 323 571
6 97 25 5 431 560
66 27 12 6 429 726
0 15 8 4 546 698
25 100 25 3 418 669
91 17 22 7 724 795
8 73 23 3 594 768
74 55 8 4 635 739
24 72 9 3 348 646
88 73 8 2 552 705
94 87 16 1 368 550
48 3 11 2 204 463
76 21 7 4 434 720
22 11 20 6 250 469
40 24 27 7 549 740
9 54 15 4 289 410
95 29 11 7 683 792
94 75 8 6 419 515
84 97 30 6 451 535
96 21 7 4 474 644
63 61 13 3 229 376
98 16 10 7 503 668
7 10 10 2 551 747
45 59 25 2 462 762
2 31 18 3 630 726
27 0 17 6 293 561
98 30 27 6 290 579
44 94 20 6 606 752
41 91 7 6 438 563
83 91 11 2 395 681
84 0 19 6 586 702
55 46 8 1 218 403
58 79 17 1 547 782
49 51 24 6 345 495
58 53 7 5 550 709
24 18 8 2 566 713
89 93 24 1 342 403
32 78 13 2 537 626
63 12 28 2 498 585
93 30 5 7 278 432
65 21 17 7 487 659
3 27 19 6 217 310
17 87 10 5 388 659
10 51 21 6 527 618
79 27 16 1 479 561
78 93 7 2 558 649
56 70 21 4 321 391
68 96 27 5 508 642
28 78 28 7 591 784
89 4 24 5 434 511
89 91 8 5 443 717
72 18 5 2 442 536
61 40 21 3 424 494
57 18 18 1 499 578
51 19 5 3 453 741
59 69 29 4 414 552
9 27 22 3 351 651
20 31 23 3 310 455
7 43 20 6 522 593
99 4 10 3 448 558
40 54 21 5 353 445
74 2 18 7 243 460
52 37 21 3 434 531
83 11 9 2 475 602
100 52 17 3 434 716
36 55 6 7 434 710
46 6 25 3 262 509
80 82 13 1 413 692
3 47 12 6 446 718
22 87 7 6 466 653
73 40 19 7 421 560
73 60 12 5 320 508
34 13 27 7 311 469
91 34 8 4 338 608
94 51 16 3 414 656
90 28 12 5 634 773
63 58 23 3 314 597
93 37 20 3 355 454
11 45 27 7 557 752
69 4 29 4 549 738
45 93 13 5 220 419
24 76 5 6 577 710
78 40 21 2 357 574
11 100 6 5 465 577
36 0 5 5 338 637
1 44 7 2 350 615
83 59 14 1 509 727
76 34 17 2 556 622
14 23 28 4 209 380
44 87 30 2 356 493
68 58 25 4 241 458
73 79 18 1 459 759
94 66 29 5 507 651
62 66 18 6 424 641
71 14 21 5 577 673
23 52 26 1 526 666
36 68 14 3 443 542
33 63 28 1 513 629
4 88 22 7 464 658
63 64 23 7 486 596
93 71 7 1 287 448
44 6 30 1 311 502
82 28 15 7 449 655
88 2 18 4 484 568
80 79 20 7 322 516
15 16 27 2 653 763
31 30 23 3 385 535
13 56 6 5 408 587
6 51 21 6 396 495
79 50 8 5 490 576
1 82 25 4 470 703
92 59 10 4 332 561
5 94 19 4 277 545
41 41 20 7 384 454
17 30 30 4 466 720
70 74 27 4 428 548
5 5 14 5 423 582
76 16 22 3 543 800
64 64 11 3 595 688
62 17 24 2 509 704
92 66 11 2 223 420
41 46 20 6 380 631
96 62 30 5 667 759
36 49 10 4 514 778
77 48 15 7 505 617
90 87 12 6 211 428
2 60 10 3 500 563
11 91 9 4 290 540
99 1 14 1 441 683
25 69 27 5 431 710
14 24 11 2 340 569
19 37 16 3 505 757
66 23 17 5 211 332
100 90 15 7 598 753
66 50 29 2 276 489
34 94 26 2 230 301
87 23 27 6 384 561
33 99 8 3 674 751
79 34 22 7 439 715
54 3 14 7 461 630
32 97 14 2 241 428
12 45 16 3 260 404
63 67 30 7 477 645
58 36 11 5 236 517
83 88 12 7 301 460
44 37 16 7 289 493
42 57 21 6 273 351
81 47 24 1 306 480
92 10 5 7 206 371
23 63 19 3 377 612
13 43 8 4 514 733
40 78 30 2 251 385
2 73 27 7 365 619
35 36 13 2 545 622
94 70 25 5 365 484
11 40 23 1 375 478
67 27 23 7 419 570
37 25 9 3 469 764
28 32 10 6 220 341
55 7 30 2 278 557
13 67 24 5 590 763
81 35 13 6 309 553
92 7 11 5 645 784
91 7 12 7 634 743
0 83 12 3 497 694
80 88 6 3 585 757
24 22 6 7 638 773
10 77 22 1 538 610
48 59 13 5 529 630
73 38 5 6 587 746
12 91 24 1 635 766
69 76 10 5 224 297
20 12 14 2 626 712
35 62 6 4 264 535
34 70 8 1 301 411
6 24 18 7 352 441
96 66 30 4 224 506
38 51 8 2 531 678
60 10 22 7 419 547
99 67 22 6 206 437
7 96 27 7 215 334
65 61 18 4 427 672
41 36 15 3 540 655
20 18 11 4 626 720
68 17 5 2 264 332
21 91 15 2 629 792
36 2 19 7 502 714
38 94 23 4 422 544
52 11 22 3 469 582
98 14 11 4 387 454
100 43 21 4 357 549
10 90 29 7 424 486
73 21 7 5 214 471
52 63 7 1 578 752
80 4 22 5 535 754
54 21 5 2 348 479
10 83 25 5 318 527
56 45 9 4 210 295
58 85 26 5 372 567
35 49 19 3 586 655
45 72 23 1 641 752
33 70 15 5 347 501
29 82 12 3 680 742
16 45 19 5 474 630
81 32 5 5 393 656
58 86 16 6 705 775
49 39 7 3 442 677
84 60 17 7 274 443
74 48 14 6 555 782
9 29 28 2 479 706
53 33 19 5 495 577
38 33 28 7 301 558
0 80 9 6 611 719
46 96 18 4 540 766
62 75 15 3 429 596
64 30 13 2 632 710
46 63 23 3 597 730
92 38 24 7 415 497
22 22 26 6 432 510
19 94 20 3 542 755
63 54 20 1 511 799
78 50 15 4 651 742
27 18 21 5 273 360
7 77 11 3 206 347
62 0 28 6 538 765
30 100 27 2 295 543
60 75 18 3 515 608
39 60 20 6 263 449
9 72 25 4 429 578
28 43 7 5 397 640
55 55 21 6 617 778
6 52 26 4 614 765
47 86 9 4 376 459
5 10 7 5 232 442
33 45 13 5 301 401
45 44 27 1 213 450
8 62 12 1 638 758
45 1 12 4 274 336
92 88 28 7 613 697
4 13 20 6 269 436
82 93 15 3 386 477
29 76 5 1 207 472
14 58 25 3 491 706
53 30 19 1 617 717
46 81 7 6 513 746
25 96 29 1 212 312
5 49 30 4 393 693
49 13 23 3 622 765
2 81 28 2 519 737
11 75 18 3 236 529
53 51 19 3 431 717
72 82 19 7 342 498
89 25 16 5 304 427
37 70 8 2 401 611
82 81 29 2 560 731
1 43 11 6 421 506
44 77 18 6 204 490
41 85 24 3 483 574
81 100 14 2 245 382
11 70 11 1 280 491
60 23 28 3 551 788
36 6 23 2 643 731
45 100 18 2 250 535
60 60 20 6 362 537
0 54 20 5 386 648
91 72 25 4 432 570
68 56 27 1 267 408
18 86 18 4 653 794
5 55 30 4 355 431
97 90 24 2 345 435
35 40 28 1 240 380
57 84 23 3 526 763
61 27 15 4 453 656
52 62 19 2 429 645
2 82 25 5 260 405
8 23 29 7 512 591
3 45 11 3 552 788
94 9 13 5 441 516
23 60 14 2 363 526
19 16 30 5 283 480
88 16 25 1 226 309
32 80 11 7 525 791
30 43 6 2 550 728
53 28 18 4 263 554
10 81 25 1 528 718
9 71 25 5 594 654
81 90 12 7 210 426
52 55 30 1 471 540
18 95 10 1 460 714
81 18 26 7 214 510
93 63 15 5 431 649
4 6 30 6 622 760
60 42 14 7 241 397
59 20 21 1 236 320
90 86 26 3 258 359
52 35 24 2 206 452
49 10 7 5 355 490
43 64 13 1 488 708
68 43 6 5 514 627
48 100 19 1 427 619
3 36 20 3 475 738
4 31 19 2 236 478
58 47 17 3 305 427
24 39 14 1 406 536
0 60 15 6 394 644
94 28 9 4 569 659
62 82 10 1 514 601
65 73 13 4 239 343
88 68 7 1 696 799
25 16 30 6 617 744
65 15 16 1 456 627
47 70 13 6 232 319
84 5 7 3 389 513
24 63 27 6 408 699
11 18 7 1 521 694
0 8 26 7 394 548
67 51 8 4 484 688
20 40 18 4 649 757
4 1 21 4 447 687
32 52 27 3 250 347
60 88 23 7 219 404
6 28 28 1 633 766
69 84 5 5 591 669
39 96 12 2 306 483
88 61 29 5 435 731
30 44 24 2 269 494
3 75 24 3 482 585
36 34 19 6 278 576
38 21 17 5 360 633
59 53 21 4 487 734
19 81 13 1 299 480
87 25 17 5 514 798
35 42 27 5 466 529
52 24 19 6 375 508
8 71 7 7 627 743
38 44 14 1 411 503
5 79 10 6 608 703
77 91 30 6 249 478
24 83 9 6 413 626
96 32 7 6 325 595
84 95 26 2 531 731
86 77 18 7 239 389
45 16 27 5 494 737
23 21 14 6 305 372
15 38 30 4 461 708
7 61 7 1 387 511
6 76 27 2 511 615
57 47 6 4 602 726
100 75 26 4 204 307
34 0 28 6 451 532
17 68 17 2 511 653
55 85 24 1 587 797
20 69 7 6 591 681
56 74 27 7 468 651
55 17 6 3 264 505
4 48 24 4 408 562
7 99 26 2 570 683
7 93 9 1 280 488
40 92 26 5 233 494
6 40 7 7 300 584
100 27 24 3 270 447
55 65 25 4 562 788
4 59 12 1 312 539
12 93 12 1 607 774
39 83 8 6 351 645
12 99 30 6 478 685
48 68 11 3 438 631
22 73 6 5 237 356
14 25 6 7 462 593
65 66 22 1 372 463
19 7 23 5 407 606
70 29 25 7 469 703
68 1 13 6 463 528
53 74 25 6 204 372
7 21 6 5 229 419
52 68 15 7 253 482
91 97 12 7 549 624
48 80 8 7 404 597
62 9 19 3 330 391
34 46 27 2 486 688
74 50 25 2 317 518
8 18 11 3 472 771
43 11 7 6 447 591
55 91 5 7 272 474
43 43 29 2 399 490
13 57 26 7 526 599
44 83 8 5 410 538
13 89 19 6 216 301
3 23 19 7 342 492
89 77 24 5 255 319
44 49 13 5 499 699
44 69 14 1 296 425
21 2 9 1 428 577
26 24 14 4 553 684
32 40 6 5 463 730
88 33 15 6 236 367
44 47 14 1 684 763
82 0 14 5 328 447
57 44 5 1 276 517
40 0 26 5 615 697
48 97 5 6 503 726
51 76 27 4 492 659
75 17 17 1 687 769
36 9 24 7 491 638
56 0 12 7 313 512
85 81 17 6 572 638
39 93 30 7 637 767
2 53 27 3 653 770
64 20 12 3 470 631
14 67 21 2 273 371
57 76 18 6 323 613
71 39 8 4 223 291
90 84 6 5 521 651
57 89 15 3 361 639
78 22 18 5 703 782
100 48 7 7 456 704
8 56 23 5 561 673
36 28 5 3 523 798
68 66 13 7 707 789
92 78 20 5 350 640
2 90 14 5 594 700
77 46 10 2 276 515
22 50 11 3 446 618
52 7 6 2 423 519
39 18 11 4 395 626
54 37 14 4 626 743
8 35 14 6 228 289
43 36 21 5 420 692
62 25 19 4 636 752
57 16 9 3 392 470
78 76 26 7 392 503
56 97 14 3 485 674
69 59 18 1 445 626
5 17 28 6 229 300
66 0 23 4 405 504
36 8 28 1 510 627
46 21 9 7 434 652
73 14 15 5 369 634
74 79 8 5 282 554
20 0 16 7 543 692
32 24 9 2 534 702
72 77 16 3 361 479
86 22 30 7 533 725
37 18 11 2 364 555
34 2 7 2 250 403
52 12 25 1 332 512
3 19 16 5 373 453
92 74 19 3 490 781
8 97 17 5 325 395
63 26 6 3 449 576
4 0 24 5 608 728
70 27 30 1 223 511
54 41 7 6 646 748
66 56 28 3 241 502
30 60 21 7 519 639
55 63 23 3 543 776
96 96 23 4 656 794
98 21 24 7 289 528
66 67 18 5 261 538
25 13 13 4 381 499
24 23 21 4 477 623
2 30 16 4 328 617
90 92 23 3 348 436
45 63 11 2 565 764
35 53 13 4 288 389
2 95 30 7 340 589
35 90 30 3 519 725
54 25 9 6 551 681
19 11 22 6 388 508
82 87 18 4 639 776
76 89 9 2 567 775
40 81 28 5 344 518
18 84 17 5 428 699
2 94 13 3 534 789
56 13 23 3 560 767
63 3 20 5 375 572
11 64 14 5 285 345
34 39 5 7 304 486
79 21 8 3 290 442
79 4 11 6 405 533
41 25 30 5 328 517
81 12 5 7 611 779
33 27 10 7 478 765
33 37 16 2 206 314
23 18 24 4 519 616
62 69 30 4 556 665
64 18 9 6 307 486
96 100 11 6 552 718
73 45 22 1 232 458
73 67 16 1 509 613
56 83 8 2 632 763
77 93 28 4 214 300
93 42 27 6 295 531
64 29 19 3 394 547
63 77 9 3 493 615
49 25 20 3 225 469
4 51 28 3 413 581
37 55 8 2 369 494
14 68 12 5 487 736
96 50 5 5 214 318
