584
56 41 0 0 0 0
65 31 29 4 329 583
16 84 9 4 536 604
58 48 24 2 419 590
73 67 27 1 367 460
16 15 18 5 455 645
12 4 11 2 346 445
78 6 27 4 447 671
20 3 16 2 352 423
90 27 28 2 255 511
81 84 14 7 273 431
79 26 23 1 259 371
63 94 14 7 319 540
1 98 18 1 307 500
20 49 5 1 271 368
89 36 30 7 243 397
75 81 8 4 639 791
97 28 12 5 273 546
37 42 10 2 241 537
90 20 23 6 426 646
72 48 11 7 581 772
90 63 15 6 263 418
29 61 12 2 334 601
32 46 15 6 295 451
18 48 5 5 345 453
81 62 11 1 293 454
52 99 30 5 583 769
49 53 8 7 359 645
95 7 10 1 246 440
75 98 21 6 314 590
77 93 7 4 215 345
8 24 21 4 556 748
37 17 19 3 475 712
42 94 28 7 507 615
75 71 28 5 660 800
92 64 24 7 282 516
56 59 5 3 326 456
45 27 19 7 487 549
16 22 30 3 506 621
91 53 12 1 269 569
14 6 9 7 417 570
21 48 5 7 628 723
60 58 8 3 207 418
36 40 7 6 651 762
94 25 11 2 347 608
75 74 7 5 227 314
4 57 9 3 319 414
43 85 19 6 627 688
11 50 14 7 232 351
46 81 11 3 242 312
18 68 23 7 541 791
64 53 21 7 595 671
46 60 15 4 338 463
55 71 19 2 345 633
55 65 11 7 582 711
84 45 23 1 226 385
37 96 29 7 511 630
4 44 5 6 489 552
85 83 26 7 648 729
70 39 28 4 367 472
70 34 24 2 240 323
73 26 27 1 422 647
40 40 19 4 529 768
67 81 19 2 697 797
90 98 19 3 305 570
90 31 14 7 580 777
71 33 9 1 278 576
31 78 6 3 434 655
76 38 12 7 218 511
33 4 24 3 367 449
100 78 24 4 325 484
22 20 22 6 370 436
70 86 17 6 296 422
42 10 20 2 554 637
63 49 12 3 494 634
25 63 11 6 412 516
92 46 7 2 422 523
66 56 16 3 396 603
60 70 11 1 305 381
56 87 19 6 674 767
89 76 29 2 387 519
82 49 21 1 409 490
7 3 17 2 499 762
92 57 16 4 569 775
16 82 13 7 568 720
28 45 18 4 406 695
32 79 11 2 269 463
39 62 15 5 345 581
46 69 6 4 389 620
10 13 23 4 256 367
27 2 26 1 223 376
46 79 11 2 299 511
17 98 21 2 345 637
51 47 13 1 266 400
97 23 14 6 368 458
14 48 22 6 539 759
51 31 29 2 565 716
19 61 7 4 528 612
7 95 13 4 344 547
23 36 21 6 645 790
65 67 16 2 449 553
30 95 28 1 404 568
68 91 22 7 503 596
97 95 5 4 352 453
16 54 6 1 477 663
64 19 14 7 375 550
94 28 10 1 376 630
82 61 27 7 475 578
88 60 15 5 216 312
90 10 26 5 209 386
60 57 10 1 284 569
27 5 24 6 513 703
94 92 12 5 356 542
12 91 13 2 328 573
90 54 8 1 372 474
99 23 19 7 316 608
4 77 5 4 547 709
92 81 30 3 640 778
66 13 14 5 284 413
69 82 24 4 538 673
81 56 14 5 391 511
29 69 24 4 590 664
100 1 22 5 362 458
95 41 7 5 446 720
47 40 27 2 383 490
13 36 6 1 525 649
54 55 9 6 304 489
12 21 24 7 344 504
28 92 9 6 470 674
97 8 8 6 427 648
72 34 18 7 457 750
49 47 8 1 222 508
81 13 5 3 464 629
29 3 29 5 425 684
20 51 28 5 473 627
16 97 9 6 575 679
59 22 9 7 332 615
59 87 13 4 426 531
99 0 25 3 407 533
61 6 6 6 590 658
78 9 28 4 263 515
19 36 19 4 265 510
63 73 30 3 607 744
14 92 29 2 290 410
12 16 5 4 465 715
73 70 22 6 562 677
48 52 27 2 461 748
11 1 26 1 327 506
9 16 15 4 349 488
99 57 6 5 604 759
64 79 17 7 477 568
35 50 11 1 272 519
27 93 20 1 294 561
75 32 23 4 246 370
73 63 11 5 558 737
70 73 5 3 506 650
56 10 13 7 296 433
66 17 29 1 527 741
85 99 13 7 667 745
60 95 16 3 576 752
14 49 10 6 366 543
80 22 20 5 401 498
61 89 25 1 309 462
86 67 15 7 409 592
32 7 6 4 237 517
5 68 9 4 256 429
94 53 25 6 271 423
33 48 19 3 514 788
66 65 10 4 391 620
15 30 12 3 477 777
27 1 21 1 433 569
15 6 15 1 597 781
12 68 11 2 673 775
37 11 22 2 396 533
29 56 20 3 296 360
75 2 29 7 303 444
11 64 29 1 228 310
24 89 9 2 495 605
61 45 29 1 228 502
22 10 11 2 281 415
78 15 24 3 217 490
4 75 26 4 594 660
58 70 8 2 325 415
26 88 15 7 464 661
13 83 19 5 200 279
31 56 17 2 270 411
70 76 6 5 301 532
99 15 16 6 558 706
28 52 5 4 388 457
55 7 18 7 566 636
84 89 26 4 547 654
99 79 21 3 234 436
94 99 29 6 625 796
85 66 30 3 550 779
29 37 28 4 253 541
74 78 30 1 393 662
60 87 30 4 206 434
98 51 13 2 300 590
18 35 26 2 210 335
88 18 22 7 309 460
13 52 23 3 589 731
7 62 6 2 412 617
36 6 14 3 511 573
77 36 16 7 258 415
25 24 17 7 408 605
95 84 12 5 333 502
52 13 24 7 534 629
70 27 12 3 242 334
65 28 13 6 579 799
56 50 15 4 226 519
33 1 23 5 484 760
92 19 5 7 313 555
22 32 20 2 249 362
3 92 6 4 229 360
68 55 27 6 255 523
53 39 28 5 282 556
17 85 26 5 429 643
43 3 5 6 352 631
88 51 20 5 426 530
10 63 21 7 445 544
95 2 12 3 562 660
93 36 28 6 322 467
84 59 27 3 266 373
3 76 5 1 377 617
9 69 24 3 685 754
45 28 30 1 496 662
75 96 13 5 230 376
21 91 6 4 513 615
56 8 7 7 300 392
66 55 23 2 471 745
47 58 7 1 521 582
66 69 20 5 201 398
4 37 17 7 296 384
93 19 17 1 475 566
78 27 15 7 256 379
42 37 22 3 447 685
27 52 28 3 461 625
76 40 17 2 583 704
61 33 21 7 466 635
15 53 5 6 588 696
16 60 22 4 361 495
43 7 28 3 298 477
94 23 21 7 297 476
5 29 20 4 635 702
52 28 16 2 234 310
77 52 8 7 556 748
9 76 29 3 344 566
17 35 26 5 560 700
39 52 28 7 385 674
3 60 28 4 401 583
25 78 30 1 596 715
1 12 19 6 211 366
69 8 5 2 335 595
69 72 6 4 386 682
1 0 16 5 252 512
51 55 15 1 244 331
75 80 24 7 265 330
83 82 27 3 301 429
75 51 27 3 449 742
41 77 16 7 410 582
7 60 22 4 329 408
85 59 16 2 203 362
21 51 30 1 583 755
77 95 25 3 379 468
37 21 6 5 471 690
33 12 29 4 231 396
54 26 7 6 314 512
10 26 19 5 690 758
23 28 29 6 577 744
33 37 13 1 432 516
27 76 19 1 205 445
6 50 19 5 483 608
97 9 15 2 376 613
29 26 29 3 266 368
46 43 16 5 356 621
69 55 27 1 415 573
2 97 19 4 540 660
62 47 23 6 513 620
87 15 18 3 452 676
23 37 28 3 589 799
72 16 19 1 629 796
10 46 15 1 366 661
5 83 8 5 470 756
66 1 24 2 603 759
45 69 14 4 367 456
7 30 16 4 255 385
5 71 9 1 551 682
12 6 16 5 606 751
79 78 17 5 360 603
93 73 25 7 291 356
72 89 30 3 301 367
86 93 5 1 513 731
44 98 6 4 543 631
55 62 25 7 210 455
39 35 22 1 371 450
94 82 14 6 345 503
73 6 22 1 469 584
33 9 30 6 501 609
79 82 25 7 407 559
24 63 28 3 395 651
72 40 11 5 449 676
77 38 17 1 332 537
92 20 14 1 357 530
9 41 16 1 405 660
12 7 8 2 444 615
2 33 6 1 300 465
5 7 21 4 319 537
18 19 18 5 444 530
3 69 30 5 395 639
39 70 20 1 712 780
6 42 22 1 281 574
49 39 9 5 232 330
82 100 5 4 540 740
62 59 14 6 694 780
17 33 27 1 403 678
46 91 11 7 237 437
33 59 17 6 520 667
89 75 6 1 333 580
0 66 23 1 402 524
44 18 30 5 594 738
83 47 23 4 480 685
50 27 9 5 692 783
27 34 23 2 338 438
23 51 14 2 252 417
2 75 7 7 243 416
14 15 19 4 503 627
52 81 5 7 582 669
68 10 28 6 513 691
66 91 12 7 363 443
49 14 26 5 387 650
19 83 14 5 710 792
36 77 18 6 205 365
92 25 26 4 359 494
79 100 10 5 427 692
59 28 30 3 278 572
18 65 27 3 575 673
11 59 12 7 415 516
33 39 10 6 409 530
89 2 6 6 462 613
18 22 11 2 481 776
33 28 11 5 337 473
27 27 12 6 354 544
60 10 17 4 288 569
65 60 22 6 594 687
39 9 7 7 452 524
27 78 20 6 300 409
85 62 15 1 381 444
33 14 7 1 256 552
73 87 11 4 252 396
57 22 5 5 455 680
98 91 26 7 230 356
90 81 12 6 471 560
38 42 13 7 308 386
7 39 17 4 380 532
75 52 24 5 357 493
28 83 18 4 462 585
68 34 24 1 240 487
62 72 9 2 452 542
65 45 22 5 292 453
75 41 17 6 200 356
94 9 8 6 480 701
48 27 15 7 207 393
69 78 23 2 456 749
38 90 15 4 358 514
1 43 23 3 227 421
35 59 29 5 228 377
25 2 20 7 337 530
91 64 24 4 344 637
62 83 23 4 286 534
61 39 20 6 685 798
4 91 5 7 235 310
50 41 15 7 519 740
98 56 16 6 221 453
82 73 5 2 482 595
44 3 30 4 487 701
91 11 30 1 553 680
47 88 14 4 257 454
46 16 13 5 465 747
10 18 12 2 462 546
61 68 26 1 567 712
1 60 18 6 532 753
39 95 20 1 337 542
92 23 28 3 485 744
75 34 19 1 501 606
72 44 20 2 440 530
72 20 6 7 299 560
90 58 20 1 514 575
81 20 17 3 515 747
12 60 5 4 583 710
86 73 29 1 300 531
64 87 16 3 461 734
40 82 24 1 525 592
98 10 11 2 302 593
28 78 5 3 473 576
64 64 22 1 366 443
19 91 9 3 609 687
94 84 17 5 624 703
83 49 11 6 222 460
77 26 29 7 298 482
92 33 6 7 513 661
40 56 22 1 418 501
97 24 25 2 350 501
71 99 18 6 380 527
15 94 28 4 204 349
6 68 17 6 249 338
51 9 7 5 672 774
23 1 10 4 280 405
74 71 12 6 295 406
27 72 12 6 311 496
7 19 13 6 453 538
47 71 26 7 642 779
61 1 21 4 587 760
47 50 15 4 314 404
7 49 20 4 519 717
46 90 15 3 244 462
55 81 20 3 251 412
12 45 5 3 293 397
85 50 6 1 691 758
85 12 11 7 400 539
6 25 17 5 399 664
22 73 11 5 430 622
36 55 16 5 488 555
11 0 18 1 336 586
75 12 21 4 376 608
7 37 26 2 277 571
6 82 17 6 231 355
30 43 13 6 527 588
72 38 7 7 362 626
74 75 25 1 692 775
9 45 17 4 290 564
76 39 9 3 444 527
60 31 23 7 579 762
24 4 28 5 388 507
12 2 24 4 538 764
19 51 7 1 338 578
87 42 11 2 232 352
93 74 23 2 421 481
33 41 8 6 249 359
37 9 15 5 468 584
12 71 28 6 398 463
44 75 28 5 345 466
14 91 28 1 278 362
85 87 10 1 237 453
43 2 27 3 284 505
93 84 25 3 411 556
95 67 6 1 431 730
6 27 13 7 426 548
81 30 21 5 412 650
2 19 25 2 468 718
3 22 20 2 453 563
90 83 24 2 566 780
19 54 23 3 424 646
91 73 23 5 268 433
86 29 16 2 544 739
23 56 28 2 544 750
52 94 30 3 266 359
34 17 23 4 562 691
97 82 8 5 445 522
33 45 11 4 439 519
31 25 13 2 332 602
80 74 10 7 329 569
58 5 26 2 508 619
29 65 20 5 587 672
52 31 28 7 597 714
74 58 5 4 467 720
51 40 5 3 454 702
8 87 29 1 289 472
51 29 29 5 494 592
26 0 29 1 337 593
36 48 15 1 593 683
20 84 20 7 370 593
34 22 26 1 544 716
72 5 6 1 652 770
5 30 11 4 464 559
67 47 26 5 413 580
86 66 19 4 352 459
91 83 5 3 341 466
51 30 10 1 448 633
28 12 5 6 634 775
85 30 18 5 576 784
44 82 8 5 212 360
5 8 26 1 623 791
33 47 8 5 366 626
17 38 29 4 299 555
57 5 17 2 468 748
82 39 21 1 340 492
32 76 10 4 397 473
91 14 25 1 572 642
24 39 29 2 474 558
84 43 6 1 404 691
65 7 24 5 600 696
46 42 22 7 393 524
100 18 6 7 388 515
87 31 20 1 318 427
13 38 15 1 338 458
80 21 18 6 324 431
44 8 14 4 343 525
56 15 25 7 279 574
33 76 11 4 601 679
44 60 26 1 206 322
10 12 19 5 524 685
92 50 7 4 276 553
34 98 14 5 584 717
40 79 30 2 229 362
25 64 13 1 436 567
19 82 26 7 506 649
18 52 29 1 435 596
55 12 10 5 219 439
82 46 29 2 288 558
58 24 15 2 240 471
94 14 10 5 702 789
73 13 9 4 211 498
43 33 16 3 540 618
65 77 14 3 505 790
25 37 15 4 358 463
84 85 20 7 204 369
98 93 30 5 267 546
82 26 25 1 546 621
36 57 25 7 384 549
8 99 8 3 314 502
0 82 19 7 205 388
18 56 19 4 439 712
17 8 16 1 602 752
0 45 14 6 562 714
16 31 20 6 599 720
66 95 27 7 570 724
54 88 5 2 457 574
98 38 7 3 475 562
1 78 16 6 512 603
12 76 25 2 500 714
99 52 14 4 552 639
23 53 19 2 730 793
84 64 11 4 364 546
12 41 20 2 300 557
51 89 28 1 534 640
17 83 13 1 385 682
99 62 8 1 428 680
26 83 13 3 528 679
84 78 11 1 422 657
9 17 21 3 221 307
100 37 5 1 303 395
96 59 22 7 372 552
98 17 12 4 481 612
12 14 16 2 705 767
56 53 27 4 390 625
59 38 16 7 346 642
69 2 23 3 357 421
73 9 12 7 209 355
3 35 5 7 211 431
63 99 28 3 488 550
74 85 11 4 294 533
61 98 23 6 570 688
18 90 27 7 254 369
91 34 17 3 206 271
83 24 23 7 418 686
26 18 25 4 427 682
89 66 8 4 277 368
64 55 6 4 371 618
63 20 26 2 716 790
18 31 11 1 385 631
22 71 8 7 584 663
19 55 17 3 335 496
100 76 10 1 482 658
68 70 8 1 485 660
7 97 13 3 289 446
33 55 22 4 365 595
62 2 29 1 349 636
98 11 19 3 626 765
34 85 21 7 549 786
5 10 18 4 248 412
71 82 14 1 243 313
85 3 8 5 256 420
32 20 19 6 215 371
51 1 18 7 443 731
0 63 14 7 409 533
54 35 28 2 285 540
36 10 27 4 513 784
32 17 6 4 385 562
32 25 25 3 425 517
82 66 14 6 317 543
27 33 20 5 211 449
74 12 13 7 693 754
84 23 20 1 654 763
99 99 24 6 560 681
