1159
6 81 0 0 0 0
36 6 29 5 285 573
25 27 13 3 266 536
62 81 16 2 419 548
62 13 25 4 238 340
1 92 28 6 532 628
86 14 17 7 464 708
88 76 14 5 338 595
84 31 30 4 433 567
30 41 12 2 527 636
53 92 23 6 499 588
87 39 24 3 255 436
1 23 24 3 620 776
78 75 7 7 662 788
56 78 15 3 554 667
8 10 19 7 288 563
93 12 18 2 636 705
83 92 19 2 365 454
40 14 12 7 532 610
70 6 28 3 392 583
0 68 25 4 366 547
0 96 6 1 343 538
5 90 8 6 476 564
59 95 30 1 208 393
97 92 9 7 391 466
49 65 29 7 288 412
3 84 10 4 443 661
24 76 15 1 221 423
58 26 25 2 504 680
76 58 11 7 648 784
83 58 27 6 604 713
67 75 10 5 209 463
28 4 20 5 309 495
87 56 19 6 521 763
46 21 16 6 338 516
67 58 29 6 591 776
40 77 23 6 429 590
46 41 10 7 555 750
24 17 6 6 426 548
49 28 7 5 224 422
58 79 30 7 395 493
30 68 18 5 400 613
27 68 25 1 454 657
15 20 25 6 610 721
49 71 10 1 562 668
64 78 7 7 661 797
85 89 19 7 229 324
55 30 15 1 598 658
70 49 19 2 213 348
7 59 18 3 344 478
27 62 5 6 370 623
85 47 11 2 472 625
93 30 12 5 576 755
77 96 7 4 387 656
43 37 15 2 466 589
53 84 13 7 279 423
14 94 6 5 267 438
54 73 14 2 544 723
82 93 13 7 620 753
85 43 27 6 371 619
8 42 15 6 227 393
84 98 5 1 627 707
73 35 28 2 378 456
4 0 10 1 520 605
47 58 6 7 664 774
76 81 13 2 416 644
8 41 9 3 410 592
40 7 14 3 371 560
12 7 12 7 221 334
72 98 30 6 543 672
64 72 26 6 250 340
5 14 22 2 479 552
94 47 14 1 281 345
25 70 20 1 281 406
20 66 27 4 498 614
94 81 11 4 256 508
16 100 27 7 295 497
0 49 12 6 502 705
87 53 9 7 634 759
39 90 7 5 314 547
57 87 25 5 438 596
81 44 26 5 543 757
77 88 16 1 568 701
11 46 11 5 448 661
96 41 14 1 207 326
42 85 10 2 409 575
77 82 11 5 570 650
22 28 27 2 438 567
10 0 23 2 500 766
70 46 8 6 548 761
74 62 7 6 450 517
94 8 29 1 215 296
31 72 8 5 446 598
36 91 26 5 482 568
65 15 27 5 562 796
0 29 26 3 383 462
97 76 6 5 499 740
33 36 19 1 472 548
61 34 11 1 609 794
55 70 30 7 464 660
22 57 22 5 463 623
73 27 12 4 444 536
76 73 7 3 583 717
87 54 21 7 526 595
62 51 19 4 583 748
69 21 18 2 250 387
91 94 29 3 433 699
42 40 14 3 537 609
67 10 23 6 417 610
76 14 13 3 553 629
97 81 20 6 286 403
59 8 19 4 405 515
39 78 21 3 304 556
23 84 11 1 253 369
100 94 14 3 380 597
41 16 15 1 530 627
82 16 22 2 497 675
18 85 30 6 291 544
75 68 25 4 298 475
70 36 16 6 377 457
5 3 12 5 316 504
23 62 24 3 502 760
62 1 21 4 217 339
67 98 27 5 594 796
12 60 11 2 273 357
57 94 15 6 359 527
57 7 13 1 573 678
99 40 5 1 260 398
79 82 22 7 494 573
89 48 26 2 252 349
18 74 16 5 214 324
97 32 29 6 676 758
57 66 10 3 650 760
23 71 18 7 276 551
33 12 15 6 290 467
4 89 14 6 419 564
54 8 5 2 448 534
92 51 14 5 634 749
68 93 21 3 263 497
24 83 10 7 521 784
62 36 27 7 408 495
99 80 21 2 491 575
70 54 19 5 568 634
93 17 26 5 606 684
100 39 20 5 559 710
86 18 22 1 259 426
66 85 29 5 273 369
66 58 12 1 529 711
6 87 13 1 701 775
36 66 20 3 486 728
81 3 11 5 287 485
47 65 24 2 557 712
3 1 25 5 547 761
45 51 23 6 530 746
81 71 21 2 234 479
1 98 19 7 387 550
54 50 9 7 284 571
75 41 24 3 496 644
36 87 18 5 575 732
76 55 27 2 274 573
7 98 6 5 252 493
72 52 30 3 308 378
4 38 9 7 223 473
23 95 25 4 571 798
49 0 22 4 357 581
46 70 15 5 483 684
22 45 8 4 278 498
46 37 9 6 528 722
41 62 13 7 426 547
21 46 6 2 259 545
71 57 25 3 241 494
9 95 6 3 344 487
31 18 20 1 568 774
49 52 19 1 331 420
93 46 29 2 641 773
87 16 23 4 450 530
96 56 20 1 282 498
58 53 5 4 339 510
76 47 13 7 288 440
81 67 17 2 480 743
6 78 17 3 558 725
62 20 18 1 212 437
25 32 9 3 706 773
34 30 19 3 249 452
11 10 19 7 530 689
24 82 9 6 307 386
99 8 13 6 644 800
76 42 14 6 395 639
77 49 22 5 537 790
100 21 21 4 307 508
7 27 21 3 506 754
84 85 26 4 354 437
99 99 23 4 420 678
11 26 12 4 380 480
45 33 7 5 500 719
83 5 18 4 211 473
19 62 25 3 408 476
54 88 8 2 393 483
55 48 20 4 598 727
53 62 17 4 520 713
59 33 8 3 321 585
58 20 27 6 545 648
62 39 23 3 303 504
32 14 20 7 562 774
60 91 16 1 332 407
50 24 14 1 213 326
31 97 29 2 272 539
28 86 23 4 509 614
80 54 20 1 469 603
18 8 5 7 239 330
78 15 29 5 616 780
21 36 6 5 573 798
41 70 24 2 313 525
34 63 29 6 660 764
63 27 18 1 363 490
4 28 8 3 469 714
91 84 9 7 500 728
29 23 20 6 299 501
64 38 16 2 280 564
23 55 9 6 517 758
73 100 25 7 204 376
47 66 8 1 628 755
72 4 27 4 366 490
95 29 18 1 496 595
57 49 24 4 345 446
50 62 23 6 214 407
74 31 10 4 238 358
36 54 15 6 376 566
9 24 16 2 488 628
3 35 9 6 471 726
65 86 22 4 300 398
81 41 24 5 333 446
54 26 10 1 206 323
74 41 18 2 689 757
41 71 8 6 349 452
56 77 22 6 449 725
41 43 17 5 593 676
26 71 26 4 207 301
69 9 15 4 458 645
10 51 18 5 514 708
74 50 28 5 257 363
56 90 23 7 315 375
44 49 9 5 308 491
68 81 25 7 531 704
82 86 13 7 382 672
16 49 29 3 248 497
29 98 15 2 484 560
97 3 7 4 609 739
34 0 12 1 310 403
86 15 23 6 407 488
45 5 26 6 616 749
60 26 11 4 587 725
81 81 17 2 238 531
17 36 27 6 280 381
68 73 26 5 270 528
32 47 26 6 609 738
4 59 26 4 384 517
97 83 16 5 277 382
64 1 18 1 439 531
43 29 29 3 554 769
2 43 21 5 388 679
67 15 14 1 466 582
19 21 11 3 237 349
55 84 6 6 654 773
75 33 7 2 604 769
27 12 8 2 346 597
50 44 13 1 265 525
84 35 22 2 454 547
90 27 30 6 237 306
50 6 25 4 311 553
78 85 28 7 493 679
93 8 30 3 565 793
7 80 9 3 398 584
11 28 22 5 610 694
84 74 26 6 451 534
37 1 25 4 245 429
4 49 30 4 548 705
53 42 9 6 275 522
29 48 29 4 518 745
28 3 27 4 574 742
77 28 12 5 563 654
8 44 22 2 526 596
31 80 8 7 309 434
69 10 24 6 357 596
22 31 13 4 557 781
66 86 30 7 419 611
52 89 9 1 209 301
84 45 7 1 449 615
42 34 23 7 489 701
23 83 25 3 543 659
2 74 30 1 480 682
5 91 13 6 269 347
94 96 8 2 254 409
1 31 19 7 225 496
73 86 19 4 712 774
16 9 25 3 387 565
10 11 18 4 566 766
93 90 14 2 207 356
31 74 19 4 405 645
25 28 30 7 305 383
4 51 26 6 511 639
73 4 24 4 400 531
91 50 14 2 262 553
47 36 23 1 634 774
69 95 27 7 502 640
26 41 14 7 426 580
55 82 8 7 367 606
23 52 20 7 346 573
49 66 24 4 431 702
34 49 8 7 362 530
75 57 10 5 415 705
16 30 7 4 297 497
10 99 10 3 603 763
72 66 28 7 261 393
7 100 13 5 519 791
92 25 23 5 355 427
25 15 16 3 674 740
2 47 12 6 385 657
100 84 15 6 258 489
56 47 21 1 266 509
30 99 23 1 388 507
82 95 28 6 281 477
18 34 15 7 284 452
38 1 7 6 397 652
42 45 5 6 346 581
7 87 22 6 608 740
17 13 14 3 324 623
68 57 23 5 577 694
0 18 12 4 251 378
87 71 10 4 642 776
15 90 11 7 597 744
32 83 13 4 536 737
94 49 13 6 561 694
27 47 9 1 510 639
44 76 6 5 345 499
46 75 13 1 436 561
78 8 28 6 207 267
92 66 15 6 582 661
59 12 6 6 574 692
46 76 6 3 339 611
78 6 8 2 620 696
0 5 21 3 497 745
51 36 27 1 491 662
59 93 14 6 517 693
29 73 7 1 203 484
41 26 28 2 432 501
22 39 30 1 479 650
6 1 19 4 388 604
30 11 5 7 315 376
66 14 7 3 342 606
25 0 11 3 487 661
5 27 28 3 530 615
46 20 24 6 267 510
48 48 11 6 476 749
19 87 22 1 546 773
93 89 29 4 310 520
59 92 26 3 291 453
67 66 28 1 212 291
40 20 25 1 539 706
76 34 28 2 248 335
42 19 17 7 431 505
66 46 25 4 411 665
23 79 10 4 201 442
24 2 23 2 534 668
63 77 19 7 461 761
76 31 23 7 308 545
35 62 22 6 324 417
66 8 23 5 202 307
58 82 10 1 374 547
90 5 24 4 352 472
49 25 12 6 202 377
44 33 21 3 274 559
45 74 13 1 416 578
16 24 9 5 617 698
60 14 9 1 592 781
71 94 29 6 470 645
8 4 28 4 593 655
95 33 5 6 520 758
2 54 7 1 469 606
48 33 12 5 340 526
97 89 6 7 535 639
4 15 10 7 477 574
40 47 18 6 520 760
16 22 23 6 482 561
66 94 28 6 559 750
30 21 26 3 202 372
28 96 7 6 448 686
95 79 27 4 219 504
10 38 18 7 464 561
31 43 24 2 470 578
47 17 29 5 255 382
18 1 24 3 366 559
2 63 17 2 718 793
77 61 25 2 445 654
2 84 27 4 284 551
46 10 5 3 308 474
36 14 9 6 620 682
39 4 11 4 543 718
82 81 26 3 557 746
17 56 12 1 225 488
45 85 15 3 461 671
94 77 13 6 421 651
38 93 25 4 337 400
18 98 22 4 302 461
12 63 7 3 581 726
7 90 29 4 221 511
66 81 19 2 439 509
25 54 24 1 402 629
26 76 13 4 450 706
95 4 26 3 408 701
58 97 8 2 479 773
95 20 11 1 510 612
90 58 19 4 409 679
13 67 17 6 381 636
76 45 12 1 449 604
26 11 11 7 273 538
100 70 19 7 204 324
48 10 6 3 368 483
57 16 8 5 467 626
15 29 27 6 365 600
37 40 22 1 260 346
49 89 27 7 444 663
42 79 12 5 209 276
7 19 6 2 426 695
38 98 25 1 525 732
4 20 15 4 562 747
58 11 28 7 305 432
17 58 18 3 527 602
99 94 10 7 588 731
38 59 15 6 481 754
31 29 28 5 238 311
76 16 29 2 222 522
24 75 17 3 549 668
24 24 18 2 365 622
26 8 17 6 532 747
34 91 24 1 259 358
97 12 17 7 604 694
76 1 17 1 421 537
44 10 19 7 359 557
27 26 16 5 324 543
39 88 19 3 452 624
59 2 19 3 555 705
80 80 23 4 356 445
49 16 16 4 469 699
93 76 14 7 201 471
66 40 5 5 558 663
1 36 27 7 303 502
60 63 16 1 277 526
20 5 11 6 527 783
35 94 12 5 402 540
3 72 11 1 613 683
83 71 8 7 237 534
21 18 20 1 276 561
51 67 29 5 376 615
34 46 21 7 637 741
12 89 24 1 614 766
55 28 9 7 374 497
85 16 14 6 222 503
55 58 16 6 489 718
0 13 16 6 300 372
28 17 10 6 507 573
58 51 22 1 378 620
55 17 11 3 486 556
71 8 8 7 289 470
70 60 9 6 446 551
41 69 19 1 329 515
90 67 27 4 542 651
13 27 9 1 534 754
30 62 9 4 661 726
44 74 15 2 220 484
98 6 20 7 443 587
67 23 27 7 652 758
17 55 17 4 216 294
75 66 7 4 518 666
58 29 19 7 227 435
31 94 27 4 456 525
48 77 10 7 334 519
3 78 11 3 683 782
2 11 18 6 327 546
77 44 19 2 391 550
98 70 9 1 526 613
2 68 26 1 337 562
87 30 20 6 617 746
49 79 29 2 315 523
95 83 7 6 497 632
89 63 27 7 520 594
68 56 15 2 476 752
99 32 19 6 399 593
91 61 13 6 326 422
81 40 6 5 558 720
84 30 29 1 263 550
72 39 14 7 205 467
4 92 17 5 226 408
38 88 10 2 382 630
5 70 7 2 228 349
88 83 15 7 472 768
1 60 8 5 338 570
42 60 21 2 330 590
32 75 10 5 458 533
16 5 21 6 563 728
37 54 7 7 282 557
0 64 12 3 403 563
6 82 16 2 547 677
88 78 19 7 595 788
21 96 30 2 574 780
40 58 7 3 377 644
99 84 14 4 456 705
21 72 5 3 640 757
97 86 16 6 347 645
14 46 17 6 287 499
32 89 15 3 326 469
72 56 10 5 602 744
86 4 28 6 227 320
51 65 25 3 336 441
5 52 24 6 384 681
5 100 20 2 384 512
43 99 20 2 394 618
5 67 11 7 327 490
9 97 9 2 248 359
34 20 24 1 276 403
81 25 14 1 474 562
48 40 12 3 620 760
49 88 30 7 265 509
4 25 16 5 597 789
67 21 22 1 214 373
44 83 7 6 292 435
3 69 30 4 477 573
14 60 16 4 207 467
48 64 9 3 657 796
52 39 16 1 290 533
52 26 27 1 345 577
82 10 13 3 371 671
35 86 20 5 330 625
81 38 23 4 374 486
31 35 26 3 371 540
45 84 10 7 474 607
59 50 29 1 404 575
56 4 10 4 622 756
80 31 15 4 355 471
81 36 29 7 332 458
97 62 28 4 341 627
63 46 22 2 477 557
47 74 10 2 367 457
78 5 25 3 504 567
72 81 7 5 241 353
88 47 26 7 373 581
27 16 9 4 429 555
18 57 27 3 285 410
31 2 14 3 455 521
51 18 18 1 489 748
49 73 5 1 381 646
86 41 30 2 370 609
54 25 11 5 249 446
25 97 29 6 265 549
83 91 17 7 597 777
58 60 29 5 555 625
55 50 19 2 285 516
81 92 13 5 418 700
61 92 18 2 551 749
85 97 18 6 369 615
2 53 24 4 600 754
48 31 28 2 512 687
18 33 27 6 280 377
40 30 11 6 556 667
44 66 9 6 650 743
53 73 6 2 320 579
84 26 29 7 432 575
15 22 7 7 370 539
19 64 16 5 268 536
80 90 23 4 585 727
22 2 16 2 424 513
80 53 30 2 442 725
13 72 12 2 418 537
30 97 15 5 230 514
51 81 10 6 369 549
85 30 26 2 242 488
24 6 23 1 399 666
56 34 17 5 427 635
68 2 27 7 678 770
24 77 28 4 504 573
4 57 10 2 361 597
7 8 30 3 419 520
78 12 9 6 437 607
61 44 28 4 491 754
13 99 27 6 281 463
80 23 16 1 221 389
55 31 15 7 360 434
74 84 21 3 294 393
70 35 9 1 356 443
64 10 16 5 559 664
47 94 20 5 485 587
65 38 18 6 326 400
3 17 16 5 522 648
6 95 28 7 521 752
94 85 8 7 540 719
82 76 12 1 309 456
62 15 11 3 347 583
35 74 5 6 518 753
91 16 17 5 461 591
34 11 19 6 674 795
98 40 14 7 290 583
81 23 24 6 623 728
13 5 26 3 716 796
59 76 23 5 296 406
29 88 27 4 371 492
10 59 15 4 428 704
72 63 26 2 339 624
71 42 18 2 671 787
35 78 24 6 490 622
22 89 20 1 453 516
24 89 23 2 237 430
93 7 18 6 212 487
79 4 25 7 561 680
49 35 18 3 324 388
95 88 29 3 260 552
64 43 29 7 348 523
4 55 10 5 252 476
82 66 28 4 417 673
61 21 12 2 591 778
61 87 11 7 582 684
3 87 22 6 216 421
30 96 21 4 328 570
5 12 22 2 438 547
29 91 6 5 234 316
20 3 11 7 204 328
9 11 25 6 491 664
2 57 19 1 636 753
0 72 25 1 332 403
70 83 27 1 589 753
96 27 27 7 492 711
86 85 19 5 302 404
68 45 12 4 478 684
21 31 13 2 470 748
28 1 17 7 251 467
92 10 6 4 264 341
43 94 22 2 631 704
96 61 9 3 332 439
96 46 22 7 600 791
5 60 13 6 304 514
52 0 16 6 416 545
82 59 13 3 549 627
19 76 26 7 254 393
69 86 10 7 296 357
66 3 27 2 424 489
55 66 9 7 544 625
0 28 26 2 367 630
21 54 16 1 282 437
90 87 14 4 667 750
15 6 25 1 424 703
43 49 10 4 256 441
91 30 22 2 330 572
69 8 22 6 621 698
64 15 6 5 398 662
25 11 17 2 421 543
64 45 25 4 360 479
14 91 9 7 219 458
45 100 22 4 520 627
1 5 12 3 308 473
29 69 8 6 474 749
90 64 18 4 221 383
21 87 16 7 426 513
32 3 12 2 218 345
83 2 6 6 413 643
71 100 10 3 419 566
35 88 6 6 513 636
49 87 28 5 468 562
26 1 17 3 426 682
41 100 21 3 321 514
78 98 20 3 345 592
62 9 25 1 471 740
35 73 18 4 255 492
23 51 14 2 235 444
39 85 30 2 483 651
60 47 18 4 542 796
1 76 24 2 336 565
99 2 20 3 315 410
87 19 24 3 284 348
38 41 22 2 358 496
18 43 20 6 586 782
30 12 22 2 262 558
8 40 29 3 396 462
91 31 29 1 219 461
64 36 8 7 476 546
14 27 16 4 441 650
14 12 7 2 372 490
96 99 24 2 557 741
11 71 21 3 478 703
3 55 26 3 376 540
76 94 7 7 669 779
57 82 17 7 433 691
6 100 10 1 552 798
72 58 21 3 360 572
34 15 8 7 384 480
53 46 21 2 250 380
79 66 9 2 253 441
38 28 12 5 486 640
66 23 5 3 512 611
19 80 29 7 437 656
7 4 14 2 410 594
21 64 9 2 450 528
70 88 13 1 291 402
79 91 17 1 299 580
16 13 9 2 719 789
90 63 18 1 315 483
79 77 19 4 273 476
98 22 5 7 342 604
35 58 26 7 447 666
37 53 15 4 302 468
42 78 27 2 242 524
30 61 8 4 441 737
75 31 28 2 509 593
60 0 26 5 224 369
82 11 8 7 592 766
97 61 29 6 390 606
73 96 5 7 528 723
79 76 15 2 235 349
71 60 10 7 571 775
39 45 12 3 284 393
30 49 12 2 257 440
55 18 17 5 265 376
21 48 16 4 446 657
71 15 24 3 356 610
17 19 6 2 465 562
42 57 5 3 660 760
63 51 16 2 303 437
33 16 13 3 669 790
18 0 22 2 393 486
88 91 10 4 299 448
93 6 27 1 594 783
64 3 30 3 333 458
22 95 6 5 343 621
16 38 14 6 202 448
29 5 18 1 582 721
56 46 24 1 319 442
100 78 30 4 369 431
3 57 23 6 501 736
20 98 29 6 489 649
69 1 30 5 375 636
5 15 20 6 408 557
29 38 12 5 504 579
17 44 8 5 402 516
44 89 9 5 482 697
0 21 29 4 284 415
0 58 10 7 356 539
40 96 23 5 250 409
75 7 30 2 231 302
33 90 20 7 330 525
86 16 30 1 424 540
27 87 26 1 527 726
19 54 28 7 421 659
96 36 30 2 324 542
96 87 7 5 467 673
32 54 10 5 375 618
82 88 20 6 478 647
33 35 11 1 291 576
94 19 9 2 327 432
25 5 5 6 419 632
97 48 5 4 400 513
75 55 19 2 615 766
69 28 16 6 266 457
25 61 8 7 209 402
29 82 11 4 256 412
84 47 13 6 394 571
96 10 20 5 238 308
67 42 15 4 248 495
0 93 29 3 315 398
89 96 18 5 336 573
12 29 9 3 387 491
22 24 12 6 300 432
51 64 11 3 219 323
60 33 22 7 267 420
95 11 22 3 310 528
6 29 6 7 230 326
98 24 24 3 410 528
20 81 22 2 298 572
32 58 17 1 509 587
16 59 13 4 629 768
68 47 24 4 203 372
94 80 26 5 534 781
47 63 26 3 548 666
6 44 17 4 576 695
80 43 18 3 518 760
21 90 11 2 448 567
62 76 12 4 529 596
67 36 21 5 398 599
65 49 14 7 488 587
3 18 28 2 259 448
41 8 19 5 696 778
80 5 10 2 328 410
87 98 14 7 210 450
96 20 13 1 325 513
63 0 15 5 665 758
88 38 28 3 218 305
39 81 28 1 277 438
84 6 8 3 217 353
57 91 5 3 574 759
8 31 10 7 397 605
47 73 13 6 406 691
29 85 18 1 530 592
90 68 18 5 450 646
86 55 30 7 473 537
58 83 26 3 406 597
31 33 24 5 383 588
14 20 9 2 256 433
93 74 19 2 646 769
75 62 24 4 600 719
78 11 19 3 345 473
92 14 8 3 356 520
75 15 24 7 208 483
99 39 13 1 364 663
87 24 12 6 527 757
38 46 9 1 550 791
71 78 7 7 592 684
9 4 19 1 257 344
47 64 30 2 578 778
8 51 13 4 356 516
14 62 26 3 441 654
48 4 30 7 557 665
0 100 18 5 350 448
72 28 20 4 586 711
9 80 15 1 317 453
68 34 23 2 445 547
89 51 10 3 450 603
17 57 9 1 562 654
86 87 6 6 439 604
59 27 30 4 298 427
77 63 11 5 244 381
56 41 26 6 299 531
14 52 9 4 376 468
49 13 24 7 495 628
56 31 8 6 567 690
31 51 19 1 391 638
28 52 28 4 447 511
30 98 12 1 533 774
96 23 9 7 351 575
28 13 27 5 434 638
28 63 6 4 252 353
67 73 27 6 408 547
88 49 30 2 517 717
44 37 27 6 274 524
40 62 25 2 404 558
44 32 11 2 583 758
10 3 9 2 622 798
69 71 23 1 514 587
24 69 21 5 492 553
93 70 28 2 254 508
27 72 26 1 234 397
73 29 26 3 539 690
89 23 25 6 337 525
58 64 11 7 503 734
59 14 26 1 309 390
34 16 8 6 459 660
63 47 26 2 533 783
98 50 19 4 394 503
44 80 8 3 557 790
86 56 19 5 227 375
11 60 22 6 319 432
63 63 23 6 451 742
3 48 11 5 264 341
58 3 30 3 289 566
43 60 9 1 328 617
85 95 18 3 292 410
21 98 18 5 490 594
45 19 20 4 417 657
37 95 8 2 266 356
85 10 30 4 380 554
87 75 23 5 638 733
61 4 10 1 432 694
16 8 17 6 674 774
58 77 22 4 386 496
19 4 17 3 311 465
77 99 19 6 309 464
13 76 17 5 266 508
16 11 11 5 509 649
80 35 26 5 295 421
40 26 20 1 548 751
1 33 11 4 392 684
92 90 25 7 337 537
60 88 18 4 519 654
72 18 20 7 332 436
75 75 30 3 229 477
100 73 6 1 350 576
76 70 30 5 537 695
92 65 15 1 662 792
85 57 7 6 241 441
94 36 29 5 421 557
40 89 30 1 507 721
19 75 17 5 538 636
85 42 17 6 442 673
81 30 19 3 226 360
80 71 28 4 334 538
21 55 11 4 251 436
20 38 19 7 306 432
49 9 18 2 234 517
42 71 24 4 402 511
6 80 27 6 213 513
96 75 19 7 589 677
43 12 21 5 224 437
30 4 6 3 512 629
22 82 27 5 294 545
46 36 17 2 265 325
26 7 10 7 463 758
51 0 19 5 459 742
28 2 22 6 627 696
96 67 10 7 481 621
27 81 7 1 506 703
78 79 14 5 402 624
92 77 9 4 520 725
53 37 10 5 291 533
30 36 5 3 627 741
6 97 26 7 479 722
21 81 29 1 500 714
26 77 15 5 368 495
51 60 7 3 703 777
56 69 7 7 508 642
65 76 15 1 537 702
9 67 17 3 431 521
78 2 26 7 206 429
68 38 27 5 607 669
64 46 27 2 334 510
94 16 24 4 236 438
62 26 12 6 493 623
31 54 26 4 220 437
14 26 24 5 687 790
61 1 26 5 382 597
15 7 17 1 413 692
52 54 7 3 482 609
41 4 29 2 284 515
98 91 15 3 536 719
22 79 27 1 304 454
12 47 21 5 206 362
20 35 28 1 260 546
89 8 14 3 207 478
41 30 12 3 529 670
71 26 16 5 472 617
53 13 29 1 258 332
2 60 12 3 435 727
3 44 19 5 267 551
18 81 18 6 367 661
94 39 28 4 530 730
5 23 5 2 369 474
98 61 24 2 457 704
99 66 25 3 314 572
69 29 6 2 575 746
43 63 12 4 660 726
61 79 17 5 379 678
12 61 18 4 251 475
99 38 16 7 508 792
96 39 20 7 466 621
36 31 19 1 501 779
98 12 5 3 382 581
80 97 23 3 482 555
83 86 14 6 423 685
29 52 13 4 550 780
33 34 26 4 502 658
6 45 21 1 655 748
59 30 16 4 510 620
54 59 6 2 435 544
32 19 6 1 344 621
3 12 16 6 452 632
72 11 20 4 234 441
42 90 24 7 568 650
86 94 22 2 383 444
57 43 25 4 482 681
76 3 24 6 230 309
32 30 26 4 465 731
87 55 13 6 204 448
67 18 18 1 200 409
50 81 10 4 564 721
18 18 14 6 537 704
0 25 15 6 474 744
21 60 14 5 292 426
60 41 13 6 525 693
79 57 30 6 202 291
53 57 13 3 309 454
83 55 24 5 324 429
18 16 15 5 305 493
6 98 6 1 519 701
3 0 20 1 468 628
27 45 14 4 568 733
73 64 21 6 544 713
55 29 24 6 689 749
88 40 24 1 273 406
17 0 17 4 439 705
30 25 10 2 312 571
55 90 25 3 394 640
70 51 17 5 325 574
8 100 7 6 233 523
80 61 18 4 379 601
14 50 24 3 439 552
74 11 21 5 669 785
65 43 10 2 261 368
92 39 10 1 216 458
55 92 27 4 238 386
99 65 10 6 282 575
37 46 24 1 399 621
44 34 6 7 335 603
15 57 27 5 451 641
85 82 27 2 339 567
100 23 27 7 693 794
38 79 25 1 407 489
10 12 7 3 373 536
6 89 5 3 582 751
14 18 9 6 365 631
53 18 18 2 332 556
17 62 5 5 246 423
90 66 7 1 325 464
74 76 7 7 500 693
100 97 10 2 411 658
38 70 20 4 304 552
1 96 16 6 367 640
44 58 29 1 406 470
33 89 13 5 327 583
51 57 27 4 575 781
88 60 19 2 362 584
98 39 27 7 395 599
65 10 6 3 572 723
0 52 13 6 282 493
84 5 11 4 261 361
24 34 24 3 397 670
62 18 11 5 454 610
1 73 9 1 355 655
15 52 29 7 305 470
51 35 25 4 284 470
67 29 22 2 598 762
57 17 6 7 220 445
49 20 21 1 606 771
37 94 6 5 270 552
28 49 12 1 302 571
84 94 6 4 411 515
37 61 19 2 314 457
20 58 6 3 475 755
22 5 18 6 211 411
71 48 19 5 255 402
39 28 12 7 265 548
41 10 13 4 307 526
88 6 26 6 539 706
29 49 18 2 714 796
23 20 23 2 485 606
87 50 22 5 633 703
54 3 12 5 673 763
97 35 24 6 341 472
2 65 7 6 685 790
12 27 19 6 517 618
80 67 19 5 475 549
95 77 7 2 392 469
57 37 30 3 611 768
79 6 29 4 274 475
65 66 12 7 558 631
16 27 28 2 491 598
25 34 27 1 388 546
86 100 6 1 562 678
28 56 24 5 482 633
12 12 6 6 296 458
78 21 15 7 502 746
49 41 14 4 238 377
3 15 18 6 548 738
74 14 27 1 365 534
8 66 18 1 255 488
84 17 27 3 641 742
53 32 12 4 238 458
81 59 25 7 578 703
90 0 21 1 207 507
75 63 30 7 513 605
62 44 9 1 570 759
90 90 25 4 393 454
22 68 14 6 504 574
77 83 14 6 371 654
83 79 21 6 697 767
31 28 17 2 512 589
22 66 15 2 330 482
29 37 25 2 433 687
81 66 9 1 329 436
32 55 6 6 542 798
30 73 12 1 350 616
24 54 14 4 200 412
99 70 18 1 687 749
84 82 27 1 351 494
93 37 19 1 451 691
20 85 27 1 643 766
44 87 10 5 356 494
58 96 23 3 223 476
55 22 9 7 708 786
89 40 8 7 283 461
86 38 12 1 325 572
49 7 21 5 235 345
29 68 12 5 347 469
32 5 24 6 280 401
74 89 15 5 385 528
68 50 24 6 220 449
29 6 20 5 589 734
19 0 16 1 314 427
25 10 26 6 537 641
29 22 5 5 524 795
61 62 14 2 399 533
90 84 27 1 262 459
96 6 7 6 520 665
100 8 5 5 365 545
10 45 20 5 656 746
23 74 6 1 355 481
90 49 19 4 429 636
87 95 9 7 262 511
74 60 8 4 311 401
91 70 30 7 309 396
76 82 12 7 247 392
85 83 24 6 485 744
21 100 24 6 404 519
33 78 30 4 502 796
65 80 23 6 627 793
38 36 27 7 677 772
86 74 8 1 430 630
7 39 10 4 356 510
64 97 17 7 352 504
11 79 14 4 418 481
55 49 15 7 289 481
11 13 30 4 485 549
7 18 24 2 263 518
36 55 23 1 570 701
0 56 25 5 434 551
58 1 15 4 344 492
100 69 16 1 398 549
21 69 22 4 215 315
28 81 29 7 288 562
84 78 7 6 367 527
56 95 14 5 662 763
21 79 25 3 526 720
82 27 25 1 212 484
28 34 28 7 553 785
63 89 17 5 239 316
14 63 19 2 493 770
72 79 20 2 307 396
80 81 20 3 363 543
74 15 30 3 240 466
18 37 21 1 406 689
65 45 18 5 692 769
19 35 27 1 211 479
3 91 13 5 408 637
8 20 8 3 244 501
72 95 13 1 668 744
47 9 29 2 505 776
20 8 24 3 412 511
75 64 16 3 274 541
90 15 13 6 209 469
68 80 25 1 418 502
39 29 5 4 211 412
95 93 20 1 489 652
94 51 6 1 646 783
83 53 14 7 276 414
95 43 28 4 482 563
59 72 14 6 625 793
85 49 7 5 432 527
64 11 18 2 229 525
51 31 19 6 404 547
67 38 24 2 567 790
88 80 19 1 425 497
77 72 14 4 604 666
70 45 5 2 307 501
43 46 16 5 386 619
78 24 21 1 552 616
