883
82 63 0 0 0 0
77 4 30 6 435 535
88 58 28 3 202 433
17 75 24 5 489 638
33 80 18 2 507 580
85 2 7 4 457 714
23 61 30 3 276 492
68 23 5 5 245 435
34 86 14 4 655 757
50 41 21 1 529 687
98 46 29 1 614 794
8 1 11 4 237 504
69 65 11 1 515 787
42 26 25 7 333 477
56 63 7 3 547 712
52 79 17 1 317 428
13 92 10 2 317 538
5 32 20 7 426 601
72 75 27 2 513 796
33 77 14 3 356 611
31 53 15 5 487 761
82 84 17 1 336 455
82 6 25 7 420 699
4 60 9 1 522 614
30 38 23 5 657 794
58 52 20 7 693 765
87 58 24 7 279 485
33 30 29 7 347 429
17 100 10 5 591 724
5 91 14 5 323 401
65 10 13 3 404 630
47 34 29 7 256 479
82 78 16 3 295 470
36 64 8 6 285 495
4 28 10 4 471 608
99 7 12 5 421 611
47 9 15 7 299 520
69 94 18 4 527 727
91 31 18 2 601 732
25 4 9 1 313 582
76 78 19 2 211 362
77 58 29 5 559 769
53 87 5 3 398 688
84 66 16 6 228 440
57 32 6 7 281 430
59 99 24 1 309 445
34 15 8 6 427 709
41 58 20 2 421 639
61 4 20 6 282 373
67 82 9 7 250 465
83 17 29 5 244 491
74 57 10 4 484 776
77 54 22 2 623 697
19 45 28 3 624 756
35 3 7 7 591 767
54 68 21 7 500 739
83 92 18 5 511 763
59 42 23 3 539 661
16 50 12 2 674 784
54 91 16 6 288 571
26 51 5 3 235 434
68 58 9 2 408 611
12 7 12 1 236 340
79 38 17 7 270 488
78 52 28 6 442 734
80 100 7 3 386 560
23 75 23 1 502 703
98 10 8 5 313 382
45 12 24 2 434 566
53 6 7 5 404 540
83 54 18 7 563 791
72 34 6 1 410 670
41 20 27 7 372 611
58 12 23 3 345 518
50 48 24 2 573 734
90 90 21 3 266 527
31 18 20 2 296 491
89 13 29 4 406 677
13 80 11 1 335 585
64 36 19 6 352 467
4 53 7 2 366 492
68 10 14 2 318 380
1 52 29 3 599 780
7 43 22 2 366 572
94 86 28 7 454 674
34 97 30 2 544 616
20 32 19 2 552 741
39 36 10 7 273 369
60 85 30 6 201 313
41 56 20 6 341 551
64 65 8 5 529 681
6 19 13 5 580 794
7 17 29 7 692 771
71 30 12 2 527 704
93 9 6 3 322 393
21 16 29 4 572 761
6 21 17 7 587 766
58 31 20 2 330 619
96 88 26 1 258 436
94 85 30 7 469 633
24 56 19 4 300 496
29 14 29 6 339 456
26 54 23 5 348 498
96 15 7 4 345 424
87 52 25 5 713 789
53 5 23 1 478 757
27 15 8 5 288 479
12 92 19 6 320 446
33 23 29 3 404 577
68 22 14 6 436 577
92 18 5 4 348 583
41 97 10 3 222 401
24 54 9 1 235 297
52 63 20 6 471 627
43 10 19 1 430 636
82 42 22 3 364 547
78 34 18 2 472 752
60 98 16 1 391 568
71 48 7 6 309 448
76 2 30 4 456 607
48 42 24 4 267 412
86 27 28 3 336 399
31 65 18 3 213 449
61 78 30 2 545 758
67 96 20 1 395 506
26 57 21 1 342 466
21 63 23 6 472 681
45 18 15 4 498 794
91 84 11 4 326 444
83 0 8 6 515 625
68 64 30 5 377 618
86 7 10 3 438 540
29 73 5 5 426 725
28 93 21 2 356 460
91 1 8 2 259 408
100 56 22 5 470 684
88 29 12 7 251 366
10 62 17 5 605 800
67 100 30 6 550 739
11 65 8 3 568 693
10 44 28 3 694 765
79 62 30 7 238 380
77 30 9 5 388 479
87 31 23 6 585 732
0 40 24 1 458 549
58 67 22 6 665 791
31 89 21 6 288 446
45 76 24 5 699 767
22 17 9 6 701 796
20 48 26 2 398 501
20 44 13 2 326 578
29 50 9 6 361 431
93 81 8 5 276 469
53 51 28 7 398 576
33 26 17 5 478 680
41 10 13 1 531 613
28 86 26 5 402 670
13 33 8 3 321 542
79 80 22 7 330 544
65 41 30 1 437 607
97 55 14 4 367 581
5 88 7 4 277 376
0 77 10 4 438 529
67 65 29 5 356 557
100 99 17 6 348 546
79 18 24 7 414 511
90 46 25 2 234 503
45 66 25 4 551 666
99 51 17 5 329 623
3 25 10 6 454 602
59 84 25 5 256 406
17 12 5 1 375 602
19 30 17 2 417 574
53 32 9 1 513 675
57 87 22 4 289 351
93 15 13 6 386 517
93 12 15 6 420 689
34 99 29 5 422 664
16 55 27 7 638 740
87 51 22 6 243 339
47 91 20 2 242 368
95 56 13 3 218 346
75 90 12 7 456 699
71 11 19 7 298 509
5 22 29 7 220 469
90 39 15 7 583 702
44 26 27 2 219 387
67 15 25 2 237 467
20 40 8 7 417 661
9 23 20 7 498 767
54 15 22 1 313 470
74 83 27 1 590 791
48 7 9 5 201 330
16 62 5 2 551 611
19 61 7 5 448 576
70 68 11 5 293 499
9 64 19 7 545 719
1 41 14 6 416 503
4 42 22 5 276 520
52 18 28 2 633 735
1 28 24 3 533 610
12 36 15 7 306 418
6 22 14 3 663 760
62 84 6 1 559 706
41 33 29 2 302 524
30 13 14 6 348 531
55 62 14 3 267 381
71 25 30 3 597 786
73 86 30 6 478 676
70 13 19 6 622 800
27 94 5 2 211 443
2 39 8 3 340 461
99 97 7 3 554 616
37 45 18 1 329 500
59 43 24 4 318 483
53 79 29 3 632 763
14 29 27 5 304 497
91 75 26 1 623 710
14 89 23 5 435 647
63 92 19 4 271 439
39 10 6 4 387 683
95 51 21 2 221 286
10 91 9 2 396 649
80 79 15 7 346 557
42 11 17 4 566 656
78 17 24 4 493 597
35 30 26 5 400 504
32 63 24 4 536 698
5 20 22 6 453 668
19 8 6 5 350 546
52 3 26 4 206 445
29 81 16 7 451 595
97 85 22 4 484 772
26 10 16 7 412 556
0 2 17 7 287 524
24 89 17 1 572 731
8 100 25 6 502 798
17 80 25 2 249 355
59 69 16 3 686 781
97 52 6 5 359 498
6 10 19 7 421 693
86 89 9 7 352 418
73 66 5 2 511 765
13 26 12 2 297 504
75 3 9 1 372 588
67 85 10 2 396 548
84 97 9 3 586 650
93 86 12 6 555 631
43 47 22 7 306 552
36 34 11 7 499 577
69 30 8 2 346 599
31 8 26 3 523 797
15 57 19 7 492 697
73 23 21 6 396 583
66 91 19 2 230 320
10 97 11 5 686 790
72 6 12 6 372 571
75 46 20 3 278 390
24 72 8 6 367 459
74 48 22 7 601 694
2 60 16 6 570 716
25 65 21 6 243 375
52 8 28 1 715 796
13 51 21 4 432 703
21 94 27 4 209 412
95 95 8 3 229 472
100 66 13 2 282 521
1 97 27 3 445 577
2 82 15 2 318 509
64 11 16 3 584 717
65 65 8 7 673 789
33 96 10 4 354 425
93 75 10 1 529 753
57 9 28 3 520 633
80 4 19 6 449 614
53 29 20 7 272 475
52 73 19 2 672 762
28 27 22 7 444 555
13 1 19 1 276 471
33 18 19 1 316 479
94 64 21 2 452 589
25 57 27 2 396 683
23 87 20 2 465 591
6 39 16 7 669 785
14 39 20 2 205 483
17 17 29 4 454 695
10 31 11 6 525 756
25 49 28 4 523 646
64 97 29 5 491 738
12 74 22 6 704 785
48 53 10 1 272 352
98 61 15 1 484 586
71 26 25 6 304 410
18 67 22 2 464 711
7 48 20 2 408 677
20 11 6 7 477 722
0 23 13 1 288 379
24 10 30 2 203 447
35 89 30 1 383 675
20 13 23 4 310 421
52 4 5 4 299 411
51 94 17 5 201 418
30 43 10 6 217 316
89 37 20 6 630 721
95 68 12 6 468 661
14 24 30 2 562 790
70 67 22 1 387 545
1 77 6 7 518 640
60 51 26 5 232 463
33 15 23 2 373 564
97 88 19 1 481 745
13 47 29 4 369 523
87 85 6 1 287 518
84 16 22 7 627 752
11 32 19 5 227 399
97 30 30 6 392 677
67 83 28 4 488 558
46 8 5 1 431 517
37 79 24 4 205 398
13 62 8 6 409 554
93 64 8 1 373 592
68 88 15 4 314 394
50 24 5 5 585 725
92 89 22 2 692 780
45 25 28 6 521 697
57 85 9 5 419 625
0 21 20 6 541 639
13 13 30 1 357 626
73 76 17 2 624 775
57 66 21 2 401 484
55 8 12 6 401 469
100 2 24 6 423 696
73 58 17 1 546 611
50 27 17 7 236 300
20 47 20 4 479 662
36 26 24 4 225 430
100 74 12 6 460 740
45 19 22 1 509 616
84 65 25 1 289 540
55 33 19 2 455 689
40 14 21 7 466 685
59 22 19 6 339 441
41 91 8 7 559 644
81 73 10 4 539 663
25 26 26 2 373 632
5 74 26 2 348 465
78 97 8 4 466 682
4 13 13 5 595 727
100 92 15 1 371 463
78 50 18 2 497 660
21 46 12 6 268 424
5 100 22 6 305 528
28 96 23 2 528 711
7 41 30 7 406 593
83 2 10 6 218 498
42 86 15 2 305 569
19 82 20 6 499 773
37 87 24 6 595 696
33 8 14 4 584 702
19 79 6 1 284 452
42 78 25 2 246 429
42 48 22 6 258 504
91 63 17 1 347 547
34 22 17 4 634 772
3 95 26 2 310 444
94 65 13 5 525 613
68 90 11 5 393 459
27 17 5 6 446 697
50 67 29 4 547 681
80 63 18 3 409 663
53 15 13 4 289 478
48 54 29 5 374 662
90 36 14 6 482 663
42 25 7 4 656 790
18 64 9 1 482 617
43 91 11 4 355 527
41 66 17 6 351 538
91 15 12 2 616 776
15 100 16 5 513 627
23 34 14 1 593 787
36 69 14 5 583 744
44 61 20 3 406 489
68 57 29 1 348 481
33 39 22 4 339 477
51 47 14 4 638 716
12 30 17 6 553 679
46 36 18 3 635 780
60 34 7 7 642 707
70 56 14 1 204 376
40 44 18 1 202 490
35 83 22 4 480 616
89 19 8 4 283 479
14 99 16 4 539 763
20 24 19 5 460 665
65 11 12 3 688 773
3 90 17 6 469 768
15 76 7 7 484 575
24 9 6 6 406 492
40 53 7 5 236 484
20 77 28 5 316 427
23 45 26 7 232 530
45 29 20 3 248 411
89 84 10 6 622 709
56 12 28 6 214 357
54 39 14 5 314 544
34 80 22 3 535 673
2 65 17 6 380 542
79 15 20 3 458 679
26 55 26 4 255 400
44 42 29 4 697 785
51 49 29 6 534 769
70 6 29 4 392 545
7 23 22 1 226 501
66 36 19 7 705 771
64 86 6 4 657 730
81 42 7 4 666 730
9 12 13 3 584 723
85 32 5 3 477 687
61 38 30 7 411 698
76 86 23 4 302 459
25 91 10 1 459 554
44 88 28 7 686 759
41 31 7 6 539 786
40 54 13 3 217 433
21 78 9 5 228 505
34 12 17 2 492 774
50 30 11 7 241 379
61 65 9 3 349 476
77 33 10 2 441 696
31 48 17 1 469 670
67 19 7 4 348 475
50 53 9 7 260 492
72 38 21 5 430 538
8 52 25 2 605 792
7 92 30 6 202 295
95 98 5 5 324 491
63 37 5 3 411 561
74 91 11 4 515 743
46 45 26 3 403 683
9 60 9 1 238 521
73 71 10 4 533 718
89 22 27 5 484 581
88 27 24 2 634 794
58 46 30 5 696 776
67 11 10 7 333 627
70 81 24 4 474 709
63 18 10 7 205 318
32 68 27 1 280 560
7 14 28 6 304 502
96 61 27 7 318 609
59 75 10 3 334 524
72 51 19 1 453 699
24 19 13 2 493 614
80 78 6 2 220 399
100 36 6 4 217 317
64 95 28 3 431 660
37 54 5 4 612 677
47 71 17 7 544 723
47 31 22 5 581 791
86 92 23 6 409 707
93 3 19 2 613 701
62 86 23 2 376 520
8 9 16 4 661 731
6 34 21 2 262 485
80 50 27 3 375 604
8 13 16 3 275 359
59 32 10 3 225 441
69 13 5 1 576 661
0 45 30 7 255 444
60 87 29 7 523 615
85 91 13 4 203 479
61 100 26 7 284 401
69 57 24 4 300 550
82 50 21 4 270 349
37 53 27 4 432 619
95 20 12 2 396 468
46 23 8 2 320 539
8 96 6 1 447 737
55 48 17 1 595 748
60 74 8 5 715 782
67 75 12 5 339 475
3 11 29 2 327 473
36 16 28 4 415 713
69 8 14 4 389 537
25 72 10 3 689 764
4 1 21 1 243 488
12 91 18 6 227 430
87 6 16 7 424 598
64 89 10 3 246 364
11 89 11 5 202 377
78 54 14 3 421 639
19 32 13 1 322 434
98 89 25 4 232 345
91 4 16 6 513 752
6 42 30 5 366 617
80 89 17 3 327 472
14 40 15 1 556 647
50 54 6 6 522 765
16 91 15 3 368 552
55 100 29 4 246 382
17 6 20 7 506 738
100 44 19 1 354 454
85 88 14 2 419 677
77 63 22 3 295 473
86 28 30 5 270 569
21 88 27 5 423 641
72 40 16 2 590 791
97 77 23 5 492 782
88 6 6 7 662 735
52 71 28 4 626 692
48 94 8 4 568 655
32 99 7 2 480 736
25 83 25 4 633 765
16 32 15 4 593 740
72 25 7 7 574 788
45 1 15 2 483 576
67 66 15 6 305 591
51 89 10 2 280 562
89 16 10 7 245 383
2 68 12 4 457 584
63 78 27 5 450 581
68 77 16 3 312 508
66 41 13 7 503 764
11 76 12 2 504 726
7 4 19 5 326 457
4 50 29 5 556 752
3 18 27 6 268 523
27 59 14 2 440 686
35 85 12 5 411 477
19 53 28 3 663 746
82 37 24 6 606 783
49 100 11 6 324 429
4 0 8 2 461 599
42 43 20 2 253 544
3 72 10 1 322 570
59 1 8 3 395 468
49 32 18 4 266 469
61 94 23 6 682 794
97 87 18 4 273 403
99 16 16 2 238 404
35 11 5 6 425 713
67 97 12 5 279 551
87 11 28 5 460 705
43 52 16 3 467 767
54 19 14 3 330 619
46 6 7 4 314 418
25 81 16 3 546 743
71 6 5 3 451 582
78 14 27 7 387 629
68 66 9 2 484 594
76 65 25 4 424 530
83 5 10 7 604 716
12 23 24 5 459 741
91 40 29 1 385 543
30 97 17 2 307 466
92 66 21 2 456 716
20 21 30 3 561 732
14 69 13 7 459 582
73 38 15 5 203 428
45 64 7 5 312 560
67 46 25 5 529 613
29 9 11 6 204 292
92 11 29 1 265 471
30 87 21 6 585 787
4 30 20 4 205 413
53 45 5 4 438 608
54 64 19 4 236 398
86 69 14 2 497 727
49 51 16 4 588 654
53 58 13 2 388 532
86 21 24 5 469 600
39 28 28 1 237 356
96 35 29 3 432 716
55 44 30 6 237 383
71 75 19 1 260 455
21 99 11 2 306 386
9 58 15 1 375 670
23 85 23 7 261 411
81 49 24 4 208 476
26 95 17 5 692 765
96 49 9 4 333 484
63 98 27 1 348 635
69 73 15 2 638 760
59 85 29 1 528 729
98 86 22 2 240 454
39 24 28 1 247 445
26 38 30 5 537 638
19 72 30 1 456 755
98 9 7 6 321 588
75 58 24 6 287 569
97 80 16 6 212 308
30 76 15 4 426 594
62 48 29 5 286 565
68 34 10 7 341 581
36 10 24 6 395 578
47 79 8 7 391 624
40 97 6 2 389 484
98 19 17 4 404 688
66 15 17 3 211 392
100 86 25 1 418 662
28 65 27 7 240 314
25 76 23 7 449 573
39 34 9 3 391 496
40 74 5 4 609 760
84 28 24 6 364 450
11 50 22 6 624 774
13 81 6 1 489 661
56 39 29 2 383 506
47 21 8 5 337 615
22 21 20 7 507 758
29 36 22 4 408 508
21 30 16 5 519 633
95 1 29 5 425 587
58 35 26 6 272 570
14 23 5 2 483 742
82 47 12 6 431 725
0 69 19 4 280 475
3 60 7 7 201 424
18 32 10 7 331 581
24 95 15 3 288 474
58 45 16 5 205 266
77 55 25 5 483 715
99 55 12 4 225 360
54 4 8 2 533 621
33 21 11 5 612 752
91 18 5 3 330 509
80 59 13 6 228 524
90 7 9 7 530 710
83 23 25 1 284 574
52 90 19 2 297 505
54 45 27 4 301 543
37 59 10 4 342 577
77 48 30 4 599 688
45 88 13 1 413 672
29 77 7 4 286 408
51 90 7 3 256 468
47 1 22 2 406 629
22 47 26 5 327 447
20 28 13 7 517 661
4 32 12 3 411 596
53 40 25 7 332 431
47 59 15 3 592 685
29 60 21 1 238 537
69 1 20 1 461 650
37 35 13 1 373 447
3 47 18 3 345 612
23 92 30 7 387 457
43 1 13 7 480 589
21 4 24 5 424 707
10 75 27 5 307 591
96 70 9 1 589 719
24 21 14 5 383 579
36 100 7 7 510 593
15 37 6 5 318 554
68 13 15 3 316 468
39 11 16 7 568 735
79 39 26 4 508 641
46 25 10 5 459 592
46 86 6 2 496 627
0 91 20 7 229 357
7 24 26 6 225 368
51 17 22 7 407 518
84 35 13 4 565 642
81 56 18 7 238 354
53 85 27 2 255 346
69 33 5 4 235 528
87 46 23 1 578 795
84 14 30 2 353 490
33 1 11 5 537 795
98 93 13 6 363 453
63 70 14 7 455 628
40 50 16 5 556 712
36 52 26 7 514 771
69 99 5 7 235 520
19 62 30 5 436 509
49 88 28 6 566 639
80 32 26 5 669 776
2 6 14 3 275 538
38 0 26 3 417 606
15 94 25 1 379 653
61 74 21 7 368 528
55 12 30 6 536 674
7 66 23 1 214 274
64 34 18 2 609 711
50 36 28 5 319 471
93 94 14 4 626 786
75 13 26 6 286 524
60 92 17 7 343 619
83 56 7 1 264 482
17 62 30 1 287 565
6 94 11 2 506 772
59 5 8 1 319 571
93 31 11 1 335 395
10 94 7 4 621 717
49 75 28 1 350 520
60 14 7 5 467 589
42 6 30 2 417 586
38 73 26 5 429 711
20 73 17 5 582 652
100 68 14 2 454 719
39 97 27 5 361 539
74 89 24 6 399 558
36 60 12 5 257 519
56 94 28 1 317 583
11 21 18 2 363 461
20 53 6 7 438 673
33 56 18 2 623 766
66 22 20 4 563 754
73 2 8 7 444 530
94 31 24 2 209 393
11 88 11 7 455 711
58 63 5 7 226 292
1 46 6 2 502 604
80 25 23 3 560 737
63 29 17 2 484 699
49 53 20 3 392 633
21 65 19 5 207 403
20 35 30 5 308 449
91 58 22 7 494 592
18 40 13 7 668 751
56 45 12 5 599 771
70 41 27 2 583 687
77 83 19 1 249 482
90 50 13 1 474 589
21 33 11 4 397 599
46 58 14 7 583 734
98 72 22 5 621 696
50 76 8 1 221 335
35 53 23 7 436 585
13 36 17 2 429 570
97 19 23 6 439 586
10 77 25 2 534 745
16 82 12 7 443 662
3 53 7 7 288 505
81 62 26 7 693 794
29 16 15 6 555 747
69 72 6 7 450 637
33 67 17 7 439 595
82 71 24 5 507 676
99 1 26 2 590 674
75 74 5 4 246 443
76 16 30 5 351 645
99 12 10 1 435 624
25 23 25 2 280 525
77 76 12 5 607 679
47 41 12 5 247 343
82 2 25 7 311 448
74 77 19 1 214 489
29 94 11 5 652 793
25 6 5 1 484 733
85 55 13 7 403 575
75 1 30 7 553 798
98 23 17 5 203 493
93 66 13 4 598 789
20 78 11 4 333 628
84 64 14 1 281 439
56 74 28 1 394 552
19 24 13 6 252 389
53 99 8 3 584 686
27 98 11 7 514 587
91 45 20 3 490 578
49 25 22 1 408 565
8 40 14 5 487 613
42 95 11 3 343 595
89 94 14 6 268 412
17 85 28 5 293 502
58 93 27 6 437 502
55 31 30 7 604 681
45 95 13 2 285 495
26 30 20 4 622 765
30 89 22 6 216 398
73 37 21 7 661 783
74 88 25 1 324 525
22 54 20 2 313 451
38 61 29 2 466 759
71 82 25 6 556 795
28 18 10 3 544 605
90 9 18 4 341 556
22 84 9 1 535 749
21 9 14 3 401 523
100 61 29 1 548 704
70 49 19 5 510 656
35 10 10 6 564 716
62 81 19 2 258 388
76 38 25 7 701 792
53 36 16 7 426 655
3 7 8 6 364 557
93 90 19 3 298 385
14 21 9 6 485 735
25 61 14 6 498 648
73 100 22 5 281 366
80 31 14 7 488 598
79 71 27 7 571 753
19 6 25 7 556 791
31 78 27 4 567 660
27 75 11 7 545 710
81 40 12 3 580 666
97 93 5 1 420 582
25 28 19 1 221 391
53 2 14 2 576 638
52 99 25 2 469 684
32 64 24 3 379 548
53 17 10 2 455 751
39 80 6 6 206 325
86 51 23 3 229 453
10 13 29 2 492 693
18 98 13 7 534 746
23 37 23 5 253 493
54 59 17 5 428 642
13 94 19 4 495 581
86 11 10 2 616 677
41 73 27 4 452 558
74 22 20 4 453 552
27 85 21 6 509 603
90 29 29 1 337 599
82 3 15 6 213 499
29 32 11 5 381 665
76 87 21 4 529 626
86 17 9 1 451 726
7 71 9 4 630 799
15 82 13 2 551 628
58 95 24 4 399 516
69 39 7 7 516 579
89 65 19 7 449 610
12 64 26 2 456 689
17 56 22 5 235 504
50 74 15 5 548 739
30 22 23 3 656 781
42 14 5 4 212 489
16 8 13 1 466 528
38 28 6 6 631 725
19 70 8 1 212 433
72 23 28 3 232 339
83 87 25 5 290 376
60 1 15 6 454 592
71 100 14 1 450 675
78 26 15 5 404 489
42 74 6 1 277 552
93 52 6 5 518 625
46 54 26 4 539 725
4 81 30 2 567 720
31 36 13 4 255 546
45 41 7 1 676 799
76 6 7 5 519 617
83 72 14 5 462 696
22 62 11 2 433 578
45 14 12 5 512 596
40 65 26 5 288 468
9 69 7 5 408 644
67 48 26 3 438 578
30 49 25 5 355 437
41 89 15 3 444 613
77 51 11 4 442 590
23 78 13 5 729 794
69 44 15 1 364 636
49 13 13 7 351 494
54 3 14 3 203 447
66 62 21 7 426 651
100 89 9 5 360 608
18 76 6 5 406 581
64 39 14 3 565 642
22 81 9 3 529 739
5 19 22 7 203 461
89 10 14 3 439 709
21 79 8 6 605 787
92 62 21 4 352 568
15 96 21 2 242 493
28 58 23 4 344 457
40 9 7 3 539 631
27 54 23 4 279 358
67 21 30 5 308 566
65 31 5 1 414 628
51 28 16 1 538 712
95 41 29 2 252 327
57 7 15 2 567 727
7 58 26 7 219 515
59 88 11 6 574 733
85 26 9 6 201 388
86 30 29 5 244 500
77 68 6 7 359 517
92 59 18 7 329 416
74 95 13 5 680 774
59 92 30 3 455 606
