567
22 31 0 0 0 0
53 23 17 7 292 363
39 80 15 4 472 561
54 71 11 6 242 457
70 21 20 5 334 511
74 47 20 3 521 637
75 32 11 6 221 442
12 99 21 5 469 600
60 19 28 1 511 636
93 39 13 5 225 296
82 34 17 6 622 687
64 97 6 3 323 583
56 83 27 3 380 458
70 75 29 6 372 466
49 2 20 1 404 493
6 83 27 1 531 769
21 23 17 4 617 752
65 38 16 1 270 417
53 95 21 1 480 585
14 48 18 2 206 298
54 41 5 4 583 783
49 80 21 6 550 719
80 6 13 2 556 685
14 53 12 1 284 368
69 77 10 6 358 550
87 70 15 1 225 418
57 86 13 6 326 562
58 61 5 4 477 612
38 25 20 7 425 508
44 68 23 2 621 781
55 10 6 7 410 633
53 71 14 1 519 602
36 71 11 4 404 482
99 43 21 3 428 691
73 68 8 4 474 548
48 7 20 4 467 601
68 83 22 6 541 640
86 26 8 1 449 538
2 3 8 1 462 651
8 85 23 2 512 678
53 93 19 1 326 473
10 31 13 6 409 565
34 76 18 7 388 499
79 17 5 4 413 701
57 62 14 7 537 758
47 25 24 6 508 643
37 100 10 5 481 562
95 25 21 5 333 425
67 90 7 2 507 743
50 37 13 2 493 692
82 44 23 6 212 312
41 62 25 2 363 641
44 5 25 7 468 529
67 83 22 6 582 763
71 61 15 7 297 526
14 84 12 1 451 748
72 19 11 3 604 676
21 54 29 1 390 602
15 74 23 6 207 272
73 56 11 7 240 535
71 11 16 3 514 626
60 36 23 2 517 599
0 28 29 7 493 580
38 43 29 4 570 747
83 34 28 7 649 745
9 11 17 3 240 350
25 48 24 6 386 675
56 91 13 6 374 560
82 2 13 5 258 433
61 23 16 4 259 370
16 27 19 2 402 558
65 95 12 7 520 678
16 35 21 3 506 624
67 1 27 3 649 770
4 97 27 5 326 446
67 19 25 3 410 657
49 22 6 6 433 524
2 86 23 3 563 775
95 62 10 4 330 459
31 79 26 6 412 651
42 81 29 6 474 638
18 60 17 3 445 728
65 64 25 6 535 785
75 42 16 1 536 767
38 64 9 3 466 582
6 7 23 6 248 452
34 93 16 7 410 474
20 86 29 7 449 641
55 100 12 1 418 682
77 66 19 1 390 585
93 35 8 7 295 425
86 79 5 7 215 398
51 90 17 5 580 719
94 97 18 4 392 508
14 69 21 1 501 740
54 13 5 4 311 553
62 31 6 1 420 575
31 52 12 5 560 682
10 96 11 3 313 507
14 45 28 7 361 510
42 13 22 4 424 685
55 33 17 4 597 703
91 24 6 5 478 546
82 33 14 3 384 546
76 6 25 6 573 662
66 88 5 6 706 769
73 37 20 3 527 614
13 80 14 5 269 505
89 41 6 3 481 605
99 48 15 5 614 744
80 57 26 3 353 460
42 83 19 6 613 770
21 0 28 1 439 645
62 89 22 4 523 680
88 17 24 2 319 544
99 72 5 3 406 677
23 58 25 5 372 546
47 19 29 3 454 724
80 11 11 5 533 682
50 67 28 5 435 633
79 75 24 5 433 638
94 53 17 2 532 698
85 58 22 7 515 800
90 74 27 3 597 685
90 53 21 7 351 413
0 29 25 6 254 404
88 34 12 3 513 757
89 63 14 3 394 635
88 69 15 4 459 668
17 76 24 5 454 754
17 64 25 6 512 708
1 77 6 7 460 730
83 11 9 6 347 573
75 29 26 5 542 761
2 10 19 4 351 504
63 68 18 4 356 647
91 11 27 1 348 579
59 47 15 2 287 463
44 82 19 2 458 664
36 15 18 4 358 461
16 43 26 6 276 491
95 72 24 7 515 700
93 84 19 4 427 645
60 25 15 5 439 599
16 49 23 1 278 423
4 45 14 3 443 701
15 79 11 1 204 278
25 13 27 2 493 694
15 88 30 5 561 749
84 69 14 1 252 450
35 79 20 6 326 569
44 72 24 6 506 672
29 42 26 5 481 753
2 95 30 7 399 646
74 22 10 7 422 685
88 78 6 6 243 532
74 4 8 1 454 702
52 34 7 4 682 776
22 100 29 7 366 578
57 84 6 5 236 357
16 11 5 7 576 766
51 57 26 4 299 426
96 15 25 7 319 427
34 62 20 4 234 352
2 39 30 4 588 714
34 98 22 1 392 568
25 92 29 7 396 481
36 32 26 5 397 528
38 12 30 7 398 532
12 14 27 2 528 703
62 24 6 2 569 750
63 97 22 7 482 763
63 8 27 4 423 663
52 8 7 6 618 766
92 46 27 4 269 565
86 13 24 6 599 745
75 47 25 7 322 490
77 85 15 7 322 476
55 18 6 3 473 663
60 56 7 2 495 686
50 15 20 3 646 751
65 87 29 7 392 517
84 85 19 1 277 501
51 53 26 7 268 336
60 100 21 4 321 579
42 9 26 4 373 459
60 73 6 5 583 737
6 30 27 5 256 369
26 23 24 7 280 402
89 89 14 6 693 786
35 65 19 2 618 750
23 89 12 4 428 528
23 71 30 5 587 649
44 97 28 6 407 496
23 88 8 2 496 565
48 64 25 3 305 436
23 4 18 5 349 444
5 40 22 4 212 412
69 17 16 7 271 510
80 80 21 5 448 656
6 71 17 7 321 518
90 21 23 3 282 484
56 99 20 4 533 766
87 97 16 3 699 786
80 63 13 6 268 421
52 99 26 7 668 738
4 70 21 1 473 615
95 7 20 6 227 379
86 95 21 5 499 581
81 96 17 1 639 783
39 42 25 4 495 764
73 45 26 6 285 530
14 54 14 1 231 445
74 43 21 5 552 766
4 23 27 7 398 565
92 29 27 4 650 735
51 12 18 4 660 750
26 15 22 4 477 726
98 53 13 7 542 635
85 21 12 1 200 285
12 97 22 3 483 620
30 75 28 4 582 773
91 82 16 7 572 661
91 95 30 1 427 603
34 59 12 3 320 598
29 48 19 4 443 666
90 69 13 6 536 620
26 33 13 3 243 509
30 45 27 4 352 479
93 78 9 2 274 404
5 16 7 7 304 575
32 0 26 5 315 413
73 1 20 7 236 406
63 78 26 1 358 644
47 28 28 7 633 771
74 50 9 3 265 475
15 93 21 7 417 481
25 24 22 4 498 597
97 62 30 1 326 518
14 43 30 3 441 539
24 96 29 3 564 798
97 74 7 3 491 705
4 86 22 4 542 794
4 64 16 1 538 794
9 9 14 5 392 462
25 71 29 5 466 635
42 53 24 5 203 369
89 68 9 2 614 686
87 62 7 6 388 663
4 18 24 2 440 738
50 23 9 1 550 742
32 53 10 7 466 604
41 71 24 7 340 513
61 58 26 1 307 452
6 82 10 3 506 734
86 63 9 7 403 583
20 20 24 6 351 455
69 48 25 5 294 456
42 31 6 2 241 489
31 85 16 7 373 437
85 72 25 2 541 777
81 57 5 7 612 800
51 92 17 6 323 510
97 27 16 1 350 618
69 93 26 6 530 750
17 38 19 1 248 379
50 92 6 6 206 305
69 33 18 6 392 679
49 25 27 5 333 630
94 87 13 7 312 532
92 80 29 1 365 597
78 15 6 7 639 739
61 67 19 2 401 466
15 24 25 1 380 547
89 33 19 7 274 548
54 98 15 4 354 498
73 89 21 6 519 793
76 64 13 2 269 527
1 94 8 4 251 393
18 24 7 5 616 690
62 12 29 2 213 309
60 80 15 5 221 454
7 74 18 3 205 391
96 52 15 7 653 771
64 77 25 5 293 441
11 46 13 2 278 527
42 74 6 5 503 790
93 37 10 7 489 583
78 92 19 1 682 788
52 79 26 5 629 696
61 43 18 2 334 419
2 36 23 1 298 590
3 50 9 2 272 358
54 76 15 2 577 668
32 92 28 5 255 392
58 65 15 1 284 513
35 36 9 6 356 629
51 2 17 3 214 432
59 14 22 6 373 649
77 69 16 7 518 767
92 42 30 2 254 496
95 43 13 7 484 672
98 27 22 7 451 733
22 44 27 2 367 647
55 98 6 1 393 604
59 90 16 1 216 495
28 37 9 7 281 478
44 76 5 6 322 468
64 2 16 3 425 704
83 48 10 2 503 748
44 89 18 6 282 361
0 44 30 4 323 470
68 76 15 4 311 451
19 11 10 3 325 583
38 15 16 4 421 483
38 65 16 2 432 605
94 7 25 2 705 775
81 56 8 4 564 690
97 56 9 6 364 601
75 41 5 3 255 523
49 42 13 3 420 673
50 47 20 5 266 329
91 3 8 2 430 532
8 69 26 4 230 343
82 96 16 4 494 582
52 10 7 4 539 726
19 85 25 5 332 571
100 54 11 5 380 485
21 35 20 7 377 635
50 13 6 4 285 508
58 24 13 3 320 503
78 81 29 7 485 746
68 75 12 3 249 514
69 73 8 1 295 527
95 6 14 7 309 475
87 41 13 6 435 686
58 22 29 5 227 503
8 58 7 2 720 795
85 74 17 3 531 666
28 63 24 6 654 763
75 87 22 6 302 560
14 15 21 5 230 353
56 75 24 4 252 363
96 71 7 7 261 512
64 4 29 6 234 313
72 2 30 6 309 565
31 95 9 7 543 786
62 32 9 3 329 527
65 27 18 5 330 625
99 68 14 3 662 762
13 84 27 1 512 584
8 8 18 6 490 604
80 76 21 7 282 443
48 92 24 5 277 339
15 95 21 1 472 733
93 49 27 2 431 723
98 65 15 1 672 779
0 10 20 1 469 659
30 89 8 5 211 454
1 19 19 6 400 638
65 52 22 1 324 413
6 50 11 4 231 522
99 7 8 3 629 727
17 33 17 6 277 575
78 8 5 7 291 544
47 74 18 7 508 745
70 32 9 2 484 753
77 44 18 4 293 592
5 89 17 1 283 470
75 31 9 5 441 546
34 75 17 1 505 670
63 21 26 2 262 369
45 91 21 1 202 381
15 42 17 4 325 540
45 93 14 3 294 360
64 23 5 5 334 597
7 84 13 2 509 763
83 74 5 6 217 375
8 19 7 4 245 459
83 33 24 1 454 645
35 3 5 2 535 793
86 31 7 1 492 579
57 1 5 6 204 489
91 36 9 2 321 510
76 56 12 3 385 653
52 30 28 3 324 518
66 98 9 2 586 723
15 83 17 4 505 650
97 40 11 3 346 474
12 75 25 5 407 598
14 70 29 6 351 649
67 49 18 4 228 509
16 66 24 2 376 590
78 6 15 5 388 532
35 87 10 7 231 457
2 63 7 6 490 633
81 27 23 4 243 471
94 5 27 4 546 684
32 26 23 6 539 679
10 38 20 1 393 661
34 9 30 5 472 566
37 18 8 2 318 403
32 20 13 2 275 364
32 61 23 3 529 783
15 40 8 5 670 742
19 76 26 6 422 658
20 93 22 6 345 613
45 54 18 2 352 540
5 55 17 4 264 476
96 45 21 6 255 550
9 4 9 6 512 654
6 28 28 5 558 755
97 54 22 5 484 729
94 9 19 5 627 800
54 1 11 1 547 632
31 6 24 1 525 760
62 77 7 2 676 769
18 6 27 6 251 529
45 38 12 6 404 530
44 47 21 4 403 597
26 72 8 7 432 538
39 44 25 7 566 791
61 93 12 2 543 692
86 51 20 3 239 528
22 12 18 7 527 739
87 49 22 5 635 697
32 28 18 4 622 785
73 92 28 4 456 531
91 84 26 1 484 641
85 36 29 3 563 702
39 77 13 7 578 683
3 35 13 4 209 386
11 77 12 4 329 432
23 25 14 6 512 594
43 58 24 7 436 719
20 57 9 4 647 716
36 56 20 1 218 406
60 18 21 7 235 531
18 33 12 1 316 614
14 59 20 6 332 549
35 23 27 5 262 467
55 57 30 3 592 741
57 66 15 7 378 663
36 27 5 3 232 307
82 30 15 3 420 632
19 82 12 1 267 359
58 58 25 3 513 607
4 9 10 2 371 449
71 3 28 6 395 455
53 80 9 1 377 496
21 6 9 1 530 594
80 17 9 2 212 491
24 25 26 2 305 572
39 30 26 7 642 742
58 66 9 6 270 441
5 80 6 6 451 722
28 53 9 4 348 524
21 77 21 5 414 563
6 59 26 4 445 512
74 84 27 6 339 539
58 73 12 4 500 733
15 65 26 2 637 726
47 48 28 2 495 721
29 28 20 4 495 795
72 24 15 2 543 795
79 57 15 2 400 523
34 34 15 5 442 528
53 86 11 7 441 600
26 63 22 2 223 400
49 85 15 6 583 754
53 75 20 3 624 699
52 87 29 2 543 770
65 69 27 1 355 432
79 44 17 7 714 783
84 53 13 1 296 435
47 12 25 6 479 583
93 75 14 2 343 626
21 36 19 4 376 581
46 96 5 1 451 571
73 84 29 2 472 732
35 7 15 6 223 422
77 7 15 1 415 566
32 32 16 5 440 625
54 78 17 5 464 525
7 24 22 3 236 458
33 45 14 5 638 720
80 52 28 7 382 673
6 67 10 6 270 414
71 19 28 1 545 624
23 30 16 1 342 460
70 79 16 6 654 725
46 56 16 5 639 745
84 19 6 6 346 460
83 0 17 5 234 307
20 51 8 2 265 333
50 56 14 6 489 672
26 34 27 6 382 475
74 44 22 2 451 728
31 86 27 4 415 569
51 95 17 4 407 515
51 71 11 2 282 496
52 68 20 7 407 514
26 58 6 1 215 317
56 29 7 2 361 560
32 35 10 7 419 479
36 11 30 5 518 774
87 95 28 5 239 463
95 44 19 7 466 573
63 67 30 3 576 643
60 0 6 4 645 719
42 28 12 7 508 583
17 61 29 4 280 386
33 98 9 1 366 569
29 40 29 5 561 678
2 14 8 6 338 624
49 44 29 4 262 361
30 38 29 5 475 702
90 41 30 7 210 357
29 46 16 4 282 418
48 80 11 6 303 584
61 11 18 4 626 689
62 39 15 7 219 461
63 15 14 1 257 383
73 67 21 6 587 772
11 48 15 1 318 579
16 46 22 5 393 552
86 77 13 6 468 741
79 58 7 5 342 406
55 55 5 4 504 795
94 89 7 5 423 694
41 74 21 1 653 736
84 25 5 6 594 695
22 88 18 5 517 776
18 17 13 7 534 607
5 69 10 6 535 671
47 99 28 5 406 477
76 53 21 1 509 774
23 92 29 3 200 359
38 92 12 2 322 598
53 36 16 3 201 331
45 75 13 3 527 653
17 72 27 1 364 599
80 18 8 3 234 492
60 60 17 3 459 686
5 97 11 6 513 577
48 96 13 3 538 633
48 45 11 1 513 701
44 61 15 5 670 797
32 36 30 1 474 583
68 99 14 1 413 489
0 99 10 2 330 424
38 55 8 7 495 685
43 97 8 4 474 684
46 89 13 6 281 372
16 63 22 3 583 681
78 69 19 3 479 730
98 67 27 7 250 361
15 67 11 2 414 568
16 54 12 5 403 525
18 16 22 2 370 660
95 67 8 4 574 747
57 37 8 2 583 722
73 26 26 1 523 705
9 49 24 5 270 404
32 89 5 1 614 757
14 67 23 2 575 754
41 10 17 3 481 542
