1101
80 5 0 0 0 0
42 22 8 6 485 733
6 15 11 6 309 560
54 42 13 3 395 468
30 8 30 5 391 471
6 80 10 6 551 792
49 45 27 4 250 366
42 2 16 2 387 540
14 27 8 6 392 483
82 27 30 3 349 468
54 72 16 5 328 402
97 46 6 3 446 534
51 9 20 2 280 569
50 0 8 7 536 741
22 44 10 6 300 592
66 60 18 4 228 448
35 78 14 5 206 425
27 65 17 7 257 362
9 73 15 4 254 327
58 99 21 6 443 519
62 64 5 7 562 645
51 41 26 1 242 459
29 87 11 1 323 615
88 80 8 1 436 506
48 98 29 7 479 569
58 24 28 3 522 748
65 0 12 7 549 718
52 46 26 2 451 539
41 29 14 4 316 443
2 74 16 2 498 594
91 53 27 2 307 445
63 87 8 3 375 488
29 92 14 3 441 656
46 40 29 6 215 281
69 86 16 1 309 597
80 69 22 6 291 466
53 31 12 6 572 665
32 6 9 7 297 478
3 71 7 6 421 630
66 11 16 3 319 599
11 60 17 6 495 656
95 36 16 3 449 708
56 77 30 5 664 762
52 74 24 7 406 481
90 80 12 4 429 671
50 93 7 3 211 419
13 93 20 7 597 697
52 58 30 4 555 767
48 100 10 2 319 387
58 26 29 6 530 596
11 12 8 5 448 643
65 46 23 2 550 645
33 37 11 2 578 652
28 13 9 2 385 536
24 34 25 2 447 652
73 91 5 1 355 546
95 59 6 2 281 377
76 31 6 3 615 771
77 9 18 4 475 632
44 87 5 7 434 669
13 68 29 2 235 491
44 3 8 7 479 705
2 20 28 4 447 657
79 13 10 6 535 664
13 35 21 1 329 473
51 62 20 4 470 541
29 37 16 1 345 420
63 89 29 7 315 398
82 68 9 4 570 741
32 8 20 2 335 471
43 37 23 7 525 678
85 54 26 7 367 604
99 65 13 1 254 481
40 68 16 1 603 699
97 76 17 5 212 437
99 11 11 5 216 419
60 31 7 5 495 660
13 47 18 7 580 752
56 18 27 2 334 473
81 44 17 4 406 559
78 84 19 2 437 521
24 50 11 7 375 587
5 84 27 6 599 760
84 7 28 6 212 318
42 8 21 6 668 761
11 49 6 2 375 454
63 1 22 1 474 763
78 72 17 1 272 504
12 25 30 3 240 423
62 87 12 7 487 682
51 71 29 2 363 584
79 97 25 1 230 508
27 95 7 2 531 612
81 20 12 5 398 585
1 91 8 4 524 759
97 96 30 4 452 638
81 14 13 6 592 741
2 30 17 4 281 454
10 33 26 4 463 625
38 53 12 6 453 612
35 39 12 4 362 509
47 63 22 6 224 469
64 100 26 6 386 577
2 98 16 6 435 536
53 18 10 2 392 595
18 64 22 3 514 626
34 45 9 5 312 456
4 49 29 7 546 703
17 70 25 5 442 679
83 80 27 4 587 796
31 45 10 7 263 492
49 22 23 5 386 645
38 55 26 5 217 507
73 43 27 2 508 763
86 74 12 3 342 608
84 91 11 3 429 625
0 92 23 1 358 504
11 57 17 6 521 765
9 36 21 7 293 387
45 86 21 3 616 733
24 40 9 4 405 617
49 96 21 1 681 757
82 77 26 1 695 798
21 59 13 4 430 536
52 30 13 7 369 470
18 79 24 2 398 586
70 85 15 7 420 523
45 70 12 5 367 488
55 20 6 3 445 654
71 68 16 1 460 639
76 54 14 2 498 634
58 47 6 3 324 481
63 58 9 1 226 438
72 27 6 3 450 545
62 81 29 2 265 337
87 89 14 2 684 796
93 88 24 5 250 346
4 36 5 4 515 724
74 75 17 1 349 481
33 72 14 1 251 509
60 36 8 1 218 371
76 19 27 3 498 742
10 6 8 3 503 787
15 41 19 6 517 602
82 57 28 2 394 511
82 51 19 4 320 447
6 63 18 5 215 464
72 7 27 3 424 623
7 18 19 6 441 530
84 74 27 7 560 773
64 66 22 3 339 418
4 75 20 2 281 386
25 58 24 3 335 543
79 57 10 4 687 796
25 37 5 7 446 660
82 50 17 5 387 540
18 57 24 7 352 616
37 3 20 3 204 307
71 77 29 5 581 783
14 76 5 5 277 504
86 59 12 5 537 698
44 94 21 1 639 794
59 53 24 1 523 795
49 13 26 3 319 402
73 98 23 6 267 330
97 53 24 6 324 607
43 2 10 2 262 543
26 91 6 1 304 536
39 63 6 3 473 750
34 77 18 3 487 630
100 54 22 4 389 453
40 95 14 2 362 641
76 98 26 4 214 310
57 61 14 5 625 788
91 40 20 3 369 449
33 22 30 4 460 740
73 20 17 1 643 792
27 13 15 7 534 658
85 85 10 1 399 461
2 7 22 7 578 737
71 71 19 1 489 650
98 51 16 7 408 654
56 9 13 5 503 581
71 34 27 4 541 747
72 70 22 1 446 648
8 53 20 3 296 549
37 11 28 7 246 529
73 87 11 2 405 652
38 22 13 3 211 277
9 74 10 7 409 636
83 6 20 2 450 743
88 95 19 2 584 759
13 64 29 2 407 511
53 76 20 4 331 573
63 80 8 4 217 284
16 93 25 6 405 686
73 47 19 6 412 593
60 2 6 1 404 699
79 66 13 2 263 440
58 65 6 4 262 351
25 39 8 2 283 412
34 35 8 6 328 503
3 26 19 5 674 768
64 64 26 7 424 550
99 1 8 2 383 537
82 97 9 5 482 633
79 27 16 4 280 440
87 63 21 7 509 794
81 88 23 7 332 426
63 35 21 5 413 568
20 17 6 4 473 534
21 29 29 5 300 423
61 49 12 7 372 635
80 58 20 7 582 651
83 37 7 5 527 727
87 70 5 5 429 579
1 79 10 3 210 385
89 94 17 4 652 721
43 45 29 7 257 476
14 65 7 3 350 599
8 83 10 4 347 610
30 40 15 1 289 563
49 34 11 2 342 413
26 45 24 6 250 395
95 80 8 3 210 379
87 24 10 4 399 626
14 47 19 7 594 783
3 90 13 6 648 731
98 56 13 7 423 657
30 42 6 4 394 459
1 83 27 3 428 605
74 58 18 2 369 661
70 69 7 5 362 498
32 2 16 4 511 683
91 72 5 6 229 476
100 71 20 4 358 517
48 50 12 2 226 372
54 64 5 6 330 494
30 43 17 6 588 652
28 89 11 7 688 800
25 67 17 5 316 421
2 39 23 7 392 642
89 7 17 7 417 611
40 99 25 3 624 743
90 40 13 6 254 393
34 24 16 6 289 520
65 35 16 7 366 524
46 27 27 4 593 759
29 78 15 5 592 692
39 45 5 2 491 662
92 51 21 4 537 630
52 45 15 3 540 635
25 31 16 3 604 770
25 53 11 4 290 397
49 94 24 7 706 779
35 59 14 7 413 534
4 71 16 2 660 729
58 52 22 6 249 445
49 24 25 1 422 593
13 45 28 2 362 430
53 43 19 2 452 747
71 41 27 3 249 388
90 39 27 5 312 570
28 70 30 5 423 648
64 51 5 2 251 468
61 22 21 5 438 655
23 84 13 4 205 372
82 100 10 2 541 706
36 71 16 5 495 707
15 23 19 6 517 707
52 71 22 2 468 641
50 47 10 6 556 696
87 26 8 3 686 759
40 79 20 7 488 762
61 79 30 2 273 446
63 33 9 2 458 723
14 21 20 5 225 365
76 10 19 3 456 663
34 90 12 2 438 691
64 90 13 1 371 542
70 74 28 2 270 524
92 90 15 1 228 522
20 82 28 4 470 653
19 66 14 4 342 416
78 47 25 2 241 368
55 76 8 4 465 751
71 43 14 5 631 716
10 64 7 4 317 470
79 100 14 2 628 692
27 22 27 1 360 551
57 78 30 5 283 359
16 22 23 5 336 609
23 48 12 4 487 665
98 94 27 6 349 541
49 77 29 6 208 320
0 66 23 1 656 717
90 10 9 7 496 728
8 69 5 2 228 512
23 1 26 1 503 743
44 62 26 5 433 612
91 13 27 1 343 486
8 73 14 5 497 568
86 73 22 5 328 556
68 35 21 6 592 656
55 23 16 4 329 494
99 69 26 2 576 762
30 26 26 1 244 464
40 39 25 3 340 611
71 65 25 3 472 622
69 83 19 5 405 524
82 18 30 3 221 423
7 78 14 5 678 794
69 6 25 6 521 612
77 7 22 5 582 676
1 10 24 1 420 506
15 33 17 6 615 769
54 53 12 6 263 333
21 18 11 3 483 727
19 9 27 7 275 548
21 100 28 5 600 725
90 2 15 5 202 438
39 38 25 2 454 548
69 61 29 3 316 464
55 90 27 4 348 583
63 16 17 6 296 503
39 34 27 1 276 406
26 92 6 5 381 589
4 50 13 3 397 462
54 65 9 2 521 628
62 36 7 4 290 357
85 28 22 5 567 746
55 2 5 2 423 555
54 78 30 3 653 777
40 4 21 7 320 577
86 24 14 2 513 722
46 41 28 4 423 547
0 40 17 4 476 672
11 55 22 6 390 451
98 34 30 2 699 789
4 32 14 4 223 442
6 35 29 3 221 407
50 73 9 4 472 672
50 89 6 3 585 704
42 45 13 1 370 584
57 79 12 5 519 598
1 56 28 4 309 557
30 20 10 4 441 524
24 49 14 1 215 494
68 95 9 1 558 692
71 31 16 4 213 276
57 54 19 5 380 457
81 54 23 4 413 700
91 42 27 4 489 739
6 5 18 1 645 773
39 72 6 5 278 460
90 47 18 2 317 452
4 10 27 7 485 613
12 17 13 4 546 660
98 90 20 3 377 535
40 54 29 3 214 468
18 62 13 5 325 489
10 38 18 1 505 764
44 66 6 5 531 751
45 87 10 5 452 674
87 32 22 7 348 516
78 67 8 3 431 572
95 6 21 4 326 485
62 16 30 4 495 752
87 55 28 2 234 321
91 38 28 2 547 683
7 33 20 6 260 476
39 33 8 4 411 651
5 16 15 4 400 494
15 25 16 6 381 612
94 84 19 6 312 464
53 98 10 3 367 537
99 60 20 3 305 456
93 41 30 3 476 538
53 41 7 4 583 784
18 53 22 6 277 364
26 83 14 6 637 701
66 61 18 1 648 721
93 57 7 1 430 543
71 83 13 4 383 682
1 29 12 1 476 651
38 2 12 7 500 648
1 57 22 3 447 710
36 48 8 1 593 776
83 32 26 3 283 500
26 52 13 7 639 794
68 7 13 3 702 796
10 2 17 4 489 633
30 27 21 3 594 698
75 23 15 7 350 445
83 3 30 7 215 377
10 87 9 3 352 632
63 70 8 4 301 566
75 61 11 5 662 760
94 93 27 1 243 349
46 5 6 7 395 554
26 24 14 6 437 520
71 70 19 3 657 793
75 44 6 1 305 530
1 7 12 3 271 454
57 95 14 3 430 571
77 42 6 5 439 708
76 1 17 4 330 393
12 87 12 4 506 589
36 78 23 2 512 686
38 54 21 2 432 589
39 88 22 3 528 588
13 26 16 3 507 647
37 47 25 6 257 506
4 97 8 7 459 532
49 17 24 3 412 611
14 87 6 5 620 730
92 72 8 7 389 576
92 86 28 2 401 617
32 93 19 1 433 627
75 25 13 7 587 706
51 34 16 3 263 547
66 64 20 1 505 762
18 21 13 2 423 549
6 14 25 7 573 688
85 40 21 7 510 699
98 58 21 2 693 759
40 24 6 3 290 488
7 15 26 6 278 572
14 26 30 5 449 644
11 15 7 2 580 681
10 25 22 3 343 523
28 75 18 7 539 618
81 63 17 2 345 478
12 42 29 2 531 617
23 60 13 3 464 593
79 10 17 6 416 619
12 5 29 6 548 660
52 13 29 3 545 732
75 91 8 7 266 331
9 21 23 3 584 799
22 62 17 6 265 463
35 64 22 6 331 548
37 43 13 5 319 489
26 19 21 2 661 754
52 57 9 7 269 545
63 44 13 3 424 623
16 63 5 2 221 502
35 38 24 2 279 459
6 73 22 1 386 531
30 35 25 1 480 752
83 63 15 6 575 768
92 31 14 7 273 504
33 47 18 2 220 388
15 72 22 3 523 797
17 87 15 7 231 365
35 28 7 5 252 442
56 25 10 4 519 628
11 53 13 1 405 468
99 62 14 1 287 385
10 67 11 7 318 459
21 64 13 5 206 375
86 98 28 5 468 646
97 44 20 5 511 625
99 46 7 2 211 511
2 92 29 1 459 630
68 6 28 4 388 593
96 43 14 6 394 645
25 12 26 3 486 718
21 41 29 5 245 466
18 51 24 3 524 648
10 66 15 1 370 597
41 88 23 3 605 780
83 33 16 7 448 726
47 27 20 6 606 781
66 19 7 4 415 653
46 52 5 2 569 660
84 69 16 2 346 559
41 81 28 5 214 469
75 75 27 1 360 608
38 60 22 1 442 727
12 59 27 2 439 621
46 82 21 6 568 715
40 3 20 2 724 791
63 17 29 6 371 528
60 25 9 6 324 547
77 48 26 5 706 797
19 23 13 3 514 582
19 82 16 4 427 581
50 48 16 5 297 412
68 100 6 5 686 772
41 17 9 2 251 543
45 78 11 6 242 328
53 0 24 1 261 542
75 28 19 1 542 618
62 45 18 1 287 388
38 72 8 4 413 690
73 63 16 6 271 503
79 0 20 4 260 453
52 37 28 6 461 571
66 38 25 6 584 738
49 25 16 7 402 597
70 68 8 3 365 586
51 4 11 6 314 494
52 29 11 5 212 500
3 100 19 5 576 749
81 89 20 3 439 575
35 93 14 3 565 740
12 10 23 3 325 547
22 13 24 7 201 276
17 18 24 5 723 799
12 43 11 4 285 413
56 81 16 7 223 332
57 0 23 3 293 408
30 55 19 6 579 795
74 49 22 2 278 517
11 48 11 6 483 546
66 8 24 6 383 574
70 25 11 6 381 670
73 92 17 7 282 381
90 4 28 4 535 790
17 49 25 6 374 561
58 18 28 1 337 534
44 36 25 3 312 461
16 54 21 7 537 688
9 18 7 6 316 421
100 7 29 6 323 573
35 66 16 2 219 459
94 29 17 1 506 775
22 74 20 6 361 551
54 67 7 1 588 735
86 3 8 2 260 325
34 52 26 2 267 471
2 69 17 6 377 669
0 97 22 1 479 711
41 75 13 4 394 591
54 1 13 3 370 567
63 49 7 6 365 650
29 27 22 4 459 676
25 56 21 5 478 666
80 63 17 7 404 517
73 41 10 1 436 506
31 10 27 2 346 614
89 50 16 3 635 741
86 45 12 6 660 759
47 66 22 1 228 348
1 39 7 5 537 775
77 55 18 7 295 592
69 96 30 7 205 487
10 46 6 7 655 776
19 35 17 7 341 467
94 16 21 3 512 771
17 85 15 6 588 674
13 60 22 5 538 619
52 66 7 4 483 543
99 94 17 5 547 613
15 48 7 2 515 659
51 75 10 2 461 672
48 72 17 3 227 404
38 28 5 3 281 533
0 95 24 3 206 294
25 89 29 4 228 377
45 48 28 5 249 312
2 10 28 7 362 504
75 95 17 2 318 566
66 71 9 4 200 447
69 23 28 2 496 649
11 29 25 1 353 643
10 81 6 2 247 434
87 44 13 6 316 447
91 16 28 6 377 561
77 97 10 3 275 395
23 13 20 4 400 486
89 0 30 3 624 752
6 41 18 7 303 382
64 77 23 3 550 742
49 75 23 1 310 470
16 77 24 7 475 733
2 79 10 4 657 740
37 88 27 1 431 641
6 38 28 1 271 443
39 90 28 3 403 474
28 37 10 6 594 679
87 45 28 2 232 432
78 35 5 5 449 596
28 43 14 3 607 705
50 87 26 7 494 556
39 1 5 4 295 511
65 45 22 6 367 591
28 8 5 6 378 678
4 88 23 4 315 490
85 14 27 1 455 655
17 26 24 3 427 509
20 5 11 4 366 520
63 81 13 1 564 676
95 46 16 6 492 670
24 11 28 5 364 559
34 46 14 7 203 324
65 87 23 3 368 443
41 5 29 6 465 578
100 96 11 1 359 574
24 30 29 2 270 531
3 6 15 3 680 757
76 74 25 7 419 638
53 60 15 6 646 752
64 38 30 5 337 516
5 19 10 1 670 749
68 70 19 3 244 320
37 62 17 6 580 750
85 17 5 4 532 709
69 98 13 1 337 607
18 95 23 4 224 354
76 91 12 7 260 534
71 62 19 4 549 727
6 89 21 4 526 693
26 65 27 7 614 800
45 67 10 3 402 511
100 61 9 6 346 487
82 72 12 6 658 775
81 35 15 6 442 673
28 67 23 2 322 490
47 98 25 4 657 750
70 70 27 7 344 520
99 14 6 3 387 617
89 1 24 4 270 444
63 37 8 4 273 338
88 46 14 1 460 619
100 59 19 2 369 588
2 34 20 5 357 583
35 25 7 3 327 517
42 58 27 5 286 522
58 16 5 5 262 496
98 35 25 1 458 681
14 50 24 3 359 531
2 61 19 7 582 782
55 40 9 4 265 392
2 80 22 3 278 521
20 49 11 5 504 733
83 97 19 2 485 573
96 62 19 2 279 495
21 67 10 3 229 470
92 69 10 1 432 536
6 10 5 5 334 593
75 53 27 2 531 593
28 62 28 7 305 451
25 30 27 2 650 767
26 71 30 4 245 314
0 4 23 2 211 405
54 25 17 1 523 619
69 0 25 5 622 773
42 92 14 2 463 630
81 96 18 7 524 627
68 51 7 7 215 287
71 81 30 1 214 454
68 38 10 1 263 424
42 13 29 5 371 670
59 39 21 5 273 399
45 50 28 7 390 683
5 61 16 3 420 490
92 71 20 1 215 297
78 38 20 7 359 481
90 56 26 7 346 483
44 12 23 5 221 308
94 87 10 2 458 754
39 18 29 5 491 780
84 96 21 3 220 492
38 79 8 4 489 782
91 100 29 7 219 315
20 43 11 5 532 752
12 12 8 5 427 704
37 14 30 7 300 407
66 93 9 7 561 635
58 93 10 2 389 480
93 5 21 7 208 270
79 2 7 4 711 796
76 94 22 4 215 286
80 10 7 7 320 408
42 48 8 1 398 591
75 21 6 1 655 725
85 41 9 6 288 368
78 7 29 3 480 584
82 96 26 6 610 769
51 92 11 5 537 623
8 57 21 1 488 562
41 24 13 3 574 772
28 64 11 6 563 746
20 6 19 2 514 614
78 51 25 3 507 567
43 21 7 6 624 738
53 37 24 7 348 437
23 78 23 6 262 352
19 69 19 1 655 749
75 17 6 3 346 470
76 0 5 3 231 480
88 8 6 4 223 498
65 96 8 3 427 649
6 100 13 5 534 761
5 29 5 5 439 534
58 75 16 3 493 628
12 24 17 6 411 634
10 59 7 1 347 631
1 11 6 6 504 800
59 84 7 4 629 757
37 15 14 2 570 667
18 6 8 6 547 698
49 58 21 5 636 711
13 30 9 1 476 756
41 66 23 4 340 582
71 74 10 1 351 551
54 31 10 1 205 280
40 42 10 2 244 347
49 71 26 2 445 595
68 55 12 6 547 709
91 26 23 7 470 749
39 7 18 5 563 781
22 49 10 1 222 418
74 25 19 4 530 615
84 14 19 2 454 520
100 84 16 6 518 722
87 74 15 2 214 511
39 86 8 5 550 646
5 49 14 2 300 437
16 25 30 3 278 429
75 18 22 4 383 622
56 89 23 2 479 757
33 100 21 3 409 523
40 71 17 4 391 660
97 75 9 3 344 565
19 75 19 7 427 655
30 54 13 6 439 634
58 12 14 6 548 761
68 27 5 6 529 708
54 99 24 4 482 585
32 7 19 6 387 529
37 68 28 1 387 523
36 6 15 2 373 601
1 16 13 2 274 503
90 17 20 4 364 632
48 40 11 3 240 370
30 2 24 6 303 559
75 85 24 2 261 395
50 16 27 1 599 686
42 94 16 7 443 666
30 12 17 6 288 470
72 77 19 7 554 674
10 83 10 2 506 716
49 18 23 7 626 695
10 58 30 5 465 644
78 50 8 5 577 650
12 60 5 5 568 702
78 15 8 5 609 757
92 60 24 5 405 518
7 28 28 6 231 366
29 59 18 6 277 558
95 65 10 7 680 762
52 10 5 1 549 795
39 17 24 3 437 553
19 78 10 3 332 431
71 85 30 2 517 636
50 2 11 4 451 536
74 44 5 6 435 659
13 99 13 1 344 422
46 49 9 7 431 716
36 83 14 1 566 773
28 19 24 2 490 782
65 29 12 5 309 445
15 56 20 4 224 376
54 41 16 7 434 716
84 16 6 5 493 698
51 16 13 1 403 530
56 63 30 7 404 548
73 77 18 4 390 654
67 80 9 5 539 606
62 97 14 5 672 800
91 69 19 6 484 606
57 24 11 7 446 514
79 9 14 7 679 783
76 93 16 5 223 454
79 60 20 6 435 666
86 28 10 2 217 343
51 44 5 5 430 597
70 54 6 7 496 588
63 66 9 4 535 722
80 76 16 3 356 533
26 33 17 1 235 453
10 82 22 7 542 769
15 99 28 3 207 465
58 61 28 4 327 567
44 79 23 3 356 573
81 33 30 4 413 539
54 13 25 2 200 336
83 61 24 4 251 400
89 32 12 7 513 714
87 14 8 1 472 636
48 76 28 6 261 469
75 62 8 4 235 307
87 38 19 5 239 387
76 85 30 2 575 676
70 38 14 7 526 671
69 5 13 4 343 445
60 14 21 2 352 651
3 68 10 1 345 443
17 16 6 7 412 656
99 12 20 6 727 791
22 60 16 2 414 602
53 1 21 6 331 444
19 50 20 1 524 631
89 64 9 5 482 624
60 97 29 3 582 748
46 60 25 4 542 778
93 44 9 5 263 451
10 53 15 2 485 740
100 92 7 4 214 507
27 4 22 4 405 495
39 26 15 3 457 717
9 87 14 3 235 504
28 28 26 2 495 580
67 85 15 7 311 515
2 71 20 5 548 618
70 77 6 1 346 498
87 19 17 3 513 785
41 83 8 2 271 420
30 70 22 4 512 602
94 31 24 1 444 550
100 33 15 7 204 302
79 21 11 1 362 435
78 78 8 2 466 692
6 45 26 3 485 653
48 8 9 4 325 426
54 98 15 6 594 663
49 81 18 6 325 412
50 7 21 7 206 401
1 82 23 4 561 795
66 5 5 4 467 543
31 93 19 3 375 522
62 14 8 2 382 611
77 95 8 5 384 548
27 54 16 5 437 501
41 53 6 6 300 431
32 11 18 6 348 536
86 37 13 1 374 597
91 29 16 5 608 668
34 89 6 1 331 532
36 77 22 5 341 482
1 77 20 4 285 503
96 39 6 3 380 633
73 6 15 1 499 618
69 57 7 2 281 562
72 72 6 5 394 463
56 78 13 6 295 535
63 61 30 5 550 738
52 4 16 3 287 432
59 8 20 3 369 572
2 29 8 6 365 468
5 76 23 2 348 645
88 65 23 6 399 680
15 3 14 3 446 719
96 55 14 3 628 740
89 100 5 6 434 651
88 28 14 7 301 423
80 12 29 3 532 703
26 38 28 6 626 705
3 64 13 4 269 487
26 90 5 3 441 674
69 87 26 2 226 416
35 79 26 6 354 584
100 12 5 3 232 361
77 47 12 2 582 710
25 75 26 1 212 317
40 44 22 4 536 737
55 65 15 7 489 776
55 71 20 4 538 681
9 72 9 6 432 654
63 40 22 7 374 574
29 62 20 3 384 491
83 91 29 4 519 646
30 86 22 6 530 796
15 86 18 1 468 726
23 42 19 1 567 788
48 2 12 5 355 529
15 63 20 4 388 576
39 36 16 1 223 341
13 19 20 4 303 455
44 60 25 2 465 545
70 60 28 1 333 583
88 81 16 3 348 493
87 46 28 3 473 742
66 82 20 5 301 485
48 58 24 3 253 541
25 22 14 7 325 421
77 96 16 2 370 479
94 27 14 2 368 633
73 16 17 2 461 690
16 68 25 7 526 717
30 51 22 5 225 316
30 3 19 7 456 630
49 11 16 7 539 697
77 75 5 4 668 743
87 97 12 1 283 431
77 88 7 5 217 312
20 23 14 7 328 401
4 45 24 3 603 753
22 47 10 1 208 365
6 22 8 7 381 545
81 57 10 6 351 538
53 88 16 2 537 752
88 67 23 6 429 546
56 96 25 4 373 561
32 97 30 6 538 691
22 81 26 2 253 464
10 29 28 2 656 769
23 30 22 1 490 773
76 5 6 5 221 447
36 18 14 2 380 593
7 4 11 4 354 428
46 75 19 1 386 478
5 58 25 3 495 650
26 96 11 3 476 706
14 2 6 3 478 562
97 98 19 1 315 568
27 76 15 2 324 607
93 42 29 3 339 473
60 55 26 2 460 575
71 4 19 2 299 449
50 30 22 4 511 772
37 38 7 1 536 684
94 53 11 5 690 767
18 80 30 6 231 336
10 0 25 7 599 728
23 96 10 4 577 712
79 82 24 7 394 481
18 42 18 1 457 722
69 27 23 3 231 429
13 70 28 5 546 739
77 78 25 5 283 451
43 12 25 5 453 590
6 61 6 6 480 775
85 47 25 5 328 399
7 75 10 2 334 614
29 83 14 3 291 357
9 95 28 6 596 738
54 82 5 4 413 611
86 27 17 6 588 754
43 46 28 7 274 343
14 43 19 7 463 633
20 54 13 3 333 482
80 19 6 5 273 391
16 65 25 3 497 618
35 70 15 2 288 400
61 57 27 1 651 773
85 65 8 4 575 704
84 85 11 7 273 413
82 38 6 6 261 392
70 34 11 1 402 482
63 88 14 5 310 444
84 35 16 6 427 711
78 33 21 6 441 688
86 4 20 1 207 349
72 90 18 1 282 449
9 7 21 2 397 677
38 62 24 7 233 423
64 48 26 7 233 338
22 21 20 2 578 689
88 4 12 6 438 589
24 27 8 7 235 525
46 92 22 2 339 520
77 3 5 5 426 708
5 87 16 7 200 425
54 95 16 3 490 659
79 73 5 2 216 370
20 90 8 6 502 586
17 15 29 4 216 283
30 63 20 1 404 687
1 46 26 5 376 543
52 75 9 4 421 622
66 16 5 2 470 551
76 62 6 4 360 421
80 52 22 3 557 658
63 38 12 2 518 716
22 85 7 3 427 707
45 28 19 3 434 594
55 28 14 7 475 684
73 67 5 5 349 482
20 99 5 7 705 800
23 4 30 5 406 471
54 33 19 5 591 667
34 78 29 6 478 736
65 44 9 3 557 782
74 15 20 4 362 540
44 81 10 5 224 516
56 67 17 1 227 398
77 72 25 1 322 471
14 79 16 1 316 401
2 11 20 1 593 754
20 83 16 6 688 771
43 94 8 7 353 465
54 54 6 5 405 576
2 88 16 3 525 733
34 86 9 1 408 627
22 56 28 1 287 490
38 19 26 1 640 792
13 33 24 5 419 526
50 71 24 5 338 473
4 19 17 2 421 594
45 58 5 1 208 365
17 32 5 5 561 681
10 7 26 4 316 608
7 29 15 4 552 759
14 70 17 4 246 374
95 86 9 4 383 594
83 49 14 3 435 675
21 15 30 7 398 605
78 83 20 3 575 744
30 80 11 1 479 772
23 19 14 3 325 573
62 79 6 4 539 702
70 73 13 3 466 648
41 10 9 4 476 665
78 54 11 2 356 522
77 59 27 3 680 793
70 20 22 7 203 468
96 81 13 6 397 624
65 55 8 3 385 507
92 74 29 3 318 605
96 69 19 5 630 727
74 50 20 3 368 601
13 83 13 1 275 548
38 44 19 1 484 771
86 29 27 3 268 461
27 77 9 7 328 450
6 57 17 4 521 795
29 94 9 6 677 768
53 35 27 6 264 501
75 71 5 4 298 417
80 8 18 1 554 656
6 66 16 3 420 567
96 23 23 4 403 655
43 92 13 6 641 765
74 60 22 5 621 719
32 9 28 3 214 488
48 6 15 1 554 767
54 17 20 3 304 469
7 76 16 4 326 404
69 75 20 5 464 764
75 45 28 6 636 732
77 18 8 2 287 573
93 85 22 2 336 557
52 5 28 2 435 646
43 57 23 7 391 640
73 100 15 3 552 648
70 84 9 1 298 452
32 80 26 6 551 696
99 22 6 6 414 527
95 99 18 1 275 553
98 97 24 6 499 636
88 23 25 3 204 441
58 78 6 2 434 520
47 3 14 6 491 765
3 69 24 2 539 630
46 72 13 3 568 654
3 3 14 7 240 376
80 60 29 1 626 789
43 67 18 2 345 441
1 5 7 1 309 600
94 94 25 3 496 587
62 20 10 4 656 778
74 98 23 3 416 512
26 68 19 3 493 641
61 10 22 3 397 666
92 94 16 3 537 794
67 1 19 5 521 796
13 0 23 7 348 469
82 11 11 4 479 546
79 99 22 2 330 405
31 39 26 3 297 555
37 51 29 6 378 542
92 65 7 1 317 460
19 16 14 6 257 532
40 56 22 1 455 605
47 8 12 4 419 616
74 13 22 1 626 741
91 86 24 1 348 502
41 38 29 3 287 527
47 42 7 5 382 560
40 29 28 7 277 539
45 31 28 5 500 793
69 80 22 1 479 724
90 11 23 3 590 770
68 43 26 2 484 611
82 53 18 6 284 401
1 19 13 2 570 705
77 20 6 2 242 528
67 30 14 7 214 455
17 96 8 6 455 720
2 45 25 4 348 640
52 87 8 6 311 454
91 96 22 1 409 596
21 65 17 2 520 726
65 21 15 7 615 716
91 63 19 1 325 621
56 35 27 2 289 392
4 56 29 5 285 556
