1481
33 80 0 0 0 0
59 94 22 6 508 625
78 7 30 3 243 482
31 2 6 5 603 742
66 61 30 4 307 545
68 23 22 2 408 568
70 12 24 2 208 438
46 10 23 2 576 657
66 62 19 4 646 743
11 45 6 1 642 723
51 93 23 2 480 683
59 98 7 2 312 385
75 93 26 4 421 517
84 60 19 6 547 777
13 78 9 7 339 547
69 43 8 4 435 698
67 64 11 1 257 543
89 35 28 4 274 558
35 0 24 4 555 745
40 5 23 6 224 451
74 41 11 6 378 657
34 38 20 6 299 498
95 68 18 3 560 784
87 8 19 4 396 547
79 67 25 1 399 577
33 98 20 5 449 529
93 91 6 2 310 548
96 4 13 5 236 512
84 42 10 6 387 667
28 3 8 4 427 492
94 17 28 5 440 646
93 33 18 4 484 686
90 65 18 7 248 453
90 13 11 2 265 483
93 16 15 5 469 664
50 31 26 6 432 585
50 47 22 3 399 658
96 45 24 3 237 388
27 25 8 6 330 611
32 69 6 4 313 514
98 4 26 4 224 478
52 20 30 4 510 578
43 72 13 4 301 403
29 89 15 3 520 777
89 56 28 2 374 517
72 5 11 1 396 588
91 11 22 6 537 616
61 78 16 1 312 513
47 91 9 2 411 662
72 73 14 7 307 580
69 40 17 7 530 604
97 35 12 2 314 537
92 84 9 1 437 513
94 20 22 1 245 533
30 94 30 4 433 630
2 100 6 6 441 564
91 25 14 7 497 705
83 51 13 2 617 719
69 38 19 1 437 590
77 13 8 1 494 760
60 17 20 1 251 496
86 51 21 4 625 703
75 80 28 4 241 479
33 6 24 5 220 408
41 3 12 2 494 749
69 70 30 3 598 669
92 77 30 3 306 470
85 27 29 7 247 461
100 67 11 4 238 485
58 57 9 3 535 605
22 8 11 7 604 780
53 20 10 6 543 665
40 60 26 6 647 759
89 96 17 7 242 478
92 69 29 2 200 416
47 37 8 3 322 550
12 9 5 5 547 660
97 62 23 3 211 358
94 92 18 4 288 487
86 94 24 4 402 566
53 23 28 5 274 512
13 7 17 3 498 794
64 6 25 2 495 666
87 64 21 3 371 606
92 54 16 4 473 738
65 75 7 3 393 503
9 100 30 6 240 415
31 49 10 3 553 795
82 94 27 4 207 416
37 63 27 7 469 662
77 91 10 1 499 715
50 13 26 3 359 642
46 31 9 2 682 759
71 85 12 3 264 543
15 40 20 4 370 457
16 85 10 3 502 671
1 41 25 7 384 661
53 21 15 7 512 705
82 77 9 2 522 724
43 49 29 2 246 331
39 76 15 2 400 556
82 87 18 2 345 630
49 88 27 2 513 784
96 90 21 4 238 402
96 74 15 3 335 559
76 13 15 1 355 624
73 42 26 1 278 379
95 17 27 2 455 601
94 76 16 5 286 460
87 49 24 3 534 775
96 78 8 7 459 726
0 11 24 2 498 767
41 44 19 7 308 604
99 66 14 5 259 504
86 4 29 4 412 667
14 87 27 1 278 486
17 45 26 5 316 477
58 54 25 3 305 604
11 77 21 4 369 463
71 68 23 3 706 776
26 86 21 3 253 371
4 88 24 1 354 559
37 67 16 6 430 490
76 31 20 5 502 582
36 10 16 6 440 698
77 59 15 1 590 665
47 42 16 3 255 491
39 32 5 6 400 487
58 70 30 4 440 737
24 46 9 1 258 326
87 69 29 4 541 685
7 18 14 4 357 517
64 54 18 2 622 733
65 6 25 1 300 599
73 21 8 7 520 652
45 8 15 1 390 653
37 96 30 2 642 748
65 82 14 5 486 657
83 21 27 1 231 326
26 73 10 7 222 352
72 10 29 2 554 752
39 36 11 2 716 784
32 73 10 5 430 630
98 16 26 3 458 538
86 87 26 6 257 518
53 0 5 4 361 603
31 61 22 6 268 404
45 96 26 4 227 342
45 71 5 7 648 710
87 73 8 1 588 650
64 8 21 5 281 451
75 39 28 7 373 580
4 35 13 4 431 660
85 8 9 4 337 599
8 74 10 3 661 800
41 83 16 5 521 650
22 41 30 3 616 733
98 11 21 4 339 508
97 82 7 4 277 503
82 96 15 6 402 529
63 74 7 6 257 533
43 39 29 3 493 581
76 58 20 1 682 753
29 25 9 4 544 783
40 10 6 6 603 690
5 62 9 1 278 562
15 82 5 2 532 689
46 69 26 7 616 774
27 96 8 5 258 535
93 82 11 7 449 623
20 63 13 6 425 710
45 55 15 4 412 556
91 4 26 1 536 789
34 62 10 6 249 495
78 4 21 3 230 521
78 45 23 7 470 667
46 86 9 4 620 778
21 44 8 3 587 670
72 25 27 7 476 583
8 13 25 4 279 347
66 76 18 3 226 339
7 5 8 4 217 493
87 59 20 4 267 400
12 33 9 6 251 330
38 72 16 1 395 677
80 79 24 6 251 483
43 56 5 3 342 504
75 90 9 5 298 424
86 85 28 7 249 423
16 87 12 6 389 510
87 48 11 3 298 589
91 32 9 5 491 751
89 71 26 2 421 508
35 50 13 5 404 597
30 80 18 7 419 714
52 3 22 7 200 328
10 22 21 1 578 700
67 2 26 4 548 639
0 87 25 4 285 420
91 35 20 4 200 401
22 48 26 7 494 679
94 26 8 7 428 719
24 31 29 3 493 595
58 100 16 6 610 758
20 99 29 7 296 439
25 1 24 5 443 673
29 18 10 7 300 528
74 57 11 5 221 493
25 24 24 2 541 775
56 13 18 7 464 547
74 58 15 1 495 728
73 18 20 2 427 676
95 27 13 1 309 470
43 99 8 7 437 671
3 46 8 1 307 600
31 16 29 4 338 487
11 26 13 5 202 499
43 78 24 3 473 769
41 2 23 5 569 720
41 24 26 2 568 743
5 15 13 4 213 371
22 31 27 3 272 335
98 74 19 2 310 375
84 10 19 6 590 701
1 59 19 2 354 601
78 44 8 2 276 458
37 56 16 1 548 628
7 8 30 6 565 626
21 72 21 3 248 339
85 21 26 7 208 488
6 32 8 5 507 643
4 41 21 7 316 435
56 58 25 1 438 717
51 51 18 7 264 415
5 29 10 2 385 648
10 35 26 7 329 461
60 97 8 3 543 626
48 79 10 4 539 757
60 43 29 3 289 415
34 41 23 3 230 345
80 61 27 5 459 666
58 75 24 7 495 771
29 71 10 1 327 518
76 64 7 3 360 442
73 5 8 3 548 613
55 94 17 7 467 666
61 79 15 5 262 375
44 46 6 3 222 378
28 67 6 7 538 750
88 23 9 4 205 301
24 40 6 2 502 747
35 5 10 4 547 751
73 75 27 5 328 435
73 58 17 6 236 407
78 73 25 3 341 444
31 81 12 5 524 734
89 81 20 4 432 656
51 33 18 2 456 748
13 54 22 3 573 748
27 100 11 2 561 703
56 46 16 6 216 487
41 71 9 7 375 525
47 69 14 2 427 712
36 69 23 3 450 743
13 26 20 3 242 401
48 97 7 2 254 473
10 57 27 2 314 482
40 91 8 3 446 552
48 15 10 5 560 713
73 57 20 2 526 732
9 80 21 6 676 738
81 58 11 5 550 684
19 3 22 7 506 573
33 74 30 3 529 775
5 12 17 3 280 557
81 34 18 3 511 797
45 23 12 4 605 734
61 99 22 2 499 772
8 72 8 7 291 473
100 13 7 7 551 665
67 79 8 1 517 675
63 59 19 1 564 773
46 40 14 4 290 367
50 46 5 3 291 573
26 71 22 1 407 626
8 11 6 5 624 790
31 74 15 1 226 333
4 59 8 7 312 490
15 61 22 1 361 518
76 87 22 4 337 496
37 98 5 6 403 618
34 52 10 4 283 397
11 79 24 6 207 404
35 87 7 5 283 512
51 21 28 3 588 742
58 98 10 4 470 575
64 98 23 3 453 650
53 70 15 5 308 493
28 15 25 1 505 675
96 48 25 7 523 672
65 63 21 4 207 292
70 15 10 5 247 513
34 88 14 3 669 772
63 93 10 7 359 496
67 85 27 4 499 780
87 12 8 4 371 523
87 45 22 4 451 604
25 97 16 3 571 741
34 61 18 5 313 391
22 15 15 4 507 612
3 99 11 2 597 675
17 13 22 3 567 666
19 65 18 3 546 798
86 55 23 1 341 535
41 63 23 7 210 338
94 51 21 5 469 649
35 36 6 5 455 720
53 51 16 4 413 618
36 60 6 6 373 572
26 48 30 4 652 739
22 5 24 7 615 701
56 99 5 1 341 497
50 1 16 3 417 601
24 14 16 3 484 729
30 81 14 5 499 699
98 58 8 2 488 572
14 80 21 6 453 559
22 70 25 6 665 797
52 40 10 2 456 686
76 78 23 7 637 746
87 38 6 2 225 471
27 95 28 4 338 594
91 7 6 7 229 306
68 0 17 5 653 764
9 42 7 7 628 773
88 46 14 2 444 614
74 93 23 6 398 589
98 71 30 5 208 422
1 9 23 4 620 764
71 18 10 6 576 775
19 20 27 1 217 490
9 83 12 3 359 420
49 60 19 2 428 595
71 67 25 4 258 324
11 59 13 1 656 767
55 96 22 3 412 598
82 74 19 7 422 531
41 7 14 7 273 468
100 79 22 7 410 472
30 85 15 7 507 640
71 92 12 2 292 420
69 18 7 4 307 526
97 13 18 7 380 631
53 50 21 3 338 473
92 89 15 1 259 548
41 18 14 3 239 309
73 53 25 2 430 675
99 11 20 4 582 689
40 98 19 5 310 469
15 67 6 5 278 441
55 88 9 3 676 743
47 5 25 6 324 448
59 68 13 5 341 489
29 77 23 3 227 381
10 7 24 5 460 723
38 65 30 3 551 656
100 24 5 6 554 756
73 29 29 1 458 580
36 38 23 6 646 710
88 94 19 2 474 538
93 98 12 5 618 721
85 22 30 1 654 744
33 90 5 5 202 399
43 83 11 7 453 708
92 18 20 5 621 781
77 97 21 7 310 431
38 96 7 1 394 590
53 61 7 7 510 578
19 86 10 4 536 624
31 100 30 7 240 539
56 52 24 5 241 346
86 49 26 3 454 530
94 21 15 2 261 474
94 1 11 7 375 551
19 40 26 6 490 655
78 2 9 2 325 390
39 50 28 4 629 740
15 90 20 1 491 718
83 49 26 3 710 794
46 0 26 6 518 609
21 32 28 7 555 689
63 98 27 1 559 716
19 78 30 2 221 308
84 82 12 7 489 778
77 17 5 5 573 642
74 54 6 4 422 690
88 51 13 4 298 454
99 44 6 3 314 548
31 73 21 5 306 471
38 61 27 6 378 448
18 33 9 6 473 651
63 16 24 1 278 528
94 61 30 4 566 742
60 68 12 1 538 767
75 60 17 5 494 579
61 33 11 5 655 753
75 36 7 3 618 747
46 59 18 6 615 714
16 21 24 1 518 608
69 74 14 7 306 436
40 84 19 1 493 687
88 95 6 3 365 593
9 53 5 2 501 601
86 84 30 5 361 656
4 0 9 7 557 665
86 41 21 7 360 548
81 7 21 6 376 591
8 53 13 2 480 667
22 83 14 6 514 669
20 28 17 7 473 559
33 87 17 4 397 514
43 21 24 5 497 578
14 18 17 6 635 719
54 79 13 3 592 716
99 49 11 3 204 317
9 8 19 1 263 558
83 55 8 3 289 532
8 79 6 2 326 570
19 100 10 4 556 636
66 87 15 5 310 485
39 24 17 3 572 776
71 80 12 5 391 670
77 63 10 4 214 476
58 22 15 7 359 519
96 17 18 2 529 606
88 98 15 6 455 519
52 90 7 7 495 793
58 80 14 7 447 739
100 6 6 1 224 423
7 0 23 3 234 473
22 79 18 4 563 696
56 20 20 6 516 792
85 47 18 1 251 373
52 81 26 5 660 786
30 9 29 5 294 415
57 40 26 2 675 739
75 97 13 7 532 728
81 9 14 5 239 518
86 88 25 2 587 718
64 45 17 1 260 459
47 49 22 3 295 511
29 17 13 2 498 627
7 32 8 1 467 722
52 18 5 4 472 698
43 4 21 4 466 580
2 95 9 7 286 383
50 33 20 6 406 671
82 20 19 7 208 481
80 51 6 2 259 379
24 23 27 6 317 473
47 94 10 5 505 633
75 72 30 7 481 615
18 38 21 2 508 599
40 16 18 6 326 550
64 96 18 5 227 500
43 85 9 7 337 542
15 97 21 4 407 501
99 84 22 7 389 687
31 3 24 4 394 476
5 46 17 2 524 792
51 78 12 7 557 755
47 18 25 4 258 350
90 69 20 7 556 625
31 33 30 5 313 447
40 4 22 2 221 336
76 65 28 6 343 557
85 15 26 7 340 638
23 64 11 6 401 617
53 54 8 1 356 497
87 96 16 5 212 282
68 86 26 3 548 630
90 79 17 6 540 686
95 55 20 5 252 414
62 70 12 4 569 752
30 93 16 1 249 395
14 89 20 3 230 448
44 80 17 4 405 528
85 30 29 6 440 615
80 99 11 6 215 363
80 8 15 6 376 598
35 31 26 4 513 781
30 44 9 1 264 347
52 84 20 5 489 695
96 24 28 4 341 595
18 74 21 1 281 466
35 26 17 6 205 397
15 46 9 4 331 593
72 19 17 7 441 726
100 4 8 2 642 775
37 53 8 1 279 481
18 15 19 6 357 638
42 17 24 1 435 710
11 15 15 7 365 651
53 5 5 7 384 558
10 52 17 7 523 776
36 68 20 7 260 406
46 27 17 3 370 631
98 81 13 1 543 654
3 17 14 6 477 764
0 41 5 6 516 786
69 91 20 7 499 645
54 91 20 2 677 781
96 43 15 4 276 450
92 30 21 7 485 675
38 63 11 2 261 487
6 26 6 2 247 519
77 35 16 2 583 716
100 52 17 3 730 793
52 77 28 3 562 626
56 96 30 2 577 659
70 70 20 5 214 388
99 39 9 4 539 603
28 29 6 2 257 555
55 66 6 3 285 427
49 93 24 2 282 493
9 66 12 7 460 529
85 31 22 4 237 345
5 61 17 5 677 738
35 78 16 1 418 669
51 20 15 7 260 509
63 31 10 5 554 639
24 12 28 5 440 672
5 43 14 5 441 735
42 24 26 3 552 667
96 51 6 4 273 446
83 44 9 2 438 540
30 22 6 2 355 540
11 96 16 4 270 467
45 0 11 6 347 628
71 54 8 6 309 551
21 21 16 1 601 690
96 21 22 3 233 443
70 41 21 6 581 686
30 88 19 2 290 512
21 24 12 5 382 563
82 48 22 2 587 762
63 60 14 1 349 487
79 59 5 5 403 518
72 8 25 4 467 750
64 24 14 3 230 399
0 79 6 3 395 630
0 34 12 4 361 554
16 30 26 3 325 528
82 76 5 4 684 757
73 43 27 5 298 445
81 2 19 1 332 434
13 57 19 1 377 497
87 80 29 2 394 488
60 16 8 6 284 403
42 50 7 2 218 309
14 68 22 6 620 742
22 97 19 3 467 667
31 42 6 7 522 707
69 51 10 2 652 739
23 54 16 4 227 501
44 78 20 1 606 752
60 61 17 3 574 690
82 4 24 3 677 776
51 43 21 3 515 785
14 24 9 2 215 302
54 97 22 7 508 575
36 2 12 7 651 747
51 29 29 2 242 373
2 50 11 7 414 604
40 56 9 3 414 482
25 16 23 3 330 430
65 87 25 6 222 392
64 4 29 4 283 451
88 18 9 3 442 736
2 51 18 4 370 641
56 68 13 5 225 360
75 99 6 3 242 467
58 41 27 1 704 768
39 13 26 6 310 376
32 33 6 3 456 561
78 54 12 6 391 489
56 28 12 2 453 737
48 23 10 2 242 415
14 11 29 4 460 599
81 16 12 2 495 636
9 92 19 6 326 507
74 87 24 2 238 495
50 83 25 2 567 679
30 78 11 3 282 531
69 80 10 7 504 684
77 93 20 3 628 733
11 100 12 2 591 766
67 100 27 5 237 445
80 83 29 4 404 622
97 19 19 1 507 783
29 76 15 3 439 643
28 51 23 6 368 471
29 26 25 6 203 423
95 21 21 4 528 799
6 1 12 2 481 755
70 50 7 2 501 660
50 80 28 6 324 436
43 62 13 3 301 529
49 65 6 6 431 518
21 17 20 6 322 478
72 86 7 2 364 633
44 61 6 2 261 341
92 44 14 3 285 462
72 88 10 1 655 786
97 89 7 5 247 431
81 52 8 6 424 509
77 78 21 5 281 422
55 9 6 3 375 597
59 26 13 1 610 684
54 3 5 2 654 743
13 21 6 3 226 396
77 96 30 3 570 713
75 87 18 4 376 530
9 78 29 3 274 470
84 70 25 6 301 594
64 90 23 6 584 711
63 61 6 1 310 499
78 61 9 4 647 788
37 2 10 5 585 763
2 39 7 3 416 507
6 58 13 2 245 384
49 30 14 7 622 721
28 77 12 5 262 381
10 21 28 3 489 743
1 38 7 2 263 361
33 58 25 1 663 734
33 20 23 5 460 535
68 30 13 4 248 474
83 36 25 6 298 432
32 91 9 1 587 753
32 28 28 2 482 773
69 49 12 7 279 513
29 93 6 6 286 472
63 18 10 3 266 550
35 77 25 6 388 527
91 64 15 3 446 582
74 22 8 1 552 694
72 31 18 7 614 676
62 61 22 2 463 672
94 11 21 1 495 765
75 75 15 2 326 387
31 17 14 4 447 605
92 3 24 4 273 530
64 32 26 5 370 554
61 51 28 2 680 792
11 95 19 4 499 749
100 3 11 3 582 732
33 62 8 1 572 742
40 49 24 6 231 530
93 71 10 7 459 536
0 71 9 5 311 406
24 18 17 5 438 514
100 76 17 5 543 673
86 95 9 7 212 374
80 89 7 1 593 735
54 90 23 5 435 677
99 27 9 5 291 383
88 19 9 2 321 411
28 97 20 6 324 604
2 86 25 7 497 774
59 87 10 6 408 556
93 13 16 4 534 664
32 61 25 7 542 690
77 61 12 5 527 660
81 35 29 4 515 772
72 100 26 1 622 721
21 57 12 4 304 580
37 19 7 2 204 431
96 11 17 5 227 301
23 5 12 6 474 565
84 48 16 7 253 505
7 12 29 1 237 524
91 30 22 5 391 620
64 43 27 6 553 690
35 99 6 3 244 365
1 65 26 3 277 462
65 21 30 3 602 749
76 34 5 4 503 616
13 72 26 5 275 464
89 8 12 3 289 423
98 0 18 7 393 456
100 48 20 2 516 760
94 75 18 1 332 544
54 83 23 4 343 580
3 68 22 5 471 718
79 22 6 5 637 774
11 52 22 5 425 516
88 86 7 7 475 576
96 57 25 2 362 470
40 90 9 5 455 669
56 29 28 4 478 665
8 94 27 7 234 360
100 100 27 2 515 670
95 26 9 1 603 684
62 97 7 2 436 707
49 36 20 4 489 642
50 71 22 7 258 376
9 25 29 4 440 705
27 86 12 5 228 472
83 26 25 2 353 560
9 97 7 3 363 471
46 76 7 2 274 394
38 81 13 7 318 512
3 38 23 6 303 558
42 34 17 6 496 654
23 21 20 5 387 657
18 10 12 2 529 785
25 85 24 3 604 690
60 15 25 4 231 331
92 26 6 4 201 354
19 16 9 3 435 578
15 12 9 2 572 774
74 3 23 5 383 632
87 66 27 4 477 775
64 100 23 7 536 633
91 36 20 6 482 755
2 12 7 7 375 626
93 21 14 4 341 492
55 7 27 6 397 604
65 19 7 6 248 456
100 89 13 7 663 749
73 59 16 1 318 485
90 16 28 7 281 437
75 100 11 1 201 399
26 62 18 7 619 741
22 37 18 2 522 775
86 20 28 7 638 713
85 49 22 2 720 788
89 87 10 2 361 644
8 61 24 5 421 482
16 58 10 2 575 685
49 31 18 2 453 738
71 32 14 2 328 509
61 34 25 6 271 480
62 44 11 3 585 671
86 2 8 3 213 371
76 48 19 5 405 598
51 98 6 2 360 480
77 15 16 4 214 372
87 2 18 2 677 793
28 56 12 1 613 762
20 76 9 4 387 594
60 29 28 7 250 363
65 14 7 3 620 770
43 32 28 3 365 616
61 15 23 3 257 380
90 57 10 5 403 677
55 70 7 3 321 604
88 40 19 3 357 567
15 62 11 4 285 368
97 64 22 5 332 549
93 74 20 2 348 538
1 92 29 5 604 734
4 44 28 7 438 567
47 48 24 7 590 754
35 79 7 3 438 519
4 72 24 3 383 463
49 29 10 5 577 779
90 80 26 1 473 610
98 54 8 1 527 655
60 80 20 4 465 735
62 68 28 3 395 612
2 48 5 5 416 578
50 64 15 4 389 681
59 47 13 2 293 516
20 61 12 5 694 761
46 42 7 3 597 667
90 0 18 3 362 517
42 28 24 4 501 756
24 20 20 2 429 695
45 95 23 4 524 590
97 37 15 4 327 614
21 42 23 1 669 786
25 96 13 2 280 559
80 66 24 6 586 662
77 55 10 3 367 589
12 14 23 7 206 293
87 14 29 7 657 736
68 81 18 5 618 716
11 19 10 5 435 606
64 3 17 6 500 751
70 28 16 7 489 713
80 20 28 5 338 614
86 22 11 6 466 762
63 2 25 5 356 453
25 67 6 6 584 769
97 61 15 2 612 765
19 80 22 1 370 495
62 55 29 6 226 501
57 73 17 7 572 712
20 29 13 5 531 742
34 36 14 5 462 699
18 22 24 6 528 603
45 42 17 4 543 787
94 79 23 7 682 769
54 2 13 4 372 661
39 57 12 2 291 469
72 43 16 4 511 636
60 28 24 1 612 702
21 73 30 6 527 794
27 49 10 4 281 545
90 72 12 6 339 554
8 7 5 1 224 502
72 49 19 5 510 577
76 24 13 1 510 767
82 24 21 5 325 616
50 40 29 2 543 687
53 53 5 3 444 625
53 44 16 3 362 475
98 51 9 3 264 521
6 59 11 5 373 648
7 39 12 2 515 629
99 85 18 4 392 677
51 100 22 5 480 738
27 1 29 7 474 568
34 18 9 4 239 473
97 90 25 1 540 684
24 19 12 2 447 561
32 95 24 5 367 554
93 20 23 6 398 475
81 74 25 4 344 598
92 5 26 5 558 761
39 2 24 7 372 489
81 8 5 7 439 674
68 31 19 7 615 765
58 99 10 1 228 343
3 80 10 7 313 400
92 95 10 7 267 410
11 31 8 2 337 605
94 95 9 7 491 552
11 48 28 7 336 414
98 70 11 3 448 602
36 61 16 7 525 604
47 20 10 3 573 748
90 23 26 6 297 377
37 75 17 3 643 723
57 75 25 4 427 648
62 41 5 6 674 758
75 95 28 4 415 661
58 10 21 6 448 533
54 38 26 4 239 535
63 49 25 3 361 430
31 93 21 6 238 361
68 55 7 4 215 356
2 83 19 3 417 697
93 84 12 4 440 596
67 89 16 5 325 575
19 82 16 7 328 397
38 94 15 2 363 566
34 75 17 6 596 724
41 82 21 5 370 660
84 96 10 6 587 679
89 15 25 6 207 407
96 14 14 5 374 660
25 92 29 2 517 587
59 89 5 5 554 696
74 52 23 3 252 387
21 39 19 1 347 463
92 53 14 2 386 585
56 37 15 2 349 475
65 89 17 3 627 793
85 37 27 4 642 730
51 16 15 2 611 753
27 69 16 3 305 405
36 41 17 5 591 673
44 41 15 6 345 497
62 89 9 7 301 446
84 63 17 2 286 380
19 52 29 1 480 703
15 32 9 1 610 742
75 28 9 4 256 465
79 41 27 2 222 486
59 58 18 4 513 596
79 54 26 3 382 529
90 82 13 1 560 793
36 30 10 2 345 510
54 76 19 7 682 777
33 0 25 6 353 469
63 33 11 3 462 669
11 68 8 3 624 727
30 20 20 4 442 583
30 5 7 3 497 739
39 87 27 4 398 560
62 24 20 7 586 720
12 75 27 7 493 623
12 90 14 4 322 430
45 4 21 6 709 782
23 92 17 3 505 626
92 63 9 7 337 564
50 95 5 4 462 647
66 68 6 3 412 499
52 98 10 7 516 733
3 76 15 1 454 701
91 23 6 6 215 496
62 33 11 5 466 629
93 27 23 5 283 570
27 2 27 7 228 288
77 28 15 4 354 588
6 95 26 7 402 479
85 58 25 3 439 626
59 77 10 2 389 463
29 38 28 3 252 513
18 90 6 1 551 667
79 71 16 5 410 552
65 13 25 4 364 501
68 24 17 2 510 701
74 12 14 3 347 612
15 77 10 6 453 752
63 78 29 1 293 543
1 43 18 5 503 578
63 96 8 2 397 643
44 11 5 6 373 647
97 14 24 2 430 548
91 67 21 7 443 598
87 57 11 2 321 517
54 28 25 4 586 776
14 16 11 5 400 554
20 88 16 3 309 378
6 100 27 7 407 545
76 59 27 5 555 774
5 39 11 1 294 553
13 6 15 6 348 539
5 68 27 1 428 705
23 9 30 4 502 721
20 2 22 7 359 561
5 94 27 4 482 594
12 13 6 5 537 658
35 63 17 7 533 674
92 50 21 7 533 735
68 34 26 6 381 473
91 88 16 4 400 645
8 88 15 4 409 696
72 56 10 6 597 658
18 2 25 4 498 717
22 0 25 3 338 611
71 31 19 4 618 690
29 30 30 6 583 697
32 27 27 6 346 610
19 53 18 2 506 583
42 26 7 7 503 647
2 38 6 6 474 723
66 2 13 7 621 715
54 95 24 6 366 453
0 90 11 5 327 612
37 87 15 3 262 440
84 3 23 3 384 575
60 46 5 5 256 328
86 98 6 3 689 759
86 47 5 2 269 481
26 38 18 4 320 521
77 27 14 2 408 485
83 25 24 6 214 325
51 54 21 5 556 780
0 99 27 3 511 621
79 68 7 7 280 420
9 72 18 3 509 785
84 61 27 6 329 435
20 22 21 3 211 336
85 25 25 1 512 617
67 96 15 4 547 762
26 1 10 1 407 630
14 44 23 1 286 549
53 95 20 6 213 404
79 78 5 6 335 509
27 35 10 4 240 325
1 67 22 5 440 606
66 42 16 7 216 367
83 58 5 6 512 582
18 75 26 2 225 315
3 48 30 4 432 702
22 34 25 4 573 679
62 90 24 1 202 277
100 60 30 1 293 562
10 45 5 1 441 539
96 7 5 6 441 503
3 82 23 6 239 491
58 81 15 5 203 436
48 3 5 4 369 609
32 80 22 2 622 797
98 17 11 7 378 646
86 9 21 1 674 775
61 90 14 2 323 396
0 43 8 5 272 373
69 17 19 3 247 427
29 82 12 5 380 662
88 21 28 4 454 560
64 14 7 5 336 437
84 36 6 1 566 638
71 50 23 6 218 410
27 77 17 7 322 496
0 4 14 3 543 631
53 66 21 6 660 780
68 33 7 4 608 778
87 72 16 2 518 785
76 77 19 1 391 612
34 56 9 1 664 754
41 36 7 7 592 793
45 25 24 3 464 691
61 18 25 4 506 768
99 69 25 6 669 777
53 85 15 3 432 563
32 89 6 6 438 568
59 34 5 2 427 635
53 68 8 5 289 416
69 73 19 6 261 409
5 45 6 7 242 460
91 54 23 5 685 747
67 81 11 1 354 471
76 55 18 4 384 580
95 69 24 4 233 389
38 16 12 1 378 493
16 98 28 1 227 494
35 86 13 4 696 789
37 4 6 6 341 507
46 8 30 2 535 692
59 36 11 3 290 438
24 75 5 6 652 763
86 62 29 6 439 555
12 48 26 1 669 766
41 26 8 1 654 754
93 19 20 4 361 534
37 69 6 7 392 628
100 54 8 7 441 707
17 20 9 7 243 418
88 26 19 3 228 500
17 52 24 3 404 556
42 40 19 5 335 597
33 38 17 2 469 751
2 88 18 5 660 782
11 83 16 3 630 746
42 9 5 7 601 721
93 77 25 3 319 481
6 87 22 2 327 591
87 29 7 1 292 400
29 19 18 1 299 473
59 33 25 5 642 727
83 64 30 2 407 477
51 11 10 6 551 690
99 98 20 2 455 716
77 41 19 2 376 493
85 51 15 1 404 554
28 86 22 4 494 596
87 86 25 2 585 761
68 1 14 5 226 479
78 29 6 3 504 798
67 7 30 3 718 795
2 13 23 3 582 650
55 27 25 3 448 656
16 26 18 2 502 752
3 94 20 6 397 578
3 73 6 1 541 681
99 24 17 2 429 570
74 17 16 5 466 551
18 51 18 1 261 379
44 26 22 1 221 435
6 17 6 1 653 756
90 96 30 5 418 584
25 70 15 4 483 613
11 67 16 1 315 615
34 45 14 6 386 513
70 89 27 1 225 492
40 57 7 2 510 711
18 46 18 4 215 413
76 54 28 2 243 386
15 28 18 3 546 613
44 88 14 1 212 314
44 32 6 2 528 686
27 32 10 1 563 628
54 82 11 1 654 728
100 82 28 1 430 581
22 22 29 4 286 521
28 98 25 4 590 756
36 18 27 3 577 667
76 46 27 7 349 630
81 99 28 6 482 711
95 64 29 3 200 472
50 73 10 3 595 691
32 24 20 7 458 559
32 5 24 1 229 381
44 65 17 4 395 593
5 7 6 7 468 574
56 8 18 7 251 503
62 74 11 6 620 796
35 1 30 4 208 460
3 52 17 7 282 510
97 100 12 1 638 741
19 0 14 6 245 319
22 24 23 4 547 800
25 62 13 2 300 431
62 73 21 7 351 612
11 72 5 1 481 658
64 53 5 6 448 546
28 17 5 3 254 514
39 38 29 6 289 371
72 58 6 3 334 395
95 87 17 7 491 756
63 19 30 1 382 498
57 33 28 3 250 406
72 51 5 3 360 445
25 82 18 3 411 627
97 74 7 2 439 696
32 39 20 4 583 764
59 19 12 4 380 485
10 0 30 1 284 480
79 65 16 1 571 643
44 38 19 3 318 459
96 30 23 3 478 608
93 56 30 2 633 754
60 83 21 4 404 485
87 15 26 1 235 344
100 64 25 5 209 456
53 75 6 3 444 553
8 45 16 5 474 643
82 42 21 2 523 630
69 2 13 7 331 520
0 1 19 3 486 765
13 33 30 7 413 493
7 79 21 4 447 550
79 30 6 2 327 500
65 65 15 7 334 418
77 85 28 5 619 688
65 77 15 4 378 493
72 35 22 2 361 432
33 49 17 1 444 560
47 74 14 7 486 765
98 3 7 6 674 737
8 9 28 1 531 715
51 71 11 2 533 783
35 49 5 3 201 394
4 87 5 3 259 432
61 76 25 4 426 596
49 53 22 5 398 679
92 80 30 5 409 661
18 64 5 5 397 668
9 32 11 4 418 711
38 8 7 1 543 640
11 93 21 6 468 603
76 8 27 6 280 476
88 56 7 4 286 422
94 33 18 1 341 608
16 9 11 7 392 529
47 51 16 5 269 482
24 56 13 5 461 750
74 14 16 3 480 593
44 100 25 5 261 340
47 58 20 7 235 470
45 31 17 2 238 343
55 48 11 7 512 636
22 35 23 6 302 571
29 65 7 3 622 685
71 3 5 3 429 565
93 41 22 5 561 700
3 55 10 6 273 562
0 52 24 5 416 552
12 91 12 6 534 758
89 80 19 3 415 487
55 75 23 1 626 731
90 55 24 2 227 331
83 48 24 1 420 553
93 6 7 6 325 599
71 95 5 6 346 481
10 96 24 1 301 456
64 73 28 6 413 668
26 29 23 1 510 721
12 52 28 7 583 788
84 33 10 4 412 597
6 29 26 7 216 373
50 60 10 7 421 589
70 52 15 7 397 643
100 45 30 6 413 486
3 61 24 6 218 495
48 4 24 6 259 326
35 83 17 2 419 611
69 92 18 7 296 407
10 76 22 2 205 497
13 37 26 5 461 545
37 32 12 7 335 436
6 74 16 5 222 348
20 34 8 1 419 715
79 18 19 6 363 465
44 47 11 4 290 409
22 92 5 4 570 732
24 39 21 2 436 557
55 20 28 6 337 538
61 56 13 2 323 384
10 93 6 4 574 743
71 21 10 3 222 301
44 87 11 7 334 475
54 49 21 4 523 673
61 48 13 4 281 351
59 96 18 6 302 445
43 28 8 1 206 297
91 50 26 4 661 794
74 84 5 4 366 653
8 6 16 3 385 556
11 17 30 1 626 777
31 58 22 4 492 675
30 31 29 3 293 431
5 74 7 5 636 757
38 17 22 1 328 537
70 34 12 7 520 651
2 64 7 3 381 601
22 33 14 5 376 659
46 45 24 1 699 786
3 87 30 4 475 754
8 33 13 6 249 356
17 58 8 2 440 538
73 26 18 6 657 776
32 41 19 1 355 416
77 16 21 4 362 499
35 95 17 3 720 781
15 88 6 3 521 740
70 31 25 5 468 659
33 44 16 2 319 608
17 75 16 3 454 672
34 17 12 7 512 768
92 100 8 7 254 543
99 47 29 2 507 587
95 51 10 4 429 690
16 25 6 1 320 530
63 80 22 7 424 594
59 5 25 6 395 595
90 52 30 6 475 671
45 49 10 2 309 536
24 100 5 5 700 762
55 69 9 6 382 530
54 64 24 1 286 453
12 12 24 4 540 735
99 33 5 6 352 442
0 54 30 1 475 716
98 37 19 5 207 351
2 3 28 2 485 724
40 64 18 5 250 412
16 81 9 7 614 697
67 75 17 4 343 448
17 74 7 2 546 779
26 69 11 4 451 634
10 98 12 4 298 406
51 62 19 4 241 328
55 45 27 1 592 715
21 97 27 1 458 646
44 84 5 1 355 497
64 65 24 1 324 459
83 76 5 3 403 519
64 50 7 2 518 602
11 14 21 1 201 272
33 24 11 4 208 341
10 92 11 7 424 665
12 59 20 6 406 509
67 82 14 5 315 427
0 21 30 6 271 396
12 8 9 3 201 364
21 47 7 3 474 612
79 66 7 7 548 701
54 72 27 2 672 766
74 69 30 7 624 754
33 77 17 1 201 370
67 38 23 1 555 699
58 1 16 1 592 798
3 28 28 1 729 799
63 77 9 3 480 584
84 77 24 2 551 701
38 37 24 7 577 652
13 67 6 2 374 488
43 73 19 2 212 354
39 72 25 7 431 643
44 77 9 6 494 680
14 42 16 3 420 599
13 90 5 1 422 597
62 88 29 7 412 659
29 23 17 5 437 595
42 20 17 1 528 639
27 14 14 5 629 701
9 82 18 5 427 694
74 7 23 2 418 608
54 14 16 3 430 544
82 37 22 2 456 741
37 83 27 4 390 620
86 34 5 4 551 766
57 39 19 5 273 402
98 92 16 4 444 581
82 49 16 3 535 735
97 28 22 2 311 480
90 98 12 6 529 612
81 20 10 3 280 460
50 76 28 6 219 444
52 0 7 2 550 723
38 58 8 5 203 410
18 100 28 7 448 538
9 87 6 6 440 655
85 69 5 3 441 732
3 34 26 1 369 573
32 77 9 5 330 407
65 47 23 6 535 743
35 40 5 6 603 720
10 15 17 1 307 570
82 73 30 5 460 735
13 83 18 2 491 745
48 87 11 7 234 353
0 82 14 6 448 727
88 58 11 5 266 453
61 35 28 3 213 440
4 56 21 4 484 757
76 47 7 1 207 432
57 2 27 6 327 521
22 59 12 6 576 691
35 41 5 2 459 606
46 51 16 1 412 560
45 60 28 6 267 519
30 76 14 6 390 557
70 88 11 1 268 503
69 5 10 3 200 348
86 11 21 1 363 433
89 17 25 5 525 754
32 16 12 2 302 389
33 83 25 6 551 707
10 77 20 4 445 642
33 9 28 6 254 340
5 10 12 3 300 511
10 16 15 6 356 464
58 90 20 7 333 415
39 42 26 5 342 494
55 14 20 4 297 564
47 77 13 7 279 551
21 19 10 4 390 592
77 81 11 4 566 789
14 55 30 6 267 341
31 86 22 7 549 666
73 20 15 1 285 483
69 33 23 5 368 545
96 92 8 6 234 499
89 2 11 1 222 374
53 29 24 5 450 647
0 83 16 1 423 520
68 69 9 7 219 408
12 26 8 5 515 720
91 44 20 6 442 543
25 64 30 5 522 617
88 2 18 4 225 524
94 28 13 1 427 655
26 100 15 1 577 750
82 99 25 3 568 693
29 66 21 3 514 667
65 60 25 4 225 324
89 53 5 2 418 564
84 49 18 2 251 362
42 76 9 7 552 716
56 12 26 1 377 512
58 46 28 5 519 644
0 15 7 3 388 642
47 3 5 4 220 342
18 31 28 7 339 426
47 39 21 7 267 439
85 66 19 2 239 394
8 67 25 4 441 690
95 32 13 2 493 702
8 10 20 5 281 379
18 71 9 4 350 616
23 78 19 4 466 587
91 13 8 6 454 563
40 67 15 4 353 451
52 12 21 1 288 483
88 24 17 7 530 755
99 48 24 6 470 726
5 16 18 1 493 698
30 50 29 4 647 772
34 3 18 2 399 469
53 13 22 5 282 465
16 0 20 7 303 364
52 45 23 2 304 438
51 77 16 1 518 721
10 47 7 5 510 701
100 93 5 3 299 450
13 53 5 5 663 764
36 86 18 5 409 678
93 68 22 5 257 426
45 3 6 7 307 561
44 55 21 7 218 290
61 38 24 5 471 604
62 9 6 1 284 498
4 17 9 7 419 552
48 40 12 5 291 551
25 47 29 3 247 439
31 59 8 7 347 536
29 32 11 7 222 376
64 75 7 6 542 731
9 88 19 3 346 560
41 77 14 6 480 778
35 35 14 1 300 556
50 77 19 7 213 453
90 87 9 3 626 797
48 58 8 7 436 644
63 25 26 1 625 790
91 1 16 4 582 718
78 75 25 1 385 570
5 41 25 5 247 398
70 87 15 3 222 399
82 25 5 3 383 516
75 40 22 7 259 324
55 40 9 7 687 755
95 96 11 1 290 403
69 93 11 3 421 573
56 51 23 4 498 798
68 65 30 4 237 399
77 71 28 2 365 656
89 51 8 4 505 680
66 46 15 7 573 721
60 27 15 7 522 742
68 89 16 4 484 625
25 43 20 7 407 602
61 23 6 6 350 587
63 43 23 3 375 495
0 48 23 7 365 490
8 37 26 2 260 451
7 35 14 4 635 771
27 37 15 5 330 623
52 38 5 3 524 753
53 73 5 6 609 792
38 35 19 6 263 383
7 52 25 3 233 297
6 98 7 2 488 551
5 40 8 5 443 643
93 28 22 6 374 614
15 22 28 5 390 500
84 89 8 2 442 508
87 41 17 1 441 572
4 83 7 4 231 367
2 44 22 5 577 696
7 3 18 3 681 794
58 35 29 3 444 518
48 64 14 5 633 788
21 84 7 5 251 376
73 71 6 3 365 554
37 3 7 3 205 452
18 78 16 1 617 690
7 10 16 7 557 659
29 31 10 6 382 617
7 89 24 5 609 734
47 75 10 3 421 519
77 74 20 1 212 404
73 37 25 5 457 619
76 85 30 2 472 687
7 95 5 6 484 595
60 25 28 1 325 438
6 48 6 5 491 562
96 49 7 4 415 705
97 95 19 6 494 709
1 16 16 4 325 495
51 75 26 3 235 393
61 7 16 4 387 542
24 5 26 2 369 458
75 34 19 6 367 642
86 99 28 7 358 492
78 40 13 5 369 467
39 51 19 3 410 604
38 50 8 6 621 800
4 39 29 6 401 509
44 93 27 4 620 681
15 87 9 7 490 577
60 76 30 2 428 677
18 19 24 3 482 714
86 96 24 1 370 443
99 21 14 3 508 695
63 70 6 1 300 376
56 63 30 4 526 642
66 36 7 6 388 543
93 12 26 4 295 509
7 93 28 6 341 492
97 7 21 7 505 630
44 12 18 1 262 364
33 91 26 2 516 746
