855
46 49 0 0 0 0
24 25 29 6 392 649
69 74 14 2 394 492
39 18 11 2 505 789
47 48 7 4 598 707
6 65 29 3 258 398
0 57 28 3 240 420
50 44 24 1 676 798
88 3 5 2 326 553
68 73 13 1 395 691
47 81 26 3 675 737
47 44 22 4 371 462
74 97 15 1 374 617
65 2 19 6 528 746
39 7 18 1 471 689
19 81 15 6 406 503
98 6 9 1 566 735
10 65 17 5 608 694
30 100 19 7 647 783
17 29 29 7 394 547
86 2 16 6 494 606
73 88 16 4 211 453
50 3 25 7 331 463
17 77 28 2 263 485
39 73 16 4 581 798
17 79 12 6 522 779
3 72 30 6 462 714
44 47 5 5 693 771
81 20 24 6 320 581
86 9 14 7 244 329
64 6 8 4 628 780
34 14 21 6 606 720
65 16 23 7 490 613
75 41 20 4 273 415
58 57 28 7 329 521
54 38 12 4 508 683
32 59 21 5 401 496
60 26 22 6 281 556
56 34 10 4 627 752
14 71 8 5 316 397
13 24 12 1 586 785
22 31 5 1 533 693
32 62 22 7 286 374
95 55 29 5 315 422
30 61 26 1 234 350
30 65 13 4 300 424
24 75 15 3 612 738
83 25 11 1 666 758
77 0 14 1 234 410
39 85 17 7 411 485
86 3 5 2 368 514
19 30 10 4 397 601
90 90 15 4 426 648
21 55 25 7 262 479
8 87 17 6 281 481
72 64 24 5 587 658
65 72 22 6 567 662
3 48 13 1 236 328
36 96 14 5 567 641
97 48 20 4 501 595
42 80 30 1 496 743
83 42 8 7 391 634
90 37 5 7 485 585
83 75 19 5 674 771
18 99 6 1 636 776
82 67 16 3 235 448
70 51 24 3 543 715
44 56 20 2 475 616
27 55 29 5 433 558
30 74 9 6 255 464
85 17 13 7 370 496
40 81 15 2 249 374
75 30 16 1 304 559
43 42 21 7 649 716
76 41 25 2 276 540
18 48 11 2 217 456
0 67 11 5 657 780
62 88 23 7 232 450
88 98 23 2 620 737
45 50 15 2 418 575
67 61 11 5 392 483
32 60 30 3 545 644
42 95 17 4 481 689
28 16 13 4 487 699
100 56 9 3 562 743
61 66 30 3 326 400
44 23 7 4 348 585
3 14 30 6 297 357
77 22 29 7 206 289
30 7 25 7 215 384
66 100 13 3 390 676
36 37 19 7 615 682
22 81 24 5 428 521
77 40 25 2 369 629
18 72 15 2 529 592
79 87 11 6 209 349
68 20 17 2 570 744
86 19 22 3 211 307
23 31 18 7 342 571
26 54 26 2 328 528
59 19 28 1 463 732
44 97 15 6 434 556
9 35 17 5 677 783
74 74 14 4 516 798
74 68 8 3 252 316
43 68 16 7 379 505
92 86 27 5 502 685
26 76 28 4 223 447
46 92 18 1 393 506
100 86 23 5 535 773
54 30 7 5 362 437
40 56 22 3 496 577
44 90 26 6 264 368
79 16 6 6 261 322
96 38 25 3 251 444
61 99 26 3 279 532
62 73 22 2 265 345
63 81 15 6 559 776
82 21 10 6 515 769
85 53 23 1 420 486
13 70 7 2 492 663
25 73 7 7 653 783
69 63 11 4 394 491
77 93 13 3 283 462
77 84 20 2 558 654
71 57 5 3 597 735
40 73 20 7 680 741
88 79 23 3 580 716
8 20 21 2 549 785
1 57 8 6 486 669
82 53 19 6 418 561
0 15 28 6 256 496
31 7 6 2 584 783
60 66 16 6 706 786
54 41 7 5 212 409
37 50 15 6 319 502
1 71 11 3 258 405
18 46 12 7 658 748
21 92 10 1 230 485
77 36 8 5 620 752
93 18 30 1 629 779
58 65 12 7 506 707
80 33 26 3 497 683
63 46 19 7 456 630
11 40 24 3 417 483
49 14 28 3 592 756
1 81 11 4 646 763
93 60 14 6 348 520
38 1 6 4 439 563
0 18 5 4 481 710
38 25 20 4 630 704
69 10 19 2 551 763
50 82 15 5 531 677
25 1 27 6 213 279
73 80 17 7 313 430
31 17 13 3 536 661
16 59 29 2 285 357
33 25 18 2 312 542
58 7 5 7 476 666
88 14 16 6 232 362
84 4 21 5 563 699
0 90 18 4 640 762
37 12 22 4 354 434
9 91 9 3 602 722
43 83 15 7 203 353
25 93 10 6 537 729
5 18 9 7 201 381
43 11 14 1 532 774
8 80 17 4 496 716
22 100 24 3 538 625
85 10 29 4 369 633
50 67 24 3 443 729
11 28 9 5 517 784
99 21 24 4 345 601
95 7 22 6 455 539
42 57 8 2 496 705
64 20 28 1 615 717
91 10 11 5 382 486
34 47 29 6 485 614
89 23 13 2 286 471
53 29 18 2 213 396
18 45 25 4 705 797
16 5 18 4 452 675
34 59 9 3 383 510
23 94 30 4 283 436
79 88 20 1 402 578
59 1 12 5 369 481
56 98 15 3 285 421
40 4 21 7 258 466
30 54 11 4 390 645
34 7 23 1 616 701
20 78 21 1 559 655
97 42 9 5 378 624
68 13 21 4 234 337
49 73 5 2 481 556
31 99 17 6 642 735
85 38 19 5 453 544
16 53 20 3 403 547
41 89 20 1 462 536
4 95 18 1 361 458
37 100 7 1 389 560
79 3 21 2 253 387
30 90 12 4 535 705
28 86 5 3 225 509
76 77 26 6 485 565
10 68 24 1 305 599
76 35 7 5 447 541
8 9 9 1 211 427
42 47 18 6 304 413
63 37 5 4 259 360
47 51 26 1 303 430
1 12 21 7 490 771
74 21 14 5 297 547
2 23 23 1 387 625
62 42 22 4 529 630
10 15 5 5 246 470
99 84 12 5 362 588
77 57 19 5 268 365
6 58 29 7 254 429
66 87 23 7 460 664
69 92 12 7 250 455
61 93 21 4 454 712
1 42 17 7 550 800
49 22 24 4 357 653
98 68 8 5 315 387
63 66 9 2 336 616
46 3 7 3 202 445
23 72 21 3 508 649
33 54 25 5 668 772
88 23 13 4 359 531
86 67 20 4 258 525
37 69 22 3 376 625
84 34 26 6 591 678
0 59 21 1 473 554
65 67 26 6 335 580
6 56 20 1 543 616
44 11 24 4 416 574
66 5 19 1 472 733
19 61 14 3 492 638
31 63 16 4 349 434
20 100 21 5 465 685
58 32 22 7 368 535
46 17 11 3 451 610
68 36 17 7 382 493
3 0 30 6 474 653
74 19 30 2 690 790
5 21 28 1 486 737
99 30 22 2 210 375
12 59 19 2 241 520
73 44 19 2 385 451
41 19 11 7 275 507
24 30 28 3 442 620
68 74 17 5 436 525
94 89 26 3 484 604
27 20 26 5 543 721
49 11 17 1 236 486
58 45 28 2 341 635
43 54 19 1 271 412
2 28 26 1 597 800
51 59 29 1 414 517
56 79 30 4 624 782
77 90 8 7 402 499
32 18 29 4 231 474
84 46 17 3 563 663
29 38 22 2 666 786
14 9 21 2 613 800
61 45 12 6 244 449
76 64 8 5 265 444
97 64 7 1 646 754
6 88 12 4 526 604
19 80 14 2 214 433
51 4 6 3 549 786
86 66 13 2 537 732
54 10 11 4 673 792
61 85 5 5 537 598
16 61 9 6 642 740
12 56 19 2 328 422
79 83 15 7 208 321
49 50 19 4 248 531
26 72 17 7 464 573
59 45 9 5 533 600
48 87 29 5 537 728
21 78 8 6 504 767
54 61 30 4 305 452
32 61 16 7 441 630
65 3 26 3 322 394
58 39 15 3 505 741
95 64 11 1 368 613
39 94 12 6 321 507
90 44 10 3 530 731
42 97 19 3 565 672
44 15 5 6 279 471
57 56 19 2 623 757
19 38 24 6 301 491
41 4 17 1 371 538
54 32 25 6 514 589
53 64 29 6 445 517
53 2 5 4 604 769
67 97 8 1 643 741
44 86 8 6 350 434
98 49 18 4 273 481
78 62 29 7 255 359
49 79 17 4 341 474
26 97 25 4 274 483
68 22 9 2 480 603
69 90 5 7 332 423
97 52 24 5 510 719
33 47 12 7 269 563
83 90 18 4 317 556
97 63 19 5 410 617
81 96 16 5 596 750
48 50 25 3 617 754
95 56 18 1 622 761
54 24 30 1 328 447
20 63 14 2 300 456
0 44 25 5 558 715
17 81 29 3 296 359
57 52 10 2 450 601
76 24 20 5 552 651
82 69 29 4 301 459
14 51 17 3 409 469
30 87 12 3 409 623
98 99 29 6 501 609
80 6 25 1 728 792
97 49 7 2 307 491
64 67 15 7 623 793
87 71 13 4 475 647
5 43 22 6 418 482
32 45 29 1 481 582
22 35 16 4 316 558
19 75 16 5 525 691
96 27 23 1 289 530
25 42 16 7 296 410
26 87 24 5 332 558
4 42 24 4 258 337
93 30 5 5 485 756
85 65 8 1 413 526
70 99 11 2 584 677
35 72 19 4 446 520
81 9 29 7 643 742
92 66 13 6 407 689
41 53 21 1 397 666
72 13 30 4 528 771
22 92 19 5 437 707
32 8 17 3 465 540
76 43 17 1 514 788
49 48 29 3 368 641
44 80 6 3 410 619
32 69 8 7 588 687
20 65 6 5 201 448
86 44 14 4 494 721
89 12 20 6 623 688
57 59 18 6 471 655
25 19 19 7 538 724
31 66 5 3 203 288
21 71 28 5 245 535
96 60 22 3 269 511
5 32 15 4 282 411
50 11 6 6 321 457
56 16 30 3 438 613
16 7 16 1 425 533
84 27 27 1 623 789
36 62 9 5 464 733
32 68 16 4 241 315
34 45 21 1 399 694
75 75 6 6 549 746
0 56 8 6 212 318
36 60 6 7 339 598
14 96 12 3 201 318
8 30 25 6 384 642
52 54 25 4 240 520
34 46 29 4 201 481
93 29 8 6 359 535
66 54 27 4 312 469
69 46 18 3 404 615
29 45 26 3 371 580
51 16 12 1 491 778
92 44 8 6 252 506
27 0 9 6 542 678
52 67 18 4 281 526
85 44 12 5 510 684
50 14 24 6 560 739
82 63 28 7 346 630
84 58 29 3 390 647
48 8 28 3 365 639
4 67 19 1 531 637
43 66 13 4 235 455
56 83 7 5 661 798
58 75 7 2 269 520
83 33 18 4 247 474
61 38 17 7 678 765
81 4 21 1 251 331
75 62 14 1 409 531
20 26 22 4 455 627
14 91 25 5 287 483
71 11 7 6 485 725
85 81 26 1 539 699
5 89 24 5 542 693
91 48 15 1 260 475
26 75 16 5 451 534
78 94 24 7 668 764
100 18 11 2 458 678
35 95 25 5 266 368
17 58 18 5 264 500
31 58 9 3 438 554
11 35 13 1 369 532
41 54 13 2 671 765
83 11 29 3 348 484
79 84 18 4 368 464
50 90 16 3 301 413
18 97 18 3 550 752
88 45 5 4 619 759
82 64 12 4 274 459
60 41 27 2 432 505
72 15 9 6 306 468
87 78 25 2 621 730
2 51 26 6 616 720
36 20 26 5 591 772
80 100 7 2 380 494
5 15 24 1 205 289
82 84 10 2 240 520
83 39 24 7 295 432
71 50 21 3 386 678
79 8 8 7 499 663
57 22 7 5 529 706
52 8 25 2 204 285
93 2 16 4 293 449
58 100 25 5 283 476
24 46 6 2 205 376
74 20 14 4 385 624
33 80 19 5 413 585
97 31 6 7 566 693
100 23 20 7 330 415
85 83 14 5 265 348
26 77 30 2 319 410
56 78 19 5 357 524
58 41 9 1 615 710
74 39 30 1 277 525
2 19 6 1 357 509
7 78 6 6 302 461
83 0 26 5 298 419
39 89 23 6 448 746
37 24 26 3 452 646
28 27 8 2 353 607
2 95 18 7 536 621
51 55 15 2 207 494
9 55 24 4 498 568
98 50 5 3 343 552
71 2 13 5 272 509
28 54 28 2 556 664
11 95 9 2 344 423
60 10 16 1 673 742
24 98 22 3 214 386
77 6 12 1 309 374
47 33 14 6 316 413
100 44 26 2 271 437
50 2 8 4 489 630
65 97 16 1 551 635
12 2 27 6 569 655
48 30 28 7 227 373
62 1 7 2 526 672
11 34 27 2 669 754
43 88 22 1 468 661
81 55 11 3 339 434
100 67 7 7 339 485
72 38 15 2 399 504
43 21 27 3 378 649
84 56 10 1 440 643
9 80 19 6 275 395
98 62 28 3 504 705
74 24 26 3 575 714
40 83 30 5 408 577
12 28 19 2 521 641
59 86 8 6 210 344
11 6 9 4 666 796
56 3 30 2 490 573
22 66 18 6 582 642
71 29 17 2 366 441
18 55 19 4 330 580
23 4 7 7 450 584
27 22 21 5 238 376
50 43 27 6 607 762
67 17 25 4 309 445
47 14 28 4 684 767
46 46 22 1 211 463
40 41 12 1 527 627
99 92 7 5 280 437
20 28 8 4 494 747
88 59 5 4 552 665
11 96 9 2 583 670
93 14 22 7 384 514
80 20 25 7 454 608
53 16 19 2 471 745
75 24 6 7 620 799
88 49 26 7 262 549
58 59 30 4 313 462
52 3 24 4 312 431
93 61 6 3 378 636
62 45 13 6 471 732
5 50 25 6 236 487
65 20 16 1 444 552
25 44 25 3 597 725
97 58 25 2 623 786
19 3 26 6 517 617
86 82 5 1 585 724
75 96 14 6 348 562
11 94 20 1 454 616
62 69 14 3 248 529
6 59 10 3 486 629
3 10 30 3 309 494
70 14 8 1 594 656
17 68 15 3 447 714
13 90 21 6 620 779
48 13 22 1 480 683
54 78 30 7 311 526
59 39 29 2 243 536
86 50 20 4 421 489
33 19 5 6 233 384
81 71 6 5 397 502
48 55 18 2 635 698
73 41 21 6 598 731
90 52 14 4 709 791
34 37 8 3 531 643
100 97 22 4 206 406
3 28 29 6 376 529
47 77 16 7 571 664
15 76 20 6 636 747
74 23 25 1 463 716
55 98 17 1 290 425
73 48 26 7 456 663
37 34 23 5 659 754
79 44 26 7 381 447
51 66 27 7 490 589
16 11 9 1 635 707
16 73 10 2 457 604
77 65 8 5 572 635
96 80 15 5 454 730
64 84 29 2 341 435
52 94 20 4 485 701
42 22 30 2 547 735
57 35 11 1 363 650
82 85 18 4 550 769
81 68 28 3 206 301
9 33 17 1 329 397
11 63 8 1 387 641
72 97 25 4 672 779
12 33 5 6 468 621
89 81 17 3 397 612
85 20 13 3 200 361
38 2 8 4 360 522
76 8 22 5 239 363
4 41 26 4 557 713
18 32 7 7 476 764
59 82 30 3 317 479
17 87 24 3 472 763
18 17 7 2 473 690
50 64 20 5 527 668
83 46 9 2 270 560
17 26 30 1 411 506
24 35 21 2 350 536
38 73 21 5 575 738
82 55 6 4 570 645
6 52 23 5 550 774
100 22 20 5 453 677
52 86 5 1 416 599
56 45 5 7 256 409
64 23 8 3 405 523
1 95 17 7 217 349
6 13 9 7 279 535
9 51 11 6 384 582
80 89 17 7 362 608
43 80 18 5 235 387
20 82 13 2 467 623
81 43 22 6 370 511
22 9 12 1 307 391
34 30 26 4 337 589
66 60 12 3 249 335
90 19 14 3 256 418
61 69 14 5 488 732
38 6 13 5 633 789
13 68 6 2 494 565
98 77 11 6 490 596
71 96 17 7 579 652
29 74 5 6 283 521
92 53 11 7 695 781
46 8 6 4 619 725
84 44 20 1 212 438
63 8 27 2 353 435
93 36 9 1 405 702
27 57 18 1 287 448
38 56 24 7 213 482
81 88 5 2 583 679
45 27 20 4 227 359
75 48 24 3 368 469
96 95 28 4 455 640
68 79 12 5 335 537
64 57 20 5 351 609
17 70 28 3 234 326
67 52 25 4 278 365
42 94 20 2 203 436
29 93 5 3 384 513
91 63 24 2 470 675
7 41 17 3 444 618
69 66 26 7 235 399
21 52 28 3 613 774
8 6 11 7 670 757
38 49 29 7 430 599
38 90 8 5 348 419
63 14 7 1 351 462
90 85 17 3 591 671
24 18 16 3 260 516
68 69 23 7 267 531
100 43 15 2 411 508
44 87 9 1 402 469
2 99 5 2 524 631
99 29 17 2 498 678
48 9 19 6 277 460
81 47 30 4 275 470
18 10 15 5 713 780
100 46 22 4 409 495
45 67 17 1 505 651
21 69 29 2 330 555
70 76 17 4 273 439
54 90 25 6 387 569
96 35 21 4 313 375
51 7 27 3 288 568
65 32 19 7 244 390
54 95 29 1 508 800
46 45 9 1 241 350
34 85 16 1 479 580
37 14 14 5 576 676
67 5 18 4 279 544
52 9 24 7 392 623
24 37 6 4 236 504
33 12 26 2 239 473
77 18 13 2 419 549
69 84 30 7 668 744
48 80 27 2 618 785
64 88 8 2 330 395
22 87 30 4 225 315
12 81 30 3 209 327
99 6 5 4 239 324
33 58 29 5 361 437
0 39 14 7 398 664
20 73 28 1 479 634
0 66 29 1 293 429
9 11 12 2 478 566
39 35 14 1 413 624
75 10 19 4 599 736
51 97 15 5 389 481
93 94 9 7 258 484
24 73 28 4 685 777
63 57 18 4 442 742
77 52 30 2 230 518
17 74 11 2 450 647
6 24 30 1 715 793
75 88 29 1 505 668
30 83 19 6 273 455
13 93 17 1 235 376
0 45 27 4 252 552
56 10 7 3 688 748
72 5 18 4 265 409
27 34 8 3 557 752
26 34 18 3 456 713
69 1 11 1 474 632
97 100 23 6 418 550
54 9 11 2 543 720
70 24 23 7 389 489
58 92 22 3 442 687
82 91 26 2 382 601
52 4 13 7 557 741
74 92 20 6 645 788
15 60 27 6 594 683
92 40 21 2 581 707
25 39 9 1 525 785
45 17 11 5 484 717
33 74 23 6 599 663
21 12 21 7 266 563
81 34 15 7 299 450
53 1 17 1 244 353
1 61 24 4 360 558
12 24 9 3 254 444
62 46 24 6 498 753
70 68 24 5 371 460
27 32 10 1 442 604
95 76 7 1 270 376
21 81 19 4 350 544
18 64 17 2 502 575
82 98 21 6 306 575
21 14 11 1 494 713
21 59 14 6 594 712
5 96 5 6 675 798
52 13 28 2 311 390
49 59 11 4 423 722
83 26 28 1 618 750
56 67 21 4 494 636
40 54 20 1 527 747
55 84 20 5 462 751
80 80 7 1 403 638
5 92 14 3 513 754
67 37 16 5 566 753
82 22 19 4 277 390
71 59 6 4 505 708
59 99 24 6 510 720
35 49 17 3 330 526
63 75 19 3 562 645
15 99 30 3 450 632
39 99 22 6 408 535
37 48 6 5 301 548
48 59 27 4 235 418
73 37 27 2 617 768
54 96 5 6 409 582
36 19 7 4 265 364
97 43 18 7 459 687
16 96 28 6 388 647
39 97 19 6 399 679
5 52 29 1 432 713
64 60 7 2 313 525
90 33 20 1 669 768
26 84 27 1 555 731
24 49 21 5 263 487
34 23 21 1 407 498
93 42 26 3 400 560
82 0 25 5 445 584
71 39 12 6 329 566
84 64 9 5 592 693
49 32 13 3 446 645
41 7 29 6 654 743
9 21 29 1 455 730
99 31 12 2 249 512
64 2 12 5 466 612
95 34 9 2 578 701
89 2 18 1 393 484
70 12 23 1 517 609
97 81 22 4 388 564
21 79 18 4 534 682
69 71 14 5 285 379
27 63 16 7 533 599
89 99 15 3 481 720
26 43 27 4 376 580
60 11 5 1 504 587
15 95 7 1 413 700
7 61 27 1 498 650
15 72 28 7 356 599
69 12 21 2 234 512
74 13 19 5 456 721
84 53 8 6 464 567
44 92 23 7 651 738
1 43 23 4 479 615
66 16 29 4 526 638
15 36 16 7 402 517
37 22 10 2 264 414
46 67 18 1 276 361
38 87 24 3 356 615
87 3 5 3 492 592
18 24 22 2 319 379
67 8 26 3 314 392
26 11 11 7 543 614
60 78 8 3 423 541
53 5 12 7 438 570
71 38 25 4 509 588
5 10 9 7 585 789
52 57 28 4 247 460
6 18 21 6 462 578
18 78 20 3 235 510
16 57 28 6 384 471
90 26 5 3 661 796
47 53 16 1 515 750
39 37 17 5 571 730
3 45 5 4 325 607
94 41 22 7 450 571
7 62 24 3 483 600
53 96 5 5 454 679
3 56 19 6 589 705
47 73 22 4 462 611
63 4 17 4 203 469
38 34 5 5 240 361
91 26 22 7 244 384
92 65 6 5 267 497
28 23 8 3 388 482
24 33 19 7 245 492
8 81 6 5 596 767
32 42 16 4 574 687
22 78 22 2 577 709
92 33 22 5 324 424
34 39 15 6 346 546
1 93 26 2 325 624
97 22 12 2 467 642
13 14 9 3 657 743
57 76 21 4 614 704
21 33 11 6 510 684
82 87 10 1 387 629
44 10 6 3 279 523
67 36 6 2 535 649
5 20 10 1 490 691
86 41 8 2 357 575
90 1 9 3 412 579
88 36 20 1 685 788
55 36 20 2 353 506
18 25 7 2 292 423
100 8 30 6 265 338
99 64 22 1 567 785
84 54 30 6 539 660
98 91 24 6 617 745
70 34 23 5 488 555
59 74 18 1 350 530
83 37 30 5 240 310
34 80 9 2 398 666
21 31 5 7 625 685
63 12 16 3 387 477
39 76 16 1 570 651
82 61 20 4 263 334
50 22 7 6 232 460
55 7 5 6 502 622
42 88 6 6 339 459
9 94 18 7 697 775
91 97 15 5 235 496
99 97 16 7 657 771
33 16 17 5 228 451
5 33 15 2 336 542
22 44 15 6 325 579
94 6 30 2 418 568
91 61 29 2 509 763
60 7 18 5 213 294
95 57 17 7 306 469
69 3 27 1 434 664
76 16 7 6 426 559
43 84 28 7 615 800
92 20 5 2 338 477
18 31 20 7 246 443
54 33 29 3 390 484
16 8 29 5 402 681
57 23 13 6 525 632
78 90 6 7 445 527
86 79 24 1 456 541
5 86 18 3 494 566
75 98 18 3 472 682
67 60 16 5 300 396
85 59 6 4 452 679
84 29 12 5 264 563
30 46 25 6 513 631
99 79 23 2 482 748
75 51 6 3 282 508
54 6 17 7 729 794
18 38 22 7 224 493
41 76 21 1 279 515
1 13 19 5 339 504
51 40 10 6 606 781
77 44 9 2 458 546
41 25 26 6 616 762
31 50 6 7 538 682
61 83 24 7 259 486
89 92 14 5 391 650
15 75 19 6 488 645
28 25 28 7 620 701
