1823
80 9 0 0 0 0
68 5 20 5 450 658
5 8 27 5 547 686
4 84 23 1 400 465
92 36 30 5 295 463
94 22 6 1 220 428
58 56 19 3 591 692
43 21 5 4 330 618
22 16 18 1 724 789
92 70 5 4 467 626
97 45 24 7 548 771
26 37 5 7 580 711
70 18 10 5 244 521
91 3 7 4 391 581
58 97 19 1 553 626
83 18 9 7 517 665
47 7 25 5 325 546
23 31 19 6 231 300
54 72 8 5 602 709
21 5 17 6 331 552
12 46 13 5 220 441
24 53 9 3 583 646
27 11 22 4 460 578
42 74 24 6 655 734
11 12 6 3 257 471
19 25 16 6 300 518
37 90 7 1 493 781
8 20 27 4 592 771
64 66 10 3 434 643
32 74 17 2 472 699
84 34 18 2 219 285
55 15 24 1 344 533
34 39 5 1 384 671
56 68 28 3 506 622
28 44 11 4 581 644
88 38 30 7 331 626
2 52 16 5 334 560
60 54 18 4 214 295
80 86 23 6 471 562
5 13 27 2 214 337
27 22 13 2 561 742
42 35 11 2 629 757
81 87 28 1 238 306
54 59 14 4 509 791
18 51 19 1 429 505
71 97 20 2 288 554
91 32 17 1 477 585
15 27 14 6 439 513
52 63 9 2 320 516
90 3 19 2 637 700
19 30 22 3 219 369
47 8 8 2 530 710
74 52 20 3 289 398
98 26 12 6 238 396
35 81 20 3 640 790
58 31 17 6 716 780
47 81 9 4 520 607
77 42 21 1 420 574
36 3 17 2 629 767
9 36 5 5 619 737
68 56 25 7 318 453
16 60 18 2 613 734
5 58 5 6 206 382
3 69 8 1 330 470
70 1 14 6 368 546
51 82 15 2 269 343
49 53 19 3 476 628
60 24 23 7 298 380
35 44 28 5 254 420
75 7 7 7 226 334
21 61 19 6 211 315
76 62 14 5 584 792
30 8 11 4 568 786
62 88 6 7 398 480
41 96 13 6 477 723
60 26 24 6 465 589
20 57 21 5 616 797
62 50 5 5 520 635
76 93 12 7 225 296
21 48 22 6 370 551
3 21 11 7 497 617
50 1 8 2 674 747
49 41 20 6 479 593
93 1 29 3 349 509
77 53 18 7 210 473
57 31 22 1 416 542
81 22 15 2 536 762
55 75 26 3 207 463
54 11 22 2 422 648
37 87 9 7 449 604
81 47 20 2 617 780
71 20 25 5 487 768
27 59 11 4 289 589
40 71 7 7 280 379
84 85 27 4 640 706
50 74 26 2 574 746
4 14 13 2 642 772
87 60 13 4 344 516
94 19 25 2 492 559
37 23 6 6 295 539
29 5 16 2 584 735
8 67 11 1 410 637
40 9 5 2 277 451
36 43 20 3 316 573
21 4 11 3 263 544
35 20 29 3 409 569
76 79 21 7 333 566
91 77 21 1 364 446
15 29 6 4 676 793
58 96 20 3 295 436
100 86 26 7 335 399
47 59 24 1 241 379
61 66 5 2 600 752
99 73 28 3 285 409
91 62 7 4 295 548
65 0 16 6 404 621
6 4 14 4 214 394
76 41 25 6 286 375
42 26 21 5 366 637
4 22 11 4 424 690
22 29 17 2 560 782
41 38 17 6 476 537
62 94 8 5 283 448
76 48 11 1 480 751
46 70 21 1 224 511
39 92 11 3 327 432
29 55 20 5 662 757
47 90 17 3 457 691
74 36 6 1 375 600
16 72 21 5 466 713
32 78 16 5 527 739
26 23 28 7 231 436
62 86 15 3 519 709
13 0 15 1 261 327
10 6 26 1 384 463
72 40 6 7 308 534
41 19 29 6 251 522
78 21 26 4 462 732
79 22 27 5 415 533
71 43 30 5 634 712
70 64 11 1 317 483
72 22 20 1 307 412
22 96 29 2 474 613
29 45 24 4 454 519
11 45 23 2 419 642
42 88 14 4 353 601
29 38 28 1 542 722
88 91 18 1 226 473
91 82 8 4 301 535
86 17 8 4 505 776
98 66 16 7 471 561
38 41 14 6 250 429
26 0 15 6 455 709
18 99 11 1 579 651
1 97 24 3 266 401
1 64 14 6 272 536
22 70 8 5 265 330
52 76 11 2 507 790
90 92 5 5 390 465
1 77 25 2 534 740
3 89 24 7 375 671
85 30 5 4 436 711
29 19 29 4 284 425
10 0 20 7 311 438
9 60 16 2 392 542
82 41 6 4 267 515
36 50 20 7 219 302
22 94 18 2 232 468
72 99 21 2 320 571
62 100 16 3 544 730
37 11 15 4 580 648
40 38 6 2 565 646
12 99 27 7 382 597
41 52 19 4 451 643
99 38 5 4 642 762
61 45 21 2 682 757
41 88 15 4 277 413
0 73 17 7 375 650
44 3 15 6 448 620
54 19 28 6 350 525
67 91 21 6 321 470
70 15 6 3 464 695
68 38 13 1 294 471
90 80 11 7 421 567
22 26 10 6 459 749
12 37 7 6 381 607
24 70 6 7 286 524
82 33 13 3 439 511
27 12 17 7 544 733
28 32 11 4 587 768
22 23 26 5 303 528
8 56 10 2 452 652
35 86 26 3 354 450
92 95 11 5 529 701
18 8 20 2 608 750
26 49 25 1 300 522
99 100 22 7 432 632
64 30 15 5 508 797
87 96 23 2 266 489
3 64 29 3 516 643
98 82 10 6 404 530
64 45 17 6 263 431
64 21 15 7 249 318
79 68 13 5 331 606
11 15 28 2 297 391
30 7 22 7 214 425
44 66 19 7 615 748
49 20 22 7 468 549
54 84 22 2 469 763
75 25 26 2 234 310
47 11 17 7 394 500
24 94 5 3 305 570
75 46 23 5 420 598
37 85 20 5 488 599
75 67 10 4 248 311
83 48 16 7 262 483
5 57 25 5 370 433
24 17 24 1 290 406
11 36 28 3 392 639
25 45 28 6 253 510
87 21 13 7 543 665
0 80 18 5 379 562
69 60 9 1 282 494
30 85 7 6 679 798
14 71 17 7 238 380
73 20 27 1 471 614
28 66 17 7 296 524
62 58 21 6 397 548
47 82 9 6 237 480
20 68 29 4 489 661
47 65 12 7 216 500
57 73 24 4 228 401
90 60 13 1 204 402
64 85 8 2 483 635
60 49 23 6 290 513
0 74 23 4 622 698
30 66 19 5 482 653
8 27 7 6 418 487
8 31 21 2 550 724
49 5 29 2 507 743
35 96 5 4 488 662
17 17 13 4 270 457
68 40 26 7 255 389
58 75 18 1 582 774
52 86 11 5 597 690
61 35 13 7 256 510
68 71 13 5 434 626
32 98 23 4 208 331
83 81 27 4 523 769
89 74 12 1 440 713
23 6 25 4 297 566
95 79 6 5 461 531
26 19 23 3 583 751
2 4 11 6 227 348
85 73 18 4 213 455
66 47 27 1 622 764
24 64 28 5 374 647
65 29 15 6 206 474
96 91 29 4 560 643
56 17 14 6 241 364
32 59 26 2 607 703
1 41 17 1 486 715
17 25 17 7 466 633
36 36 18 6 200 465
10 62 14 5 319 583
46 35 5 1 456 630
71 35 11 7 554 735
20 80 23 1 439 737
52 54 22 1 330 629
71 92 17 6 297 515
21 92 5 4 405 662
15 71 6 4 530 711
93 62 10 3 212 509
58 84 28 5 589 650
42 53 20 4 218 330
37 57 19 6 286 441
9 17 15 5 275 445
4 100 21 5 472 762
28 54 17 7 304 392
66 97 8 6 505 693
43 69 21 2 248 415
91 16 27 5 424 547
69 80 9 7 447 696
75 3 5 4 647 727
93 49 23 6 447 561
68 55 11 2 376 472
26 18 30 4 404 530
56 74 21 6 448 621
49 7 5 6 614 685
42 13 30 4 444 615
95 52 18 7 478 543
97 13 29 3 619 683
91 41 14 7 513 673
96 31 27 4 441 724
65 35 18 2 478 724
9 68 11 7 290 569
86 37 7 3 646 772
0 92 25 2 432 492
46 58 22 7 313 544
5 69 7 5 291 370
7 73 26 2 640 736
12 74 8 7 385 603
85 84 28 5 552 785
21 77 28 2 478 667
4 77 25 3 529 647
69 56 28 7 300 426
38 75 17 6 231 472
63 23 23 7 215 485
97 46 30 3 605 794
77 77 27 5 307 600
28 41 21 5 318 439
66 49 9 3 227 432
98 36 15 6 305 365
14 11 5 3 446 539
100 21 13 2 650 777
2 77 14 2 389 665
48 10 30 2 430 709
70 68 10 1 358 420
87 81 6 5 276 364
23 22 11 2 306 479
1 94 16 5 527 752
73 5 24 5 399 463
87 70 23 1 517 800
45 50 5 7 310 376
27 46 19 3 203 327
73 50 22 6 211 410
73 21 12 7 588 711
29 66 16 1 546 691
15 39 28 2 291 428
15 72 10 3 267 389
10 58 17 1 269 422
33 60 23 7 296 563
55 9 14 2 447 735
9 93 30 3 330 605
43 9 16 3 283 359
49 32 15 2 431 502
69 61 28 6 301 547
10 71 8 1 311 469
23 62 20 3 270 405
78 39 23 1 268 439
67 94 27 1 295 365
51 68 8 2 408 526
83 37 14 5 603 767
93 71 20 1 275 561
25 31 6 3 201 291
60 89 24 2 496 698
54 62 27 5 463 674
37 65 16 6 292 447
45 98 30 4 551 720
62 79 28 4 547 753
62 15 20 3 580 779
88 69 5 5 618 794
77 14 17 5 725 794
33 63 14 1 421 492
29 89 16 4 277 456
15 10 26 4 603 703
84 43 21 3 497 690
45 35 5 2 213 495
1 44 12 6 430 721
52 23 18 6 708 777
28 57 25 5 263 360
37 6 18 4 489 782
82 34 28 5 430 706
99 66 19 5 600 776
16 30 27 3 454 684
43 93 29 3 232 507
98 98 16 7 499 752
66 87 16 4 335 516
33 17 19 1 437 647
13 73 8 1 572 712
53 73 15 6 514 657
78 10 8 4 334 561
75 52 16 5 597 727
33 26 12 6 583 789
69 9 28 5 403 505
86 44 26 7 243 530
96 11 25 1 602 788
83 69 10 2 305 373
37 79 12 4 637 770
79 0 7 3 538 773
80 22 21 7 261 523
67 40 28 3 211 397
20 98 29 2 447 661
96 29 24 6 463 617
12 6 11 4 380 646
64 46 26 2 470 709
6 56 15 1 409 678
15 45 5 2 282 436
98 67 17 5 266 385
29 42 24 4 335 619
53 45 29 3 555 649
63 24 25 7 238 325
95 14 10 1 502 669
98 96 13 2 408 582
19 11 9 3 734 796
42 4 20 5 603 770
99 42 6 1 622 777
22 78 7 6 249 528
22 84 27 5 241 457
84 6 26 7 378 522
81 31 5 1 458 542
99 6 10 5 480 659
37 18 27 6 565 697
46 38 28 3 453 708
72 38 29 1 400 564
97 86 25 2 617 724
24 32 10 3 337 476
8 86 27 7 610 763
22 95 18 7 275 560
25 38 30 2 572 668
70 46 9 1 446 699
91 49 24 6 550 776
29 79 13 2 348 547
100 72 18 3 338 412
38 97 9 1 292 450
76 86 23 1 382 451
96 85 25 5 352 588
95 37 25 6 662 794
53 78 18 7 471 723
32 17 30 4 286 373
50 39 18 2 487 594
40 69 15 1 273 476
35 36 19 1 479 673
30 16 25 7 500 799
19 57 12 7 372 498
42 20 23 2 618 716
19 38 11 6 237 461
34 45 24 2 286 410
94 46 24 4 339 495
7 47 28 2 273 541
51 77 11 7 504 701
20 26 21 7 325 491
64 69 17 1 348 635
17 96 21 3 440 689
56 42 23 7 573 652
8 38 28 7 259 330
20 84 11 6 368 627
87 68 29 7 638 755
21 47 14 6 274 533
45 41 16 4 323 577
72 0 11 6 598 778
35 82 28 1 208 463
55 31 20 7 268 441
98 51 18 1 209 323
63 80 16 6 397 538
8 76 20 7 456 689
18 90 10 7 395 574
90 76 30 7 201 456
86 19 17 7 247 441
45 26 18 4 521 776
71 67 26 4 361 436
18 46 27 2 493 764
47 85 26 5 639 754
35 87 9 5 291 557
93 46 8 6 235 404
77 20 25 4 423 512
29 75 15 1 448 545
6 98 6 4 244 507
50 34 26 5 214 320
26 16 6 6 391 644
41 16 26 3 251 473
91 18 8 5 454 645
82 48 9 4 501 571
42 79 21 4 240 381
94 0 14 4 404 491
20 94 24 1 458 519
34 73 9 2 548 684
100 70 30 7 689 766
65 65 6 2 477 588
20 100 11 7 296 379
44 32 11 5 224 503
78 90 28 3 520 692
4 65 30 6 272 471
67 69 6 1 605 785
86 91 28 4 275 458
100 26 26 6 444 545
54 83 10 4 275 496
92 28 29 6 329 577
6 25 21 4 249 465
66 35 5 7 663 791
22 86 12 3 403 591
53 24 26 7 424 569
46 97 25 4 391 555
64 36 16 7 412 472
74 37 5 3 343 505
73 31 8 2 345 580
23 67 20 6 551 622
16 16 16 5 550 689
77 56 9 3 312 430
41 63 20 6 355 540
7 90 11 7 451 542
8 13 25 7 377 451
4 21 12 7 346 614
13 78 5 6 447 578
74 57 16 3 202 411
2 87 11 7 316 428
84 39 21 2 323 597
69 100 21 5 534 623
28 65 5 5 278 560
6 8 29 7 504 779
45 21 5 5 437 605
78 89 25 3 629 720
99 14 22 6 391 551
40 19 6 3 533 751
70 34 8 1 461 740
11 54 28 4 605 781
76 10 10 6 307 550
8 46 21 7 254 374
30 49 12 3 567 694
15 18 11 6 525 728
34 71 7 6 491 678
35 88 7 6 465 542
25 21 25 5 564 712
14 74 14 5 611 762
58 40 9 7 254 394
26 36 29 5 463 551
80 72 7 1 329 476
57 13 8 3 320 591
25 20 12 2 594 781
55 0 6 1 382 598
23 8 16 6 612 773
42 85 21 2 299 567
89 29 18 5 562 657
54 100 18 7 285 365
34 44 7 6 388 562
56 62 27 1 533 644
89 100 6 1 268 467
0 0 23 2 380 497
33 64 27 6 636 722
48 95 24 1 527 708
54 12 6 6 344 642
38 16 30 1 334 606
16 67 28 5 566 782
12 1 22 4 424 685
26 11 11 5 502 580
99 33 26 1 471 677
72 48 6 6 447 645
20 10 26 6 349 554
28 76 16 5 414 514
60 62 20 2 373 619
15 35 21 2 653 781
15 64 20 2 267 393
9 87 12 3 509 618
50 17 10 6 503 778
55 76 18 2 346 498
83 20 9 3 355 607
95 85 26 3 286 386
35 55 21 3 563 629
18 50 29 5 234 415
89 36 14 3 599 709
88 62 21 1 377 503
36 39 26 4 494 609
96 17 25 3 202 439
13 93 12 7 484 758
86 57 14 5 221 389
30 0 28 2 445 526
85 33 10 7 384 461
61 12 26 4 207 385
44 40 26 7 372 546
33 58 13 2 529 707
78 13 26 6 543 698
22 20 6 5 622 767
36 44 16 6 480 777
31 38 13 7 207 352
3 76 18 7 418 647
21 24 8 4 517 788
34 30 30 4 300 385
58 85 26 2 407 525
31 70 8 1 543 644
33 42 25 5 443 708
25 67 18 6 254 350
22 38 15 1 584 721
59 68 20 6 336 535
56 73 19 3 547 637
72 81 6 4 401 627
92 56 13 2 389 478
18 66 7 2 557 669
16 51 7 1 301 570
2 19 29 7 506 785
68 52 27 1 598 734
45 8 7 7 435 710
70 70 6 5 531 604
22 1 5 4 310 393
24 75 16 3 576 798
32 20 5 6 675 794
7 30 14 3 598 768
17 2 19 6 556 643
90 89 17 4 485 546
30 86 30 6 582 796
93 86 20 3 407 637
59 18 20 7 557 628
100 37 25 5 206 464
52 85 14 5 335 553
100 84 13 3 493 781
61 31 30 1 393 685
95 39 20 1 440 644
11 73 14 7 634 750
8 37 13 3 227 314
35 63 21 2 527 621
28 8 11 3 234 350
46 76 18 5 248 345
56 69 23 6 597 697
3 43 8 6 232 328
12 78 27 2 400 508
78 74 23 6 440 677
79 25 18 1 214 438
32 30 24 4 302 591
90 49 30 7 306 569
36 16 16 2 602 766
23 82 25 3 351 432
37 2 17 7 465 754
95 69 16 7 498 655
14 96 5 2 244 401
94 64 29 4 429 498
60 48 5 3 492 729
96 3 13 1 361 647
77 28 18 7 669 793
82 83 21 2 443 629
80 90 7 2 274 481
28 58 28 5 288 448
81 34 10 5 378 582
99 92 17 5 238 408
45 14 21 2 247 502
39 83 5 4 550 765
13 9 30 6 515 754
38 47 5 1 230 522
9 98 14 2 376 576
87 23 17 7 237 307
21 71 7 6 438 627
10 97 19 5 389 496
17 74 5 4 484 770
70 58 10 7 540 675
1 45 27 4 339 567
14 80 24 3 210 295
88 14 25 7 486 565
39 15 8 4 305 511
42 72 30 1 639 722
7 76 6 5 512 752
4 97 15 6 438 651
41 50 30 5 236 470
86 43 13 7 357 579
79 19 30 2 388 513
0 65 28 3 296 419
75 47 25 2 453 615
91 17 30 2 488 691
76 7 10 6 208 394
60 6 17 4 219 343
0 9 30 2 362 643
33 66 16 5 328 566
97 73 10 3 314 550
46 99 27 5 241 493
15 34 7 7 278 543
47 28 6 6 504 729
38 98 7 1 643 790
3 3 25 6 493 602
23 39 23 6 321 437
65 100 29 3 374 485
70 63 10 3 245 393
19 67 29 6 226 291
66 9 22 3 348 490
49 50 21 3 611 727
32 66 8 1 353 489
27 51 25 6 373 440
68 25 16 1 432 706
68 60 6 3 231 375
93 88 17 6 404 620
92 0 26 2 332 402
68 48 14 7 550 612
45 94 6 2 540 669
39 99 28 4 625 756
96 28 18 4 437 694
2 27 12 7 360 458
4 29 13 6 655 741
32 32 27 4 699 772
74 32 15 3 510 774
62 81 12 4 208 449
8 14 17 7 201 388
18 38 23 7 302 535
30 75 15 7 507 569
92 97 23 6 217 462
93 9 29 6 273 529
26 77 9 2 653 720
82 15 21 3 560 662
82 78 17 3 723 800
27 34 7 7 556 703
58 89 13 7 371 592
40 32 29 1 500 749
62 66 26 5 618 725
17 45 10 6 366 460
21 14 30 6 321 493
47 16 23 4 575 655
25 75 30 1 251 395
18 63 14 1 256 399
13 85 10 1 247 401
44 63 30 1 410 651
49 67 14 5 391 605
5 96 5 5 223 337
94 11 30 5 637 713
98 97 18 3 627 689
31 44 13 1 411 579
46 54 11 5 657 728
14 73 8 6 542 663
39 61 13 3 342 402
95 36 28 1 236 525
64 13 22 1 662 766
91 1 8 3 344 576
0 7 9 3 490 790
23 33 16 2 541 609
71 37 27 6 405 493
91 79 13 3 305 444
2 30 7 4 200 446
24 62 15 2 411 589
16 48 12 6 552 691
34 57 24 2 370 431
59 53 16 5 282 465
99 67 12 6 426 490
85 17 14 6 456 574
15 48 14 4 217 487
50 3 6 4 731 792
10 91 17 3 514 654
64 40 11 4 291 417
31 3 17 3 438 642
90 99 12 3 219 400
73 74 28 5 353 533
84 55 14 5 406 513
66 73 7 7 547 734
34 42 9 3 336 598
10 79 25 3 269 558
32 72 11 6 522 586
10 70 17 7 318 474
54 77 25 1 277 550
94 53 14 5 645 780
39 82 19 6 573 713
43 39 10 1 306 392
99 60 28 7 635 783
15 93 17 4 427 647
90 25 22 1 337 523
28 28 25 3 307 494
88 52 9 3 453 687
84 22 10 5 239 500
93 43 5 4 206 499
40 40 6 1 254 386
45 64 29 5 276 418
92 8 11 1 550 648
39 77 8 5 328 417
85 6 9 2 586 785
64 93 26 7 257 544
62 13 12 3 310 474
96 67 18 2 301 368
46 86 12 1 598 788
2 100 16 1 287 510
88 10 18 3 496 697
62 63 17 5 216 391
89 54 13 6 440 616
100 65 26 3 357 431
79 32 20 1 573 655
59 1 7 2 575 694
9 38 21 7 407 530
24 90 21 4 351 520
41 89 27 4 507 592
31 85 28 4 348 525
23 16 28 5 402 702
75 16 19 1 418 602
83 99 7 4 429 619
52 46 5 5 218 502
16 97 21 7 267 472
67 19 14 1 401 513
3 54 17 4 340 555
38 60 11 6 469 583
99 2 12 6 472 630
79 78 14 1 236 308
4 30 23 1 400 516
8 40 15 1 392 673
13 39 29 1 273 338
100 29 24 6 384 561
54 26 16 7 413 487
52 81 17 6 442 716
98 28 20 4 382 614
52 89 25 7 445 514
26 96 17 4 646 740
30 44 20 1 382 631
29 71 24 7 586 665
64 79 29 7 298 484
73 79 20 6 209 498
0 61 29 3 401 645
92 92 22 4 563 629
26 65 9 7 209 315
39 67 23 7 321 457
47 13 14 2 335 435
73 88 8 6 356 452
67 2 7 6 673 772
80 37 27 2 713 773
55 85 14 5 245 472
26 76 7 6 464 628
53 77 7 1 514 604
41 99 5 5 655 799
23 50 16 1 482 587
74 60 6 1 317 406
25 51 13 4 312 410
97 11 20 4 558 697
94 85 14 1 286 545
30 20 20 5 301 406
96 58 5 6 221 297
40 83 13 5 375 473
79 63 26 3 504 719
85 91 16 6 402 536
46 57 11 7 259 456
76 29 22 7 299 494
72 56 13 4 576 638
28 43 22 3 349 447
16 69 30 5 516 768
29 80 12 4 355 491
11 71 5 3 450 722
23 13 15 6 201 398
1 14 5 5 448 520
95 34 30 4 254 460
11 13 12 6 450 672
16 80 30 3 454 630
3 37 12 2 380 603
74 79 25 5 553 797
50 80 19 7 246 326
78 75 12 2 592 697
29 46 28 1 204 434
53 51 23 6 239 522
0 12 8 3 311 564
70 95 23 2 531 776
60 21 5 5 473 748
9 70 10 4 330 623
20 47 24 5 290 590
66 14 27 5 365 557
57 53 26 6 486 725
92 4 30 3 276 442
39 30 29 1 348 527
85 94 7 7 502 590
49 19 16 3 321 566
73 62 25 3 426 500
91 36 9 2 301 472
25 73 27 2 382 481
30 45 5 7 278 546
59 46 20 5 496 738
25 57 24 6 443 743
59 89 27 3 566 747
69 78 20 2 263 556
97 41 24 7 412 564
89 40 20 6 274 350
85 32 14 7 258 396
91 75 17 4 472 589
16 11 10 2 501 579
13 61 25 4 336 551
57 20 26 2 399 684
22 14 9 6 290 443
8 82 16 7 455 567
1 54 26 6 381 543
11 35 5 5 348 483
39 89 13 3 470 668
50 37 18 3 557 798
90 68 20 2 414 694
2 17 11 4 580 740
37 82 15 2 288 481
89 92 20 6 363 563
1 29 8 3 385 642
97 14 27 6 255 403
64 90 12 5 390 655
70 19 9 5 343 497
15 32 29 6 534 628
8 75 26 2 408 591
9 61 9 5 387 551
100 56 7 5 334 402
98 93 13 5 272 468
44 65 21 1 387 473
64 51 10 3 439 614
44 52 12 4 402 603
2 65 26 4 479 651
94 58 23 7 209 376
83 43 25 1 542 691
28 98 16 3 361 464
12 9 22 5 493 731
76 40 20 1 677 785
18 29 8 5 456 706
54 89 8 5 292 395
99 10 7 3 239 415
78 34 13 1 227 357
87 16 18 6 484 766
49 73 24 4 417 583
29 94 15 7 564 724
2 67 9 3 525 798
54 56 23 6 382 530
78 94 16 5 310 538
43 35 28 1 505 740
100 79 11 7 334 414
16 0 11 7 356 624
9 77 11 7 388 652
23 47 11 5 508 637
57 95 19 6 389 596
90 56 8 6 218 510
80 100 7 5 203 406
46 79 30 4 496 623
55 94 27 5 369 454
30 37 9 3 354 468
94 12 30 4 653 766
33 36 23 6 294 363
80 16 27 4 207 441
20 24 5 1 475 757
94 14 15 4 367 485
12 86 5 1 427 585
73 61 19 4 240 518
43 84 8 7 243 350
66 30 5 5 355 637
64 26 11 4 343 546
96 88 24 1 266 364
0 23 25 5 476 538
90 40 9 1 344 415
64 87 14 2 604 709
51 98 27 7 428 539
62 92 30 7 250 345
46 96 29 1 442 681
67 39 8 2 474 649
82 32 18 1 352 486
41 85 10 7 427 603
2 44 30 3 420 705
28 86 21 3 474 719
19 60 27 7 472 749
67 15 6 3 658 729
67 47 9 6 361 575
20 27 27 6 599 745
33 99 20 4 388 569
82 13 5 7 513 578
6 51 15 2 252 381
19 3 17 5 261 348
24 57 30 3 516 683
73 17 14 4 389 503
62 45 25 1 517 659
60 11 30 1 633 728
62 18 14 6 331 566
52 99 20 7 365 659
22 35 15 5 325 563
19 72 22 2 351 602
73 41 25 5 305 415
39 33 16 6 284 511
81 59 26 5 680 764
38 33 16 3 557 769
0 25 20 6 410 641
49 65 6 2 445 565
69 24 18 5 468 582
36 81 7 5 505 665
14 59 9 4 208 485
16 96 30 3 606 702
65 58 6 4 497 736
65 59 5 1 264 453
76 57 15 6 411 649
43 82 22 7 560 627
12 61 12 1 324 609
74 14 8 2 565 685
4 37 15 3 585 714
41 62 10 3 275 522
95 26 26 7 349 623
79 8 18 6 216 429
4 88 17 2 574 796
18 0 13 7 376 577
33 22 17 4 230 408
74 18 16 7 273 417
2 66 26 4 360 650
49 76 23 6 490 767
43 85 8 4 442 564
5 99 11 6 223 496
30 18 17 5 308 591
77 37 6 4 267 489
73 71 17 7 527 723
74 94 17 3 445 609
12 49 12 1 395 593
97 89 28 2 493 754
98 72 18 1 222 315
1 65 5 2 467 561
77 11 13 2 344 543
38 14 10 6 631 725
97 79 30 2 554 675
29 84 9 4 425 679
37 59 18 3 229 358
61 88 6 4 368 510
18 53 20 2 269 467
99 94 13 1 238 506
35 0 21 3 239 538
42 47 12 1 234 417
19 83 26 2 460 710
54 80 21 5 295 414
77 91 25 7 491 728
87 10 20 7 527 788
75 58 18 5 369 506
87 100 9 1 435 577
12 5 7 1 361 621
61 56 13 7 422 547
82 94 28 3 294 356
58 39 8 4 369 485
21 35 28 3 607 702
9 58 29 1 484 564
82 1 7 7 381 621
14 24 22 4 527 755
91 81 10 3 567 725
15 11 12 1 294 354
92 17 14 7 441 556
9 82 25 6 432 563
52 75 24 3 480 615
20 58 13 2 211 298
23 44 16 5 268 444
53 99 15 4 371 632
4 98 10 7 572 690
77 67 14 2 676 754
39 71 23 3 248 433
59 6 13 2 279 360
93 95 25 2 210 370
50 54 5 6 552 722
74 48 28 7 408 543
46 28 15 2 336 481
78 46 7 7 565 640
80 79 17 2 204 488
81 75 13 7 594 767
59 85 30 3 355 520
81 99 15 4 371 586
20 2 18 2 270 451
49 8 5 5 313 546
72 14 6 4 389 503
11 70 12 2 591 785
75 56 11 5 534 608
49 52 26 5 590 734
28 20 7 1 468 632
19 74 18 5 346 584
19 90 22 1 731 791
8 97 13 1 493 665
64 39 22 7 306 405
79 1 21 2 605 669
27 68 23 1 269 455
24 31 18 7 616 780
68 87 15 7 409 665
8 2 7 7 465 545
79 40 27 5 400 618
26 80 19 6 676 759
32 77 10 1 222 345
14 31 21 2 338 469
32 43 10 6 349 560
66 41 9 2 205 342
8 90 30 5 381 656
78 9 12 2 448 680
64 72 26 3 214 427
86 94 16 7 575 653
34 14 27 3 400 518
15 40 15 5 642 778
99 9 5 4 521 747
56 5 24 6 452 659
42 32 14 7 240 336
53 63 7 1 258 416
78 49 10 1 448 563
95 88 5 5 272 563
29 81 30 3 554 625
53 54 15 4 342 434
66 5 26 5 432 700
30 54 18 2 393 523
79 82 21 6 476 720
45 89 23 4 687 794
91 24 20 3 464 748
68 98 26 6 241 513
6 86 23 4 333 456
50 12 19 1 602 708
51 27 12 6 349 479
55 83 13 4 709 793
34 70 24 6 294 495
65 20 23 7 458 615
89 90 21 4 424 693
43 37 6 2 480 619
70 31 30 4 439 692
100 51 14 4 578 787
80 65 11 3 238 385
16 50 19 4 250 318
10 89 19 4 314 600
41 73 5 1 383 499
90 11 23 6 556 763
55 86 27 1 564 683
25 83 22 4 294 356
72 37 6 2 537 715
44 44 5 3 306 427
94 78 7 5 595 730
34 96 7 2 303 550
18 16 28 4 525 600
10 92 17 3 367 544
25 98 19 7 398 681
63 14 17 6 436 642
100 83 28 1 532 766
96 9 13 4 387 647
7 18 15 2 466 667
7 29 16 4 392 523
5 82 25 5 577 650
97 70 12 7 444 668
7 13 11 3 379 605
27 99 10 7 354 466
27 72 28 7 692 765
86 12 23 1 335 404
29 2 9 3 393 561
80 82 26 2 534 670
34 25 13 3 488 638
52 93 22 6 472 615
56 57 23 4 261 460
44 49 18 3 432 558
62 5 23 1 259 454
46 98 18 7 518 787
38 99 11 1 544 746
98 88 10 3 273 571
29 48 18 1 541 709
28 27 19 1 440 566
91 99 26 1 606 752
26 67 13 6 373 617
11 33 20 5 211 446
81 70 29 7 202 439
26 31 9 5 209 459
56 58 25 2 433 662
78 67 16 4 448 626
90 12 9 7 420 565
16 59 29 3 705 797
36 17 19 2 568 642
6 99 8 4 349 542
68 89 20 6 456 588
0 48 23 1 212 481
66 34 17 7 331 567
38 40 23 2 499 591
57 66 7 4 345 507
53 91 28 1 622 794
14 33 9 5 326 401
31 36 17 6 524 680
29 60 30 2 546 677
65 7 9 5 617 679
9 95 24 3 405 679
10 1 17 5 350 563
87 24 22 7 436 640
94 61 22 3 479 736
24 9 21 2 531 748
56 14 30 4 219 475
79 56 25 5 317 379
84 94 15 5 216 469
91 93 6 3 430 512
38 17 11 2 580 683
97 39 10 6 286 571
23 61 20 5 460 522
12 97 27 2 509 601
89 52 18 3 340 606
37 94 24 7 355 479
75 17 21 4 493 604
80 92 14 7 513 599
67 5 9 7 441 531
43 41 18 5 418 670
26 83 29 5 515 796
0 67 25 1 283 407
13 36 21 4 429 566
29 62 7 6 648 747
86 48 28 5 504 624
81 19 12 5 343 412
99 40 11 2 464 698
90 22 9 7 245 525
0 47 14 4 267 521
96 82 12 5 441 647
51 57 26 5 484 746
96 55 30 2 479 762
28 56 8 2 472 613
84 49 9 1 230 450
82 55 23 7 717 793
52 58 14 7 300 592
48 8 18 2 520 580
97 53 5 7 480 567
7 88 30 4 539 764
12 50 21 5 298 595
91 19 15 2 377 560
94 43 28 6 340 569
10 98 30 2 490 750
83 68 23 1 638 759
85 90 16 2 603 797
100 73 23 2 658 722
13 74 23 1 387 543
62 93 23 5 273 545
37 51 8 5 313 434
94 30 12 4 223 389
71 8 16 4 464 592
13 12 15 1 478 703
34 52 16 2 561 661
27 50 27 1 289 425
73 34 11 4 599 703
34 26 30 5 377 517
82 86 24 3 312 533
87 87 22 6 583 757
88 50 14 7 365 439
16 5 27 4 486 705
36 14 16 2 468 613
30 78 6 1 653 737
1 88 9 7 335 516
40 42 23 6 480 713
28 92 18 2 489 616
84 62 23 1 574 673
73 26 22 4 370 664
32 49 29 6 221 472
97 22 7 2 407 669
72 57 14 5 235 424
98 8 25 6 549 700
41 7 17 1 316 549
20 3 24 2 576 739
51 14 7 5 363 543
0 8 21 1 226 318
29 10 11 3 446 675
8 79 21 6 389 563
26 28 13 1 274 373
55 89 6 3 452 555
83 86 14 7 234 297
85 65 17 1 542 671
34 48 9 1 321 471
62 57 18 6 320 566
88 32 26 6 214 274
43 6 30 3 525 680
40 24 26 3 454 685
12 66 13 2 663 776
44 64 20 7 369 524
11 28 23 5 261 430
46 81 22 6 539 781
58 80 24 2 535 793
26 69 14 1 329 591
17 80 5 6 593 762
72 65 7 5 332 463
75 14 21 5 560 684
65 94 21 3 295 479
50 27 7 1 545 652
3 87 5 3 550 658
86 100 30 6 572 738
84 57 13 2 218 436
56 72 19 4 618 711
34 63 12 4 432 698
95 62 25 7 567 641
91 13 22 7 480 561
34 76 11 7 340 593
97 57 27 5 473 686
21 63 22 2 467 705
1 82 9 5 408 586
61 95 23 4 311 399
36 2 21 3 252 397
21 81 5 4 268 397
11 51 23 5 585 763
65 63 20 6 248 506
58 44 14 1 674 786
42 29 24 4 539 724
83 53 25 4 432 572
70 13 19 5 327 542
43 2 9 4 522 769
52 22 12 6 613 778
28 94 11 1 574 769
16 18 22 1 637 770
2 35 11 7 338 602
74 85 20 2 486 771
19 53 13 7 308 554
11 29 23 5 329 601
90 87 16 1 403 480
48 97 22 6 621 684
26 12 12 6 350 442
92 53 16 1 479 696
54 8 9 4 300 434
66 63 27 2 433 590
63 12 29 6 582 693
12 35 23 6 392 658
41 9 30 2 230 389
71 55 29 6 526 702
30 89 17 7 317 536
4 51 19 6 247 335
31 21 8 2 366 446
35 26 24 1 206 280
81 72 15 4 461 677
77 74 9 3 491 791
68 51 13 2 442 615
98 10 27 7 504 760
35 5 29 7 219 310
8 89 17 7 565 718
89 47 17 1 218 403
67 98 29 1 201 281
33 95 6 7 223 443
61 27 19 1 391 529
52 39 18 3 216 390
38 64 7 7 352 557
29 37 19 3 411 503
43 28 16 7 370 634
43 27 20 7 313 571
100 57 27 1 709 790
8 80 11 2 205 430
55 71 21 3 321 433
7 68 15 6 232 433
17 28 15 3 550 755
89 73 17 4 367 450
79 23 21 2 418 637
70 71 5 6 473 733
0 13 22 5 248 476
11 7 12 1 501 571
33 11 18 7 462 557
98 23 27 5 560 665
51 84 22 3 440 505
25 16 25 1 515 631
97 31 15 6 488 672
65 56 13 2 650 727
100 8 19 1 607 789
48 35 13 7 234 462
76 87 21 1 319 534
39 56 19 3 291 358
97 23 18 7 417 596
20 85 19 5 390 573
67 51 30 2 523 629
98 18 15 4 232 428
2 25 28 1 351 616
31 47 19 2 345 430
87 78 13 1 238 358
76 61 22 1 342 579
0 79 17 5 329 507
82 20 27 6 633 713
89 98 9 2 538 760
98 2 15 6 702 788
94 63 14 4 556 697
89 81 9 5 472 750
65 62 26 6 245 466
24 84 18 7 291 565
58 51 30 5 472 577
41 18 12 6 328 435
84 5 13 2 351 629
78 40 19 2 373 600
2 55 14 3 304 538
49 82 23 4 428 528
62 72 30 1 356 574
69 57 7 5 213 349
13 69 26 2 292 444
25 50 14 2 340 555
97 6 24 6 304 418
38 37 27 6 523 765
27 55 8 2 661 779
12 90 25 4 415 687
78 18 10 6 401 489
55 13 7 5 319 525
54 0 25 5 467 753
0 33 22 3 512 627
2 59 24 6 368 630
81 41 22 7 402 508
60 71 11 7 415 671
32 29 6 7 424 648
34 81 24 3 605 708
96 20 11 5 205 389
53 9 24 5 402 471
58 68 8 7 466 704
12 4 21 2 264 435
100 15 14 6 458 648
91 51 28 3 585 654
93 8 10 5 569 659
21 25 17 2 608 772
54 9 12 3 476 763
57 8 26 4 489 742
60 45 21 4 219 500
33 4 10 4 224 515
21 40 15 6 400 473
94 4 20 5 494 712
28 55 30 3 459 739
15 56 14 1 513 659
81 79 12 7 202 340
14 1 12 6 535 768
5 100 24 3 452 611
78 98 19 4 567 710
1 22 18 3 362 630
49 38 14 6 613 743
16 100 19 1 350 536
46 49 15 1 565 769
59 62 13 1 547 658
65 89 6 6 370 631
2 38 22 4 204 298
69 70 30 5 364 568
29 90 8 5 592 747
92 42 12 6 373 662
27 2 23 3 393 684
83 58 21 1 571 776
85 42 28 6 287 388
61 14 15 1 437 671
82 44 24 3 303 381
27 13 11 3 325 591
45 57 20 5 554 779
79 31 13 6 317 575
9 21 17 7 278 570
71 13 18 6 427 670
51 83 9 3 504 789
13 60 30 6 473 634
13 91 12 7 414 623
85 59 13 3 220 369
68 36 6 3 453 550
83 15 23 5 526 797
25 88 27 5 411 709
39 34 9 1 230 436
5 36 14 1 218 323
21 75 24 1 499 714
40 74 15 5 573 752
48 5 22 2 409 494
14 78 25 5 579 728
12 12 16 7 731 798
24 38 25 3 564 724
73 18 9 6 511 705
21 9 17 4 634 723
37 96 5 4 308 536
18 30 10 5 342 506
26 7 13 5 448 511
56 53 23 6 296 536
77 46 7 2 510 794
46 15 25 1 645 743
85 53 25 7 362 472
22 43 26 6 327 564
74 4 11 1 370 469
93 45 24 5 378 591
88 51 29 2 582 792
31 42 24 5 271 339
17 20 29 5 278 565
66 93 18 2 537 610
43 42 23 2 293 556
0 90 21 5 666 729
28 74 30 6 433 664
72 80 24 2 579 709
37 99 13 6 575 751
69 30 15 7 485 546
60 30 25 6 401 570
67 31 14 3 656 723
29 32 29 7 257 390
17 7 14 3 276 366
68 77 9 1 583 665
38 34 14 6 204 456
27 9 15 7 326 559
56 71 15 6 317 571
25 5 30 3 444 675
0 96 15 6 392 580
57 46 9 5 354 593
38 50 27 1 420 652
76 26 7 4 475 543
1 39 29 2 318 536
73 13 14 3 547 725
31 55 30 4 481 576
35 58 9 6 435 684
96 81 5 7 687 747
57 6 30 5 364 504
58 54 10 4 214 514
83 0 18 1 211 469
13 16 10 4 315 441
90 78 5 1 605 785
14 87 23 4 210 292
13 88 10 4 473 747
43 90 16 6 284 572
15 49 6 3 583 719
37 66 7 7 387 606
17 78 25 3 238 512
92 41 25 2 340 628
49 81 17 4 379 527
84 13 27 7 578 788
27 87 5 5 657 725
30 35 24 7 298 387
80 75 30 3 489 769
75 35 16 7 452 530
66 95 10 5 241 329
96 86 23 7 211 416
51 61 22 7 213 399
50 2 29 5 275 417
9 50 13 6 422 689
90 7 22 2 598 750
38 83 24 2 337 575
8 68 30 7 431 528
69 96 13 4 204 419
14 60 15 1 226 339
44 73 30 6 250 332
21 50 9 3 329 503
62 8 26 3 316 451
34 66 29 1 333 502
64 27 11 2 423 691
78 56 18 1 634 730
49 68 18 6 410 583
32 12 5 3 305 460
22 56 18 5 302 494
25 2 14 1 502 587
7 36 23 1 674 783
28 72 15 7 354 571
40 80 17 4 518 698
10 26 5 3 329 473
71 90 8 7 353 582
96 34 25 5 664 789
99 85 30 1 446 744
61 59 16 1 476 749
94 87 21 3 577 695
68 93 24 7 323 597
14 66 17 1 343 421
5 46 25 2 238 508
31 22 24 7 281 401
76 89 22 2 391 584
53 72 9 2 476 627
45 83 21 5 475 725
72 89 10 5 555 763
15 68 21 5 514 587
65 44 21 6 490 630
36 20 13 5 250 331
20 6 13 6 340 549
15 47 6 7 402 559
45 85 7 7 310 380
82 51 19 1 354 588
7 43 14 7 458 594
70 37 18 2 534 797
15 38 15 4 558 690
81 90 25 5 523 691
27 28 7 5 489 644
16 19 17 5 465 548
73 98 15 4 332 610
65 25 6 2 461 719
4 36 29 1 330 532
65 69 18 3 572 731
11 4 10 6 478 544
0 24 20 2 263 332
89 86 6 3 452 536
58 15 28 7 340 638
96 45 20 2 212 370
37 56 10 7 475 569
39 70 9 5 331 392
76 51 15 6 296 432
5 25 26 1 267 482
63 17 5 2 653 718
57 64 11 5 523 661
93 61 27 3 271 528
44 62 16 7 218 324
84 96 5 6 385 643
16 46 23 2 685 776
60 17 11 6 243 347
65 81 13 4 421 713
97 4 15 7 439 625
20 38 18 4 291 555
41 6 12 4 420 709
98 50 12 4 393 594
17 85 16 2 429 520
90 55 10 6 225 290
8 36 5 4 498 596
82 75 11 5 420 583
17 9 17 3 315 451
20 73 17 3 380 465
55 79 30 3 409 586
28 12 29 3 665 779
57 94 17 2 327 512
93 84 11 5 513 773
62 37 18 7 658 759
33 72 30 5 449 577
46 10 7 6 456 562
54 7 8 3 546 686
83 23 11 3 226 406
3 60 6 3 225 440
79 7 17 1 623 707
3 62 11 3 325 576
79 34 24 1 462 712
5 19 16 4 331 526
84 91 16 6 343 631
30 26 18 3 216 399
98 92 10 7 538 709
93 7 15 4 446 697
47 44 6 1 347 566
21 7 16 6 418 635
30 10 30 2 243 387
47 89 23 7 401 551
11 64 17 4 428 537
4 83 10 3 511 771
62 75 25 1 331 421
18 80 11 1 578 698
83 14 30 2 389 639
97 95 22 4 360 459
24 68 23 4 361 453
82 93 10 2 329 595
41 80 30 1 304 586
77 82 27 7 502 783
12 73 23 3 642 731
86 68 19 7 272 442
19 54 18 4 281 541
14 98 19 7 541 647
44 11 9 7 457 699
52 27 23 1 291 368
27 71 7 6 452 621
52 44 17 3 648 778
42 56 30 3 496 733
68 29 6 3 361 484
69 16 13 7 208 368
49 36 28 1 231 413
27 52 30 7 426 637
69 67 22 4 528 640
21 57 19 4 712 789
15 74 12 6 476 538
89 35 12 3 371 504
74 50 6 5 264 494
18 87 11 2 419 481
21 27 10 5 323 460
18 62 6 4 415 682
55 7 17 2 618 716
19 15 20 2 359 516
21 1 7 6 437 705
58 2 23 4 702 779
29 78 24 4 217 353
18 65 8 4 438 698
15 26 15 3 409 494
32 13 8 4 503 577
45 27 20 3 425 575
68 41 19 4 331 597
59 82 25 3 399 691
44 18 30 3 581 687
1 59 27 4 453 591
36 78 8 3 332 595
61 28 5 7 384 550
54 55 16 3 239 527
83 52 23 6 467 694
43 44 22 7 264 553
48 94 19 1 470 696
71 94 28 5 362 500
21 2 13 5 241 425
81 63 15 3 464 635
6 64 26 2 508 666
49 71 9 1 262 384
46 40 22 2 229 404
18 15 10 3 425 627
60 29 25 4 560 733
74 58 12 2 593 688
32 88 5 2 260 492
15 78 19 7 418 502
75 31 9 1 475 544
2 41 30 3 466 727
70 55 14 6 420 586
15 37 20 4 480 684
56 78 6 4 416 683
71 68 25 2 210 379
56 24 28 1 474 628
59 73 14 7 502 609
9 24 13 4 490 738
27 81 17 3 309 606
76 65 17 1 525 632
76 69 25 1 557 657
6 92 21 5 391 556
85 54 12 4 233 332
60 12 21 2 564 771
71 63 9 7 378 474
78 63 27 5 275 520
69 5 16 5 235 398
90 16 18 5 205 349
54 98 25 2 346 594
52 14 17 5 308 567
73 57 22 5 348 607
1 83 26 2 469 683
39 16 22 1 434 576
33 51 17 2 607 722
87 20 20 6 319 427
73 48 28 7 537 722
94 84 27 7 374 648
53 95 25 7 503 690
95 29 9 1 335 602
33 43 17 7 633 701
16 63 14 1 592 730
4 27 11 5 622 741
27 7 23 6 268 365
41 47 16 1 268 345
77 33 26 1 523 755
52 59 22 6 571 645
78 7 21 3 605 703
83 60 18 1 220 376
86 5 20 4 279 416
62 24 18 4 494 725
7 93 30 6 594 687
76 99 6 5 602 755
31 46 30 1 368 621
33 33 15 3 475 741
92 40 20 5 480 623
91 27 25 6 335 541
29 85 26 5 231 510
81 80 22 5 468 747
49 13 7 7 661 776
52 52 14 5 262 559
0 59 29 4 397 499
60 96 9 2 474 748
94 95 22 4 579 687
30 92 20 7 394 580
10 99 23 1 486 716
66 24 24 2 493 767
11 47 28 7 390 630
91 50 26 5 417 544
32 6 24 6 575 714
63 75 20 7 486 675
29 82 9 1 495 602
71 99 19 6 254 506
68 73 27 1 534 732
4 54 28 3 585 797
46 52 29 4 407 602
70 23 8 2 506 584
37 29 21 2 403 556
97 7 11 2 644 738
23 92 27 3 488 584
49 9 18 4 200 497
9 66 26 3 355 616
42 10 16 3 462 729
35 19 27 3 414 532
48 14 28 7 497 757
0 83 16 3 225 287
69 53 19 7 466 582
80 8 22 6 450 647
11 31 23 1 498 722
5 50 29 4 465 544
18 95 26 5 415 499
83 56 30 5 453 751
1 34 25 6 428 521
46 6 14 2 471 584
44 51 12 1 523 741
40 6 24 5 527 726
48 37 8 1 458 642
61 44 14 7 378 623
55 30 15 2 348 570
51 13 6 1 621 692
10 8 6 6 554 649
5 9 27 2 388 656
22 6 28 5 440 522
38 5 8 3 361 555
11 66 17 2 354 619
21 41 16 5 229 328
53 74 11 3 374 565
65 42 30 3 512 693
13 97 16 4 558 684
44 99 16 5 216 352
38 54 23 5 271 376
96 48 16 2 367 551
100 2 24 6 623 731
7 78 6 2 510 630
30 53 15 7 424 596
19 20 8 2 467 594
26 25 14 1 333 498
81 7 23 4 408 472
100 32 10 3 295 459
93 48 5 5 466 704
69 17 29 1 347 551
7 65 8 3 552 794
28 85 11 4 401 570
43 80 12 4 484 624
92 33 9 6 218 412
42 92 30 2 573 744
58 60 24 7 383 517
7 38 21 5 634 714
40 97 7 4 242 540
33 57 28 6 510 620
95 93 16 6 230 403
33 56 7 4 389 585
7 42 21 1 423 718
15 99 17 1 299 530
47 100 26 6 460 647
30 11 18 1 480 780
1 96 29 5 588 776
96 74 22 6 318 465
63 68 17 7 274 540
82 8 24 1 250 406
51 6 15 4 412 627
17 35 8 3 435 510
29 20 17 3 294 558
80 98 16 2 520 758
1 3 8 1 328 473
85 22 15 4 424 521
63 72 24 7 579 736
38 96 18 1 369 536
98 99 12 5 412 580
11 0 16 7 211 290
59 38 23 6 590 693
17 89 14 5 212 300
71 18 21 4 405 595
48 32 15 3 508 622
89 6 9 7 519 790
0 45 9 2 373 494
63 91 13 2 517 616
21 82 9 1 552 625
99 68 17 6 494 726
38 11 29 2 486 578
15 54 7 4 410 537
100 43 18 2 352 512
64 68 11 7 251 484
42 49 20 1 613 772
86 39 28 4 477 749
18 27 9 2 593 689
45 31 14 2 484 698
65 6 13 1 269 425
5 65 10 4 576 639
66 21 6 7 262 479
23 5 15 6 303 435
98 6 8 6 466 550
41 5 15 5 534 734
25 82 22 6 300 572
84 67 7 3 406 633
42 87 13 2 585 666
37 61 23 5 336 405
74 69 6 1 411 681
50 76 30 1 210 278
51 9 13 4 263 390
31 45 28 3 593 772
90 54 16 1 584 753
65 57 13 6 445 582
45 18 10 2 201 344
41 66 30 5 333 540
88 74 18 7 305 465
79 29 17 4 388 623
73 14 24 1 481 743
73 25 11 3 612 740
91 29 24 5 340 492
1 61 21 1 523 770
17 26 12 1 277 469
26 42 13 6 641 792
47 27 14 7 482 712
33 5 17 1 227 397
38 13 5 1 284 468
59 52 17 6 359 469
85 37 10 7 349 413
49 15 26 3 443 681
97 60 8 3 428 586
61 98 17 6 526 773
75 13 5 3 561 663
55 37 12 2 534 797
41 95 17 6 509 570
22 90 12 5 334 464
59 88 20 7 277 518
22 69 15 6 270 386
14 51 11 4 267 384
12 21 18 3 323 542
27 90 29 2 618 683
45 4 11 2 557 792
20 42 17 2 393 509
6 63 14 7 494 674
86 82 18 6 676 739
74 64 8 7 261 368
66 45 25 5 579 689
