668
64 79 0 0 0 0
42 45 21 4 404 656
54 8 29 1 258 337
44 98 21 4 709 774
69 50 27 2 570 659
55 31 25 2 334 478
28 45 15 5 292 514
42 26 8 4 528 747
26 38 30 4 339 563
67 61 12 1 579 671
18 80 26 4 210 410
68 78 16 7 506 591
47 36 30 7 426 553
83 41 7 7 272 437
40 93 11 2 273 373
36 48 22 6 609 768
47 1 13 2 273 554
92 5 19 4 362 655
21 25 11 1 242 509
13 63 26 2 402 700
84 55 22 5 441 587
62 32 5 3 320 588
57 56 11 1 727 788
78 91 29 7 595 780
70 94 15 3 296 378
33 32 22 1 536 715
94 44 6 1 438 574
16 92 13 3 298 408
6 60 20 7 375 563
40 65 16 1 722 782
86 65 26 2 371 458
66 97 16 4 262 385
13 89 19 4 272 555
36 9 7 5 347 619
16 42 12 3 353 487
21 92 24 2 279 572
77 53 16 7 290 460
50 54 24 5 383 590
74 9 26 5 259 461
59 54 16 1 616 792
27 46 21 2 416 534
67 94 21 3 228 460
34 26 18 1 493 614
89 93 9 4 426 623
17 70 15 7 630 786
54 2 5 6 352 543
94 24 29 4 641 800
85 74 12 3 259 540
43 8 20 3 651 743
41 82 17 4 309 469
12 82 25 3 500 588
65 8 24 6 233 419
40 89 11 2 260 495
61 49 12 7 492 629
70 10 29 4 664 766
54 57 8 6 594 761
64 10 14 2 407 666
83 83 24 6 308 537
47 50 5 7 603 759
97 76 20 6 698 765
53 23 7 1 302 509
21 51 5 2 302 568
9 42 28 7 293 531
26 20 17 6 468 618
0 80 27 7 597 781
89 61 7 3 479 659
61 25 25 5 360 585
86 7 13 3 213 505
9 18 17 4 377 567
64 94 27 5 422 514
13 79 20 7 404 581
54 73 14 2 443 699
0 64 28 1 625 787
91 89 11 5 499 786
67 64 21 6 406 617
81 23 25 6 371 623
39 17 16 1 479 684
81 92 9 7 299 558
37 46 22 5 241 399
50 90 11 4 435 701
64 58 12 2 341 588
73 5 20 3 416 608
30 13 6 7 324 570
16 57 25 6 239 389
10 82 9 7 253 336
66 100 18 6 280 531
17 100 6 3 334 604
93 47 11 2 304 514
59 59 16 1 451 681
91 42 23 2 262 369
84 1 16 5 353 615
26 30 14 6 251 415
17 0 29 5 509 788
34 76 25 2 304 415
69 11 28 7 351 461
94 74 6 3 424 547
30 66 5 7 273 490
86 86 22 7 626 760
43 19 26 5 500 589
60 82 23 2 280 498
59 21 19 3 605 681
96 95 29 1 370 568
54 65 5 7 332 487
76 15 28 5 316 475
42 75 5 2 406 477
22 69 17 3 354 527
83 13 27 2 278 489
62 54 12 1 358 644
16 64 26 7 325 613
33 72 30 5 346 495
38 15 25 5 530 783
0 16 18 2 566 719
93 60 18 7 280 530
75 88 8 1 562 767
47 37 25 3 399 640
40 24 20 3 536 605
15 80 16 5 324 508
37 90 13 6 215 446
81 17 8 4 276 436
46 82 22 6 272 559
56 67 6 1 448 609
1 41 7 4 577 714
36 39 14 6 620 694
72 77 24 6 443 710
76 52 30 1 472 540
92 76 12 2 432 638
100 41 14 7 408 479
72 5 21 4 497 769
45 9 10 2 329 619
23 33 24 2 411 675
82 99 11 1 367 555
63 9 15 5 565 734
59 96 16 7 255 391
30 23 26 4 613 716
11 78 17 5 368 598
39 89 9 2 252 516
34 92 24 1 344 509
20 59 23 5 321 516
49 30 11 7 532 670
18 28 20 6 420 517
99 31 6 5 341 587
62 87 9 1 461 568
77 56 29 2 225 413
43 62 19 4 486 573
80 52 29 1 655 752
19 10 6 3 300 546
21 21 7 7 317 414
73 35 28 7 519 582
64 45 6 6 428 568
8 13 21 1 514 795
20 38 16 5 533 610
4 7 27 7 503 571
88 1 16 6 246 500
43 43 8 4 259 450
90 59 17 2 225 479
44 57 5 5 529 601
54 26 27 7 554 643
1 43 11 3 251 418
16 7 28 1 372 434
98 73 7 7 587 689
67 1 14 6 248 543
64 98 17 3 427 673
98 60 16 2 527 654
25 100 28 7 406 680
58 51 28 7 231 447
81 54 30 2 423 511
21 11 19 3 311 470
65 52 16 6 408 557
63 50 6 3 564 687
81 40 27 4 273 418
96 1 6 1 353 588
39 81 20 1 530 626
92 49 30 1 669 737
59 2 9 7 538 750
52 20 12 2 478 671
84 80 17 1 427 511
70 73 20 3 214 306
96 64 20 5 254 492
74 52 23 3 206 442
71 55 12 5 551 782
71 82 25 4 397 470
93 63 10 6 429 709
39 73 15 4 621 757
94 92 5 1 210 369
10 27 17 5 226 498
7 94 24 4 279 416
27 97 6 6 563 708
86 71 16 6 393 687
24 27 11 5 448 686
47 69 16 1 349 536
30 36 11 4 372 569
97 10 8 6 605 756
82 1 7 7 311 511
60 6 15 4 628 747
77 28 23 7 454 655
59 57 9 2 234 306
67 10 30 1 200 321
33 55 26 6 530 789
6 36 10 3 417 569
0 39 17 6 603 726
71 43 18 1 447 733
82 24 11 1 250 413
83 44 15 1 528 590
10 62 8 2 552 750
19 56 29 5 349 516
86 40 13 5 431 540
98 93 5 7 362 624
62 42 9 6 590 651
73 68 15 6 309 415
73 72 10 6 317 403
0 65 15 3 394 496
70 24 24 3 347 608
84 15 23 3 369 459
98 100 12 4 559 793
100 54 6 2 299 379
78 74 17 3 368 579
5 66 22 7 285 390
89 75 12 7 264 443
70 78 11 2 285 556
96 76 7 1 589 738
65 57 9 3 370 452
80 80 29 3 374 664
99 35 14 2 414 674
48 19 25 4 295 566
76 58 29 3 239 423
15 25 30 5 208 324
45 46 25 7 541 633
81 6 25 1 476 599
53 73 16 5 493 788
48 23 18 3 589 744
39 0 8 5 352 596
98 95 29 7 320 425
43 18 22 7 327 503
84 64 29 3 314 459
42 92 6 6 580 703
27 80 18 6 482 734
92 57 21 3 552 748
58 82 16 5 527 613
52 31 16 2 555 640
58 35 13 7 296 431
95 54 8 6 311 397
71 16 14 3 201 313
29 26 15 7 203 468
30 4 12 1 331 630
52 41 6 5 216 462
95 0 29 7 524 670
45 1 13 3 334 478
82 19 21 7 310 377
81 37 5 6 427 624
63 33 23 2 268 349
19 29 25 3 647 783
71 84 28 4 578 762
99 100 25 7 426 538
74 4 6 2 440 690
2 15 19 2 648 747
96 14 8 1 353 569
6 16 29 7 458 548
44 40 8 2 538 767
2 17 8 2 306 428
28 71 9 6 270 432
64 3 6 1 655 736
11 80 11 4 326 461
79 4 18 4 277 423
92 63 27 5 680 762
5 49 16 4 491 636
95 85 6 1 239 504
93 3 24 4 415 636
94 77 30 7 324 590
29 25 15 4 233 317
61 3 19 5 307 512
85 39 23 1 465 581
25 24 25 3 421 689
96 21 23 2 223 316
25 88 6 3 551 754
67 11 17 3 466 723
19 48 20 6 212 286
37 79 10 1 503 765
97 35 14 2 461 546
21 93 23 7 348 500
73 54 19 1 458 569
26 57 10 6 487 612
30 39 12 1 474 547
1 92 24 3 498 790
91 66 24 2 446 648
46 66 13 4 504 738
61 11 30 7 340 490
44 71 25 3 203 290
59 13 17 1 554 780
19 97 14 2 700 781
51 27 7 7 441 662
42 63 11 3 453 543
26 90 8 6 467 700
44 90 8 2 288 495
26 43 15 4 210 502
16 54 19 6 353 532
97 16 7 5 533 729
87 7 5 2 366 520
44 2 11 7 600 667
66 18 29 4 269 538
27 35 27 1 647 715
87 74 11 1 497 675
38 47 25 4 367 484
32 28 5 1 379 512
22 87 12 4 698 768
84 85 25 4 388 575
97 70 8 3 430 511
73 44 20 5 244 324
100 69 11 5 270 469
33 100 14 1 229 289
96 48 29 3 512 737
44 70 15 3 533 594
10 34 27 3 363 552
82 51 10 7 397 555
42 73 30 6 524 615
33 88 5 6 684 778
96 89 26 4 338 527
60 34 15 5 524 785
32 34 22 5 560 654
48 69 6 6 517 657
52 52 21 6 375 436
82 73 28 7 578 658
97 12 9 7 428 719
68 64 24 7 271 339
16 55 6 5 536 664
79 89 11 3 287 471
6 31 15 6 282 530
88 36 13 7 320 577
90 78 19 1 583 781
48 66 6 3 211 479
27 76 12 7 416 639
63 48 13 5 529 750
32 96 8 4 302 468
68 66 19 3 424 599
74 62 6 7 487 681
50 80 23 2 215 315
79 41 8 4 601 666
45 0 30 5 461 612
87 57 12 6 304 556
30 41 23 3 263 383
32 77 14 6 230 447
74 83 13 3 680 769
58 98 14 6 224 469
11 31 6 6 646 781
71 34 26 1 429 620
40 47 20 7 510 587
1 90 24 3 201 274
5 26 23 2 223 289
63 46 15 5 477 668
13 82 10 2 305 498
28 91 18 3 208 348
42 93 8 7 214 449
76 7 11 2 206 458
13 66 24 5 312 599
40 12 20 6 289 520
33 61 14 1 212 448
60 100 7 7 346 443
23 69 15 2 226 469
53 92 25 6 591 749
4 72 15 5 222 461
58 34 22 6 288 449
90 10 25 1 342 627
53 47 30 2 372 516
39 31 21 1 522 675
81 44 20 5 258 474
57 11 19 3 356 493
93 95 18 6 246 342
42 55 14 2 238 427
57 81 12 3 298 568
87 56 21 4 437 666
83 4 16 1 398 537
61 9 30 3 605 687
46 47 20 4 431 512
50 29 17 1 207 315
6 14 16 6 516 606
92 1 10 3 282 477
82 95 24 7 258 488
49 15 13 6 640 737
58 77 16 4 462 597
89 31 23 5 284 356
40 33 22 4 342 583
89 0 20 5 351 619
41 67 12 5 232 469
42 18 9 7 342 585
70 12 8 4 211 424
81 31 23 1 481 640
94 9 7 3 344 501
32 49 24 7 235 341
15 65 29 6 520 692
16 67 28 1 313 538
68 43 10 4 375 510
72 62 13 2 234 457
3 65 18 6 343 431
23 75 15 2 495 620
80 82 26 7 616 753
67 7 24 4 392 514
5 89 14 5 323 413
73 80 28 6 454 533
20 96 25 7 340 431
24 25 8 6 371 635
4 67 25 2 434 580
42 2 29 1 476 614
95 49 14 7 408 637
73 15 14 3 568 650
91 67 30 7 329 589
91 52 26 2 621 778
56 45 11 4 311 466
84 78 15 7 501 781
34 93 26 6 297 576
47 59 8 2 420 571
69 71 10 6 487 550
17 12 19 6 304 480
28 46 25 1 236 446
85 19 6 6 405 615
76 18 25 2 375 580
90 25 23 5 280 448
71 73 13 1 725 798
63 68 30 7 509 620
16 91 19 2 355 457
79 80 22 6 302 568
43 52 13 1 454 529
65 3 16 5 333 601
73 51 25 2 568 725
44 35 27 7 542 610
66 60 26 7 536 630
40 40 11 1 291 451
53 65 7 1 382 595
44 61 28 5 523 621
79 13 12 3 682 787
27 42 18 6 344 412
38 38 20 4 615 742
79 53 29 1 292 423
31 51 17 6 666 745
55 88 20 1 561 736
73 26 14 5 245 446
86 82 6 2 342 412
3 49 7 5 333 492
73 93 9 1 395 562
0 95 23 1 413 577
54 81 26 5 657 735
34 53 20 3 268 412
9 55 9 1 227 444
83 59 19 5 261 535
54 12 17 4 639 722
89 84 30 7 214 481
68 87 19 7 471 691
1 26 25 6 533 724
0 34 19 5 201 349
31 38 24 2 406 539
100 65 6 2 438 662
63 65 9 7 639 776
57 24 14 2 416 568
100 61 16 5 619 783
55 74 21 2 245 311
5 85 14 5 484 586
51 94 16 3 295 506
60 55 28 5 391 554
98 12 28 4 450 739
73 25 11 2 486 602
46 39 27 1 340 539
74 48 30 4 410 488
53 98 5 3 497 757
30 53 13 4 326 443
11 12 10 3 451 736
44 56 17 2 309 434
95 60 14 7 584 757
67 63 24 7 538 696
40 83 20 7 246 508
49 28 11 1 578 730
29 11 28 5 368 654
60 69 23 5 584 786
44 1 14 1 538 604
71 36 23 7 415 635
61 61 22 5 379 570
46 9 6 4 358 429
2 87 10 5 554 724
50 68 10 1 630 693
37 33 8 3 532 663
53 100 10 4 347 452
53 25 13 5 352 442
100 85 27 4 302 520
56 79 30 3 240 399
7 15 17 7 417 618
53 82 7 6 394 550
2 30 7 6 391 457
64 51 18 6 369 438
26 44 7 2 452 638
24 24 26 6 246 457
19 93 19 6 412 675
66 85 27 2 252 461
97 4 29 1 476 545
36 73 26 4 451 522
56 87 11 2 335 485
86 63 26 1 558 663
73 76 18 4 584 700
83 62 25 3 338 595
94 73 14 4 468 530
49 58 8 6 324 455
84 71 21 4 491 593
5 91 26 1 478 714
60 24 17 2 257 432
5 82 11 6 665 726
29 23 18 3 302 484
7 61 28 5 292 520
99 81 10 6 406 514
65 94 30 2 518 791
81 87 6 5 549 719
53 80 5 2 404 692
2 55 24 2 495 718
97 66 13 4 462 548
62 84 25 4 322 429
6 32 25 7 292 426
97 26 9 2 228 362
22 73 21 2 472 554
89 58 8 1 295 497
66 53 28 3 308 537
52 8 30 4 590 767
18 91 24 6 397 592
93 74 23 3 435 613
45 74 16 5 593 759
20 58 29 5 583 717
6 44 6 2 335 426
37 57 10 5 570 756
90 27 13 2 604 709
1 80 25 7 625 758
69 22 5 2 329 396
59 48 5 7 490 572
62 16 23 4 485 719
51 55 16 1 449 635
62 79 16 2 374 630
61 76 8 4 571 750
44 11 26 3 348 632
100 27 9 6 348 607
7 98 15 7 420 626
4 35 13 3 262 521
8 76 7 1 364 536
32 24 16 3 231 455
51 20 7 5 317 411
21 58 25 7 237 440
100 100 8 4 461 688
23 67 20 2 529 625
80 75 26 3 385 661
86 53 29 5 303 520
54 35 6 7 363 497
29 5 5 7 457 613
61 79 7 4 246 380
57 67 15 6 415 652
47 97 13 4 666 760
47 22 10 6 337 615
75 5 26 7 310 579
62 3 16 4 603 686
48 41 30 7 424 649
83 70 21 4 437 671
43 57 10 3 475 568
65 88 19 5 578 671
27 94 23 7 304 587
75 26 8 4 451 532
8 44 30 6 482 689
53 88 6 3 725 785
90 34 16 5 307 367
50 73 26 1 489 775
41 83 13 2 654 751
14 25 23 2 405 571
12 98 25 1 426 659
47 93 15 7 398 466
26 41 13 4 651 742
87 31 19 2 467 731
45 64 30 6 390 580
32 10 11 1 264 352
94 21 16 1 599 791
92 38 28 3 402 646
79 25 30 2 614 795
66 90 28 6 573 677
31 40 11 1 478 641
33 25 7 2 501 678
67 93 18 5 563 757
62 41 25 4 343 577
7 85 23 1 347 418
17 69 6 3 235 457
29 60 17 4 225 375
33 85 24 5 441 534
21 63 28 4 354 429
35 20 13 1 247 545
54 31 22 7 241 440
85 7 12 3 451 731
39 30 21 2 541 795
33 40 8 5 336 412
28 10 23 4 345 514
25 89 14 4 337 424
92 39 30 4 526 661
65 68 17 7 246 318
42 14 17 4 403 571
12 15 17 2 206 474
66 81 10 1 569 640
85 96 9 3 418 564
13 97 16 3 328 498
47 52 17 7 380 657
72 54 28 7 207 317
59 84 9 2 657 795
47 47 17 4 478 721
49 95 8 5 273 349
0 75 12 5 214 289
74 71 10 6 407 622
5 71 22 1 305 381
90 23 29 6 634 740
67 6 28 2 245 319
6 3 23 4 520 732
2 44 26 4 500 589
8 82 8 2 491 566
57 86 15 5 608 766
77 20 29 3 236 326
77 99 23 5 226 482
26 86 10 4 611 740
38 66 19 4 528 702
0 38 30 5 249 509
69 85 18 3 539 648
47 0 27 3 646 726
9 85 20 2 466 620
69 63 5 5 445 546
17 68 5 1 614 697
100 58 13 6 277 353
75 34 15 6 245 490
37 96 15 1 540 644
35 77 19 1 225 346
58 24 21 6 401 643
87 36 7 4 305 603
90 1 21 1 336 559
13 68 7 4 460 715
91 10 6 5 587 744
86 62 15 4 564 651
13 56 8 4 557 685
51 40 18 4 461 548
46 36 21 1 342 505
9 62 30 6 263 549
44 38 8 7 501 652
57 90 19 6 637 724
29 65 30 4 517 684
3 13 22 1 287 456
63 76 29 5 410 516
70 86 14 5 230 443
95 94 12 2 349 607
53 77 12 5 429 559
42 24 14 7 263 479
31 57 29 2 432 522
22 55 19 5 455 622
82 93 6 7 417 633
89 26 19 5 346 574
65 77 29 6 554 707
88 98 16 3 660 726
65 53 30 5 267 354
24 81 28 3 463 759
74 0 13 4 422 495
53 4 11 5 510 668
70 23 30 4 276 457
27 39 26 7 396 559
47 41 24 6 688 786
72 35 28 7 544 663
78 2 29 3 418 598
68 31 5 1 654 729
95 38 28 2 202 375
80 69 5 2 454 739
98 14 30 3 315 554
12 81 19 5 318 603
18 74 25 4 237 427
93 53 9 4 632 708
25 56 12 2 611 784
52 78 12 4 540 642
70 15 6 2 647 756
21 80 19 1 286 469
