1608
91 56 0 0 0 0
4 99 10 1 531 635
100 11 8 5 457 692
13 60 10 5 696 756
17 73 26 3 583 671
22 71 21 2 256 348
44 39 20 6 287 384
81 54 15 5 352 515
5 41 20 2 347 531
60 66 19 1 496 747
81 96 23 4 322 392
27 41 9 1 602 695
25 46 24 6 497 589
35 83 21 5 396 561
86 14 15 5 394 476
37 55 30 5 609 751
96 90 27 1 522 668
54 66 23 2 488 760
8 64 16 1 392 508
21 97 26 6 348 510
35 64 12 5 357 454
64 99 26 2 638 726
63 12 26 1 726 800
87 55 12 4 475 753
69 20 27 3 353 545
58 30 11 6 329 497
21 85 10 7 446 654
98 54 30 2 544 718
21 73 28 5 486 589
29 64 9 4 429 719
82 31 28 5 244 436
9 79 22 3 465 730
35 42 29 2 243 459
47 92 23 2 548 656
1 44 14 5 240 418
7 62 10 7 286 555
17 45 14 5 476 645
54 59 24 5 668 787
78 16 30 2 370 611
9 9 25 7 594 792
20 15 6 6 244 315
48 72 30 3 582 671
84 29 15 2 334 446
0 95 13 1 279 454
49 64 8 2 355 616
38 45 28 2 388 521
36 77 10 6 546 607
33 45 23 4 310 552
38 1 22 1 620 751
18 20 19 2 484 669
70 52 8 6 369 429
63 18 9 7 253 385
49 98 24 3 591 696
75 77 20 7 599 774
74 26 18 3 695 784
78 31 22 1 619 746
52 34 8 1 413 512
10 3 25 1 518 792
27 49 9 6 379 597
65 75 9 5 577 770
23 54 9 2 517 699
33 78 30 2 218 301
58 26 10 3 437 708
51 85 18 2 272 548
58 49 23 1 266 456
78 26 29 2 256 431
26 79 30 4 248 418
5 73 22 4 380 619
58 38 16 3 385 551
16 40 10 4 205 448
48 58 25 1 295 401
78 80 5 3 468 681
62 82 13 7 262 397
72 22 8 3 376 564
92 44 20 6 340 615
33 15 25 2 206 336
62 28 10 7 270 504
18 76 17 3 546 729
22 64 13 6 476 768
98 93 16 1 542 661
28 51 18 4 370 431
0 72 27 4 297 572
36 1 13 2 284 359
69 39 13 3 321 612
27 55 8 3 579 787
50 61 25 5 221 469
33 91 5 5 391 665
33 86 11 7 365 546
99 87 23 7 423 562
12 69 5 7 373 602
33 46 27 6 370 566
16 28 26 2 390 650
35 21 26 6 401 647
46 61 17 1 258 355
20 91 11 7 522 762
32 78 7 3 350 566
28 9 13 1 326 483
51 58 8 5 466 681
73 39 17 5 361 629
48 16 10 5 366 552
56 76 5 6 601 687
91 17 25 4 260 491
41 12 23 1 417 698
45 100 14 2 265 364
60 99 15 5 315 606
73 100 9 1 369 643
52 19 30 7 253 446
22 83 19 7 332 508
15 63 15 1 595 784
55 87 11 5 312 395
62 32 23 4 409 542
52 96 23 6 351 417
34 6 21 7 570 767
49 74 26 5 522 691
23 76 24 2 434 632
73 62 17 3 472 566
87 36 22 3 457 724
10 69 27 4 677 762
74 61 25 6 403 476
91 69 19 6 303 478
32 33 26 4 504 670
27 8 8 4 559 779
75 15 17 3 510 672
62 76 20 2 500 781
91 11 28 2 491 775
70 62 19 4 404 607
4 7 22 4 297 416
9 82 13 1 253 350
39 97 19 6 228 445
14 59 20 5 362 505
61 33 26 1 200 349
73 92 5 6 223 459
41 80 5 4 530 686
35 59 7 7 447 565
13 80 17 4 555 713
57 26 19 4 236 336
96 46 21 7 591 790
79 45 11 1 502 566
2 94 30 6 499 787
5 31 26 2 201 322
30 43 5 7 527 712
13 10 9 3 362 473
47 21 26 2 327 558
71 38 6 2 242 500
59 51 26 5 224 494
47 96 5 3 413 661
7 26 25 4 291 487
30 89 28 5 437 674
92 12 25 4 440 573
48 55 16 4 434 570
39 81 13 7 310 558
59 78 27 5 363 541
69 10 15 7 277 406
19 89 15 5 279 409
4 18 25 5 378 677
93 47 9 7 282 522
23 15 5 4 458 536
10 74 29 5 313 517
77 46 30 4 625 737
25 71 18 2 612 747
38 42 14 5 201 455
63 69 13 3 612 735
95 8 11 1 390 550
7 28 21 4 469 691
25 82 30 5 359 530
42 12 23 1 408 703
86 100 15 1 452 668
62 35 28 5 678 760
54 47 22 5 528 643
8 8 10 5 542 678
10 27 21 5 249 314
55 12 16 4 378 576
79 73 30 6 275 475
46 59 14 7 654 784
14 80 9 1 254 496
21 53 26 3 237 417
93 54 23 7 398 553
45 34 15 5 451 596
59 7 5 6 452 577
40 59 11 2 646 773
49 6 6 2 261 365
27 100 10 3 222 282
76 20 27 1 296 366
71 75 11 1 208 424
19 40 22 1 302 383
9 38 17 5 465 665
78 68 18 3 277 532
12 53 26 2 263 501
20 64 14 5 594 760
74 28 12 2 618 734
60 37 25 3 579 755
88 66 17 6 281 482
38 98 24 2 230 455
6 33 25 2 691 792
53 75 20 6 426 624
86 82 22 4 314 498
65 11 6 6 520 651
21 59 5 6 444 736
11 45 18 1 286 357
95 5 17 7 419 659
90 90 27 3 417 486
84 30 7 4 376 505
74 10 28 2 516 585
82 44 24 1 221 282
58 95 14 6 444 600
73 81 13 7 528 642
60 15 19 6 453 681
55 15 21 1 509 773
21 100 23 4 657 726
34 38 24 7 568 733
97 71 29 5 584 769
81 83 27 4 264 328
25 18 24 4 286 506
14 54 15 7 447 595
93 32 15 4 603 769
100 35 23 7 216 432
33 84 18 2 730 790
74 44 20 7 501 669
0 44 19 7 494 626
85 23 12 2 311 585
57 83 5 6 345 517
63 24 18 3 593 790
65 68 10 3 448 516
87 16 25 5 540 621
20 0 19 3 409 695
94 82 22 2 533 709
26 43 22 4 382 494
4 71 27 6 555 760
79 48 30 4 392 473
89 84 28 7 345 610
30 73 30 5 206 334
29 99 10 4 289 504
49 5 26 1 545 633
25 87 5 6 507 690
28 76 23 2 522 658
3 25 30 4 250 544
28 17 28 4 343 427
86 48 6 7 551 711
22 94 23 2 240 408
35 33 12 2 347 560
77 65 8 7 554 758
27 88 14 2 532 730
82 1 29 4 715 779
28 48 5 4 271 518
24 100 15 1 491 561
73 32 5 7 282 397
6 3 11 5 526 677
47 49 21 2 222 511
87 61 13 7 335 484
47 29 9 2 285 484
27 16 14 1 423 525
77 6 28 1 208 311
20 13 6 4 271 506
23 68 20 4 323 412
20 24 7 2 418 486
16 73 25 2 308 422
57 6 16 1 657 739
2 57 29 7 478 762
20 89 11 2 689 750
42 26 26 4 524 701
0 99 10 3 541 705
86 49 30 4 595 797
71 79 29 5 252 538
34 86 14 5 285 355
86 84 30 3 202 327
100 0 6 7 614 773
95 0 25 6 552 675
73 19 26 1 620 735
87 72 30 2 300 428
9 35 11 1 453 653
5 27 9 4 566 627
35 13 10 2 520 751
58 98 14 4 357 647
71 74 11 5 495 567
93 44 25 6 399 544
22 39 26 2 517 719
10 14 22 2 252 493
82 35 25 3 283 509
87 95 13 3 507 722
27 64 24 6 682 770
4 49 12 6 296 444
6 54 18 7 400 652
62 94 29 6 252 514
18 33 14 5 216 284
73 50 20 3 445 564
40 40 9 6 614 742
64 80 20 3 356 562
35 45 16 1 660 784
18 49 5 1 384 593
38 0 18 7 337 564
21 92 30 7 716 777
77 74 14 2 314 392
47 69 25 4 403 563
94 78 24 3 350 626
85 34 19 2 539 700
59 12 12 6 397 517
61 4 13 2 332 515
0 14 10 1 468 593
22 9 19 5 283 406
86 3 15 3 388 545
18 36 19 7 676 775
79 14 9 3 539 602
48 38 29 3 200 443
83 2 26 4 481 720
50 46 22 7 372 641
40 99 12 1 343 601
10 77 13 6 224 424
24 19 15 4 399 613
64 46 27 2 522 659
16 16 7 3 596 691
91 84 23 1 721 788
80 29 25 4 222 499
90 58 12 4 517 657
79 74 17 6 540 713
64 97 22 6 441 555
15 71 27 3 608 781
29 85 17 1 434 564
65 88 17 6 543 613
85 62 17 2 262 335
8 60 19 6 210 436
79 83 5 6 367 446
0 60 24 5 432 656
48 23 24 2 545 766
27 0 7 3 518 664
92 63 6 7 422 496
96 11 29 3 587 798
56 60 30 7 401 612
7 23 26 3 387 470
23 17 6 6 424 599
56 47 6 6 354 629
94 50 7 4 417 673
73 38 19 3 543 793
44 44 8 6 510 799
33 63 12 5 406 613
95 88 7 4 226 370
8 38 15 4 511 672
99 32 24 2 634 762
64 53 13 5 354 618
53 1 7 2 525 785
56 30 27 6 490 553
39 29 16 3 204 426
97 96 25 1 306 553
35 70 11 1 493 699
75 6 7 3 322 557
97 21 20 7 265 554
82 99 27 4 349 539
97 37 29 4 342 600
76 76 28 6 559 758
33 61 10 3 575 680
77 94 17 7 689 789
82 86 23 1 403 463
8 74 16 1 682 763
54 49 9 4 379 530
56 66 28 7 717 788
78 18 19 7 335 488
81 14 12 6 421 641
24 74 27 2 511 654
49 43 5 1 443 672
38 40 25 7 487 787
35 75 25 3 641 737
87 58 27 5 488 627
3 45 21 4 448 650
80 75 9 3 520 680
72 65 7 6 448 644
51 19 24 6 209 357
36 45 19 4 227 366
21 0 24 2 385 675
66 69 16 7 474 683
71 61 5 5 528 763
30 45 23 5 264 417
51 25 17 7 525 716
100 58 30 5 302 392
50 84 5 3 314 600
41 79 16 7 384 558
56 98 15 4 318 611
62 27 28 1 440 732
98 44 22 2 210 401
39 23 28 3 468 679
24 76 5 7 271 474
68 24 19 5 204 322
73 48 24 1 422 516
4 48 28 3 424 647
41 84 28 1 450 511
26 45 29 5 289 478
63 86 7 6 420 684
13 78 25 6 624 735
38 43 8 2 408 630
32 12 6 5 643 783
19 53 8 4 256 448
0 54 22 1 498 645
44 20 6 3 210 317
71 30 26 7 398 558
37 60 20 4 503 572
21 70 21 5 241 441
86 80 25 2 223 347
86 51 26 1 548 730
55 86 19 6 562 768
61 78 10 6 552 675
13 20 7 3 561 731
21 41 29 3 481 597
99 9 27 3 493 790
96 19 10 2 377 583
75 38 14 1 420 705
22 79 5 6 443 717
90 1 15 5 383 607
85 0 23 7 326 626
9 19 14 3 498 678
53 17 11 2 340 417
44 83 16 1 241 473
58 94 6 7 352 514
21 27 28 5 485 575
79 26 27 7 291 401
61 45 11 1 588 648
18 96 15 4 594 695
42 32 24 3 258 497
97 64 28 5 237 316
37 77 27 4 427 672
48 21 6 3 221 436
93 90 27 4 409 604
57 97 11 3 433 536
40 76 27 1 412 494
16 14 25 4 651 720
98 96 14 2 329 477
96 20 24 7 409 689
78 97 8 5 329 490
27 95 27 5 357 553
86 21 29 2 540 651
28 90 28 1 432 603
89 99 21 7 309 417
81 80 20 2 283 543
25 84 17 5 655 797
75 33 24 4 608 697
75 47 6 1 349 509
39 48 26 4 215 410
3 41 13 7 547 746
64 83 30 5 412 602
86 77 30 5 514 619
2 44 14 3 664 755
70 72 22 6 402 658
67 29 28 7 271 417
39 91 27 6 557 795
64 69 12 6 503 585
0 24 25 4 261 361
32 41 10 1 279 420
98 91 16 1 265 411
1 83 10 2 322 439
80 27 30 1 266 525
53 88 24 7 284 347
23 3 17 7 584 701
2 90 11 4 427 569
74 11 17 6 694 786
49 11 20 4 495 788
52 5 6 4 459 560
2 6 8 5 396 565
61 2 12 2 547 764
61 59 10 6 338 532
43 43 25 3 538 666
9 13 8 6 428 516
33 17 12 1 399 626
100 82 26 4 390 580
54 46 7 1 606 732
1 21 25 5 205 340
36 49 9 1 366 504
84 69 19 3 230 519
11 97 13 5 338 437
8 92 24 2 400 494
85 29 11 1 202 449
84 44 5 7 309 559
38 71 7 4 295 570
60 26 28 6 246 465
59 33 27 4 439 675
96 14 29 1 622 797
72 24 22 2 292 361
48 26 7 4 455 716
87 83 6 6 388 638
4 37 12 2 267 395
89 100 27 6 524 751
22 13 8 3 578 761
54 89 6 1 264 344
93 77 5 3 294 547
91 24 23 2 282 379
78 93 28 7 372 619
43 46 27 2 420 493
92 7 17 1 286 582
17 2 24 5 499 592
97 84 12 2 656 733
36 24 10 7 418 571
22 92 15 4 282 548
52 100 7 2 464 736
19 15 29 7 205 398
69 69 26 4 379 551
34 77 19 3 460 641
53 90 14 2 284 421
25 57 19 3 694 796
50 68 29 4 273 349
22 3 13 4 627 728
66 71 8 6 321 569
78 59 13 4 516 752
35 31 20 4 355 649
77 42 27 2 592 681
16 42 17 3 364 627
91 81 16 3 273 437
12 23 9 3 392 480
63 56 14 2 405 669
85 7 27 5 239 480
82 8 5 2 349 552
89 38 15 4 337 468
73 26 24 3 494 623
5 91 6 2 226 304
27 35 9 1 362 578
74 24 12 1 294 480
22 62 22 7 252 338
16 89 10 5 579 762
51 59 14 5 312 454
2 80 5 7 479 620
23 98 30 4 413 551
18 44 22 4 269 342
0 78 24 2 215 492
89 30 12 6 733 794
66 96 23 6 279 412
42 41 16 2 458 705
32 73 26 6 540 793
34 48 10 4 405 587
9 34 12 2 344 565
14 21 22 1 474 670
6 96 28 3 557 643
24 89 26 1 309 442
28 14 8 1 577 770
50 50 12 1 257 344
14 33 21 3 383 585
97 22 6 1 367 581
81 78 20 2 313 563
93 61 7 4 254 438
68 87 30 4 558 779
27 73 23 5 411 611
16 45 13 2 242 424
41 66 28 1 444 663
85 24 15 6 554 662
22 30 25 4 476 598
96 64 17 3 287 451
0 40 13 7 570 739
21 78 10 6 312 481
53 70 29 4 444 546
1 65 21 7 484 552
86 11 5 6 464 535
45 23 23 1 343 621
95 100 20 2 235 330
18 77 9 2 358 496
18 16 15 4 442 683
58 44 5 5 326 498
90 34 5 1 232 401
76 88 29 2 560 630
100 14 20 7 338 419
77 26 12 7 486 752
72 96 13 5 614 785
62 36 11 3 427 717
7 69 28 2 217 385
4 8 30 5 224 465
43 77 6 1 463 693
30 23 23 1 430 718
45 52 15 3 465 671
74 68 15 7 352 432
7 74 29 4 405 622
87 6 25 2 485 674
92 72 12 2 207 271
84 59 24 1 718 788
78 5 16 5 334 463
31 39 20 1 485 750
45 74 8 4 284 468
70 26 12 6 527 795
22 54 16 2 521 656
95 63 10 3 468 540
89 91 10 3 235 340
83 35 30 3 293 434
78 55 21 5 422 574
50 42 18 5 641 769
5 17 22 4 308 570
26 1 22 4 450 665
100 89 15 6 448 653
23 66 10 1 299 472
66 94 13 1 258 481
29 91 22 7 678 753
30 14 24 7 522 612
79 94 17 3 431 576
78 23 25 4 299 520
58 18 17 6 389 666
23 100 17 6 385 489
34 73 16 2 345 588
56 31 27 6 627 688
59 60 16 1 242 343
82 13 21 5 243 522
87 8 28 2 307 579
70 28 10 5 463 580
13 66 22 7 665 781
62 47 24 3 319 431
5 28 21 1 591 707
54 17 18 2 608 721
77 33 13 1 202 266
6 16 13 6 561 783
45 11 23 7 577 727
33 98 26 1 248 456
13 18 17 7 201 435
51 64 17 2 271 472
97 99 23 5 422 697
95 44 28 5 591 778
17 15 28 4 450 738
34 47 7 4 388 484
85 69 23 2 392 566
98 77 8 1 462 557
59 0 23 7 222 352
36 30 18 1 525 789
26 10 28 5 284 540
15 61 21 5 276 510
5 71 22 5 311 422
39 0 25 5 481 641
69 76 10 2 483 735
9 97 8 4 570 660
97 19 14 4 215 478
31 98 19 7 629 745
76 18 5 6 393 520
14 49 22 6 375 549
38 75 18 3 280 448
32 93 11 3 437 634
23 79 26 2 592 732
86 83 27 7 496 777
27 20 19 1 241 373
42 51 7 6 434 501
37 97 27 1 520 729
45 50 16 7 410 578
3 47 22 1 210 320
80 15 19 2 706 788
80 85 17 4 293 430
97 58 15 6 471 617
36 0 19 2 400 633
76 85 22 2 396 534
85 97 19 7 423 506
81 79 26 4 341 564
18 84 16 5 325 433
49 52 23 3 275 359
24 29 5 2 392 689
71 89 27 3 254 454
73 78 20 6 495 608
73 84 6 7 200 270
61 86 8 1 375 563
16 84 29 4 458 728
59 23 15 6 518 696
12 83 11 3 303 488
28 38 27 2 638 732
65 53 17 6 717 799
91 36 11 7 282 358
29 16 6 2 467 617
75 29 15 1 419 501
23 86 21 1 273 500
98 14 29 6 586 765
13 26 16 7 536 749
67 3 21 7 596 680
56 52 16 2 522 594
32 57 11 1 414 670
40 98 21 5 341 507
2 36 19 7 298 444
5 82 13 7 476 703
23 93 9 6 442 611
26 44 5 6 280 520
33 77 6 3 420 585
56 5 28 5 667 727
27 83 9 5 419 498
24 99 25 5 246 429
43 13 5 4 590 752
59 90 15 4 201 311
17 100 17 5 484 620
0 26 10 4 483 768
27 80 27 3 330 432
100 9 13 7 390 607
5 18 5 5 331 570
76 10 10 5 320 503
46 90 5 1 413 627
100 90 11 1 352 448
74 8 10 4 379 441
5 40 29 4 351 537
65 65 26 3 424 493
81 42 20 3 443 571
6 99 19 5 431 635
53 57 8 1 477 727
44 27 30 3 374 659
89 95 16 5 353 601
27 32 5 7 640 774
78 50 27 5 225 510
34 63 16 1 550 767
41 99 9 2 226 402
14 46 25 3 307 483
42 40 19 3 392 494
5 65 14 5 445 508
77 87 28 4 393 602
37 20 10 2 562 655
72 6 22 6 318 464
40 72 15 4 436 735
12 17 28 1 257 532
29 20 15 1 493 781
79 35 14 7 500 750
66 3 27 3 475 736
92 19 19 4 254 322
31 18 27 5 612 792
67 50 24 7 376 439
35 87 16 7 274 438
29 33 26 3 550 765
49 20 21 6 528 639
9 69 7 4 443 616
92 17 13 6 632 721
72 75 30 4 268 427
64 18 20 7 562 689
56 1 10 5 390 594
74 39 22 6 469 594
19 56 25 4 220 509
90 47 18 7 324 569
36 65 15 3 417 675
45 42 10 7 201 481
100 37 30 5 654 768
76 54 14 7 220 441
97 95 16 1 672 740
19 22 21 6 358 466
18 15 14 1 584 680
91 19 16 7 366 581
50 2 20 6 237 398
8 75 14 5 488 775
8 95 20 6 586 663
73 46 11 2 357 510
71 80 8 1 682 756
54 43 17 3 486 620
98 12 26 4 337 457
18 32 9 4 471 535
28 2 17 4 587 672
43 2 12 7 516 596
17 18 27 3 251 326
83 88 16 2 338 576
69 93 6 5 273 383
97 28 9 2 323 594
53 43 23 3 498 732
7 16 22 2 340 629
28 31 12 6 323 606
54 7 23 4 300 388
41 22 13 2 372 437
57 64 14 2 691 756
93 63 14 6 569 643
79 68 14 4 206 489
52 36 30 7 338 570
17 25 16 6 602 686
62 85 11 1 230 394
23 63 9 2 488 557
73 37 9 7 275 411
64 45 21 4 211 448
18 31 5 6 286 496
43 35 11 3 363 639
29 34 24 7 414 497
99 80 11 1 301 600
41 3 10 5 624 753
12 89 25 2 277 513
32 53 13 1 569 717
49 62 27 7 464 569
84 10 27 2 440 543
57 32 13 6 590 741
49 14 21 1 448 658
76 78 14 6 368 589
52 94 7 5 441 647
95 80 8 3 260 554
97 90 24 3 426 605
44 72 13 5 301 432
94 85 26 5 449 647
24 53 9 4 476 609
29 37 8 1 531 722
79 12 25 4 551 788
51 87 25 4 663 771
97 16 19 3 220 397
19 44 30 7 615 735
61 22 7 1 422 619
3 36 12 6 273 530
6 66 27 5 235 360
31 32 29 1 666 778
14 88 27 4 604 788
16 4 17 3 673 767
28 100 23 6 215 300
12 60 29 5 248 360
72 69 26 2 448 592
52 45 25 5 538 644
96 79 9 5 217 319
97 1 12 1 356 562
25 33 7 1 450 586
2 54 29 4 439 507
87 87 16 5 417 661
96 44 29 1 475 691
89 23 18 3 207 430
89 98 18 5 248 445
80 74 19 3 660 744
12 59 16 3 467 585
89 96 22 2 323 416
82 39 8 3 340 474
54 100 12 1 643 781
42 97 17 7 648 795
59 84 27 6 271 507
82 6 12 6 255 378
76 59 9 5 613 779
64 1 12 2 514 759
27 85 15 4 363 570
70 84 22 6 491 761
51 27 27 2 231 358
39 68 20 4 477 584
11 14 25 1 287 451
10 40 21 3 664 724
84 62 19 4 284 421
29 41 22 3 277 513
15 87 17 1 588 771
38 68 10 5 450 618
75 100 30 2 342 540
8 21 7 2 401 600
59 81 5 6 582 693
50 27 8 7 215 490
6 68 6 5 342 423
64 20 12 2 425 544
73 66 13 5 568 777
8 13 22 7 222 394
39 59 9 3 225 522
52 47 6 1 342 577
12 58 16 6 250 398
28 66 6 1 339 476
87 56 21 4 240 429
70 65 20 1 389 654
36 3 20 1 423 535
88 75 17 3 625 730
36 74 17 3 368 590
32 91 14 1 375 623
91 77 12 2 501 779
22 63 25 1 303 513
24 6 16 6 354 526
78 84 9 2 321 512
5 80 18 1 225 507
23 78 20 1 440 692
39 80 19 6 543 617
84 48 11 1 426 662
52 72 25 6 398 647
7 13 20 1 303 541
52 41 16 6 500 592
16 35 12 2 627 779
16 86 22 3 318 540
72 47 17 3 251 463
15 97 11 6 495 567
4 92 24 6 348 595
56 97 13 6 381 664
43 98 26 5 292 383
11 78 19 1 252 364
93 97 13 3 509 616
80 14 13 6 263 563
17 0 14 2 390 660
82 2 24 4 431 514
1 64 8 4 493 666
5 92 7 2 254 370
91 91 9 1 617 754
66 86 11 6 492 774
4 89 30 1 356 480
33 65 25 5 384 525
68 70 8 1 372 495
16 33 13 4 390 483
70 38 16 2 355 463
94 52 11 3 312 476
63 46 20 7 452 539
66 85 29 6 642 709
38 58 18 1 455 737
73 58 7 3 477 572
13 67 16 2 326 608
4 78 7 3 212 344
0 11 21 6 638 751
8 33 25 7 271 547
87 54 14 1 235 486
6 17 20 2 274 428
9 67 14 5 567 711
40 11 8 2 320 402
82 22 18 6 233 371
60 80 22 1 464 737
9 33 9 1 502 564
67 38 9 3 633 716
5 86 11 2 506 630
93 93 12 3 370 596
30 94 11 4 502 564
75 92 24 1 688 797
100 66 22 7 404 604
61 25 14 4 495 677
92 71 27 2 415 628
25 78 22 1 516 738
65 38 25 2 430 543
51 75 21 5 326 560
39 51 29 6 394 494
86 2 5 4 407 664
59 48 12 6 316 603
77 18 28 6 257 499
4 12 8 3 646 747
3 42 14 6 496 673
84 19 30 5 441 549
99 77 8 5 393 654
75 71 14 1 243 305
39 44 14 3 236 304
80 100 27 7 367 652
100 78 19 5 516 728
13 0 14 3 251 321
41 72 9 2 405 485
67 89 29 2 337 629
8 87 19 6 630 729
20 68 6 6 568 737
92 22 20 4 428 665
41 16 15 7 553 641
58 82 13 3 512 780
97 27 7 7 326 596
55 99 9 6 534 743
55 53 19 2 343 459
23 47 28 3 437 693
38 16 17 1 354 577
0 19 17 1 486 609
61 21 28 1 472 533
52 98 15 1 666 770
85 77 8 6 364 529
35 32 26 2 358 559
36 32 11 6 581 664
19 45 16 3 226 485
8 15 11 3 435 678
93 12 24 2 647 749
32 63 11 3 487 702
7 94 20 7 230 500
19 0 22 5 408 659
74 77 27 3 590 698
86 42 27 2 625 765
69 33 26 6 361 512
91 58 12 3 437 682
54 50 28 6 363 618
24 24 16 2 542 647
78 67 23 6 506 613
7 71 14 1 223 515
47 74 11 7 594 678
82 23 11 2 639 744
89 15 11 3 357 654
21 65 12 1 310 466
79 64 10 4 256 444
18 95 19 2 358 432
70 79 19 6 534 636
34 39 25 7 600 771
5 29 5 4 244 374
41 73 25 7 580 659
17 79 19 3 366 554
93 86 22 2 442 625
76 47 8 4 540 771
23 41 26 1 560 687
71 19 20 6 230 325
4 23 14 4 246 501
15 78 12 2 462 745
47 84 30 4 403 561
88 71 14 6 454 753
47 94 24 5 514 742
47 26 19 5 390 599
13 7 18 3 211 448
77 48 15 1 553 778
41 49 30 6 537 738
0 43 26 6 688 785
3 81 17 1 458 518
44 89 16 5 430 706
68 26 10 1 515 655
16 24 11 4 500 731
29 26 23 2 561 681
29 56 19 1 507 743
81 15 16 1 397 614
2 86 20 6 266 542
19 59 24 5 410 545
36 96 28 6 273 532
8 19 10 1 418 557
84 27 26 6 382 455
10 98 12 6 519 635
16 100 14 1 258 418
78 52 8 7 387 669
52 76 15 5 641 754
11 42 14 2 497 603
56 36 19 3 258 442
8 49 8 1 516 758
73 73 20 2 229 295
69 64 12 1 572 703
3 75 28 3 381 665
78 22 27 4 678 775
33 71 25 7 452 693
12 61 15 1 423 681
38 48 11 1 437 512
10 19 11 1 590 717
67 41 7 5 262 384
42 61 18 3 325 529
30 6 25 4 374 590
63 85 22 4 229 334
100 84 21 7 446 647
89 70 25 6 572 633
48 92 8 1 201 403
83 65 12 4 465 525
60 35 16 1 313 468
70 23 20 2 246 515
24 75 7 2 388 505
60 27 17 6 527 706
32 17 7 5 414 684
89 76 12 6 221 293
100 31 16 7 222 389
77 17 17 7 422 602
70 82 13 2 463 629
53 44 15 5 349 449
29 13 19 2 231 446
75 31 29 3 393 580
35 50 5 7 352 651
19 97 11 7 284 420
25 5 19 3 246 517
9 25 9 3 574 774
43 21 19 1 623 684
71 85 12 6 206 400
42 17 19 3 408 665
58 96 13 5 406 527
9 0 14 2 344 494
42 1 24 7 698 776
30 91 16 7 425 487
76 25 24 7 299 490
13 6 9 2 590 651
75 0 8 2 402 531
76 26 5 6 411 630
82 84 25 2 597 705
98 34 8 1 348 530
88 25 12 4 585 733
30 17 25 5 313 453
46 52 18 4 471 534
54 76 30 7 239 460
89 24 10 2 381 512
42 99 28 5 525 776
6 86 20 7 355 451
2 97 9 6 216 440
37 64 9 2 460 680
1 88 14 1 480 660
82 64 23 5 427 622
72 51 14 5 487 758
62 12 19 4 445 585
90 64 26 5 670 774
5 66 25 5 317 394
89 13 9 2 536 694
31 92 20 4 412 551
17 11 27 7 298 452
73 33 29 2 454 695
28 34 25 2 548 632
0 81 5 4 402 485
83 21 18 2 380 475
45 78 29 5 469 573
57 49 30 5 417 608
10 71 14 1 626 760
37 88 20 5 378 657
99 66 6 5 440 586
37 94 17 2 208 412
53 59 9 6 207 485
34 98 9 3 654 719
63 89 18 7 492 693
54 62 7 7 255 326
0 4 12 4 490 744
35 89 28 5 266 516
53 73 8 2 299 451
86 33 9 1 616 687
72 43 13 2 335 492
15 21 20 1 532 729
59 30 23 1 413 696
75 26 19 2 455 650
71 6 29 6 484 771
46 97 24 6 554 625
7 40 17 1 256 486
75 93 11 1 350 466
15 77 5 7 453 539
51 50 18 1 245 523
32 9 6 2 282 441
74 15 7 1 230 398
26 99 24 6 492 701
56 63 24 3 407 508
69 63 10 7 363 583
46 96 12 3 518 596
67 14 29 2 531 787
48 91 21 6 568 750
29 8 19 5 340 533
29 43 24 3 521 713
39 18 18 7 691 791
74 80 25 1 283 527
37 76 28 2 336 463
97 43 9 4 324 491
60 29 15 5 230 294
53 79 26 1 269 520
86 67 10 5 661 752
36 33 7 2 423 607
91 73 18 1 486 562
24 7 16 7 281 565
96 76 30 5 401 629
91 14 19 6 350 460
47 76 11 4 564 756
53 3 14 5 350 614
64 21 26 7 255 459
15 89 30 4 659 737
76 51 9 3 230 498
94 5 18 7 486 720
69 42 25 6 423 552
80 44 10 2 435 523
44 98 26 2 538 624
56 37 9 6 342 536
80 5 11 1 283 488
70 56 29 3 219 365
46 99 18 3 356 438
90 71 10 7 308 454
61 75 30 7 432 644
79 42 12 3 259 323
77 1 26 6 598 686
9 27 16 6 518 746
32 69 24 1 403 629
10 44 9 2 419 509
19 67 19 3 444 710
46 75 10 4 230 356
24 56 5 3 207 433
46 31 22 4 591 757
6 57 6 2 207 282
78 24 7 4 286 482
93 2 9 7 292 381
67 23 14 4 315 382
99 76 23 1 227 444
27 2 25 4 673 783
6 56 27 3 307 579
78 15 9 5 364 519
23 72 28 7 535 659
73 28 10 7 482 637
77 49 13 7 530 769
24 64 13 1 463 555
39 13 16 6 410 621
28 40 26 4 423 649
64 54 15 1 598 691
57 85 23 5 252 344
42 94 17 4 242 473
46 43 20 1 394 668
15 14 24 3 473 542
28 32 16 1 534 650
7 68 10 4 646 771
66 43 21 1 665 761
45 65 12 4 691 760
30 53 23 4 286 508
9 80 9 6 379 648
44 80 22 4 581 675
18 68 18 6 366 624
43 83 23 4 279 488
32 81 27 1 305 506
68 51 19 3 655 743
84 55 21 1 273 444
99 20 14 1 256 316
20 46 26 2 366 541
58 57 21 6 403 555
91 83 19 6 360 649
73 57 18 1 448 591
65 8 8 7 503 709
69 99 15 6 602 716
4 45 28 6 392 622
2 84 14 4 538 743
3 98 19 6 256 441
33 54 23 6 301 555
49 29 29 1 410 530
93 98 25 5 208 348
76 2 26 2 319 574
0 89 18 7 665 758
2 92 13 3 537 796
96 29 8 2 394 612
85 20 16 3 318 415
97 47 24 3 479 679
55 25 25 3 437 704
1 85 23 5 540 719
61 95 29 7 368 571
53 37 21 4 201 262
25 6 25 7 377 624
50 99 6 4 479 566
62 17 27 2 269 373
39 57 19 2 615 705
87 97 28 4 369 521
93 31 26 6 338 403
38 31 26 3 335 447
78 72 13 4 262 429
78 2 22 5 430 630
53 42 21 1 331 561
1 66 24 5 297 590
100 80 13 4 459 554
92 38 25 7 202 281
89 90 21 5 468 534
42 70 22 4 282 413
80 33 25 7 236 316
40 29 15 7 568 709
26 95 10 4 341 624
17 44 17 5 300 591
42 9 6 1 635 710
14 99 14 6 223 501
68 75 13 1 266 553
98 51 18 5 441 602
4 4 27 1 564 727
3 66 6 1 415 694
31 69 7 3 473 754
0 97 28 4 245 485
11 38 19 2 438 653
84 8 18 5 501 675
58 70 8 1 225 336
5 16 28 2 360 541
5 35 20 2 366 432
4 42 19 1 448 567
47 45 12 1 522 583
9 41 10 2 606 720
34 65 21 7 320 397
9 94 7 7 365 518
77 28 6 4 528 606
68 49 11 7 214 439
49 32 11 5 502 730
53 36 29 3 381 659
96 54 18 5 290 522
47 28 8 1 552 667
38 19 26 4 396 687
62 90 5 1 438 674
18 47 27 4 511 760
24 37 8 5 403 498
0 47 14 7 239 347
90 99 26 3 283 432
70 83 17 5 515 596
39 21 26 1 588 765
81 51 19 5 275 521
73 27 27 7 532 621
98 31 24 2 244 453
85 5 18 3 591 747
97 18 10 3 463 670
94 66 11 7 559 629
42 19 16 6 269 433
85 64 26 3 276 411
92 68 8 3 398 605
4 15 21 3 209 412
76 19 14 3 337 633
97 13 10 3 652 791
11 35 9 2 443 668
31 20 29 7 522 631
67 18 24 1 512 758
97 45 28 4 621 748
40 18 10 3 292 564
38 13 14 1 369 464
16 60 25 1 335 456
73 23 10 3 303 488
81 36 25 2 541 776
30 0 23 3 430 491
43 76 21 3 200 272
27 74 20 3 459 650
53 87 14 5 242 464
37 26 20 5 374 662
11 4 11 7 220 367
62 54 7 3 307 571
64 28 9 1 257 543
46 69 20 5 570 648
70 12 12 6 453 549
88 7 25 3 617 759
58 7 21 1 373 477
84 17 25 2 560 686
34 59 10 2 367 542
22 51 17 2 598 680
11 98 13 3 414 639
66 73 28 6 507 787
91 33 9 2 695 780
79 90 17 3 354 632
11 11 17 3 229 519
99 6 24 1 270 439
56 24 26 4 540 765
93 33 7 3 441 517
50 91 14 6 445 633
27 60 19 3 418 639
89 44 11 4 417 557
2 16 5 7 447 698
37 58 10 4 503 721
18 24 23 6 272 541
43 10 24 5 491 633
17 8 24 4 202 366
55 26 18 7 250 348
99 1 25 1 293 508
23 12 6 2 302 372
59 91 16 3 455 749
24 48 9 3 206 287
44 90 26 6 296 364
60 24 24 7 307 497
66 95 20 5 469 747
100 23 8 2 557 660
45 47 28 1 615 800
62 70 14 3 321 614
60 2 7 7 401 518
65 26 30 4 543 733
98 45 26 2 459 673
23 11 13 6 519 632
17 52 26 1 455 582
80 53 6 2 350 605
73 74 17 6 671 741
17 47 23 2 288 378
28 95 11 4 475 749
91 45 17 3 464 622
82 26 21 4 554 686
97 54 11 4 301 582
53 6 6 2 329 584
96 15 19 7 434 593
20 66 30 6 235 481
57 67 6 6 456 621
22 21 12 3 249 388
96 47 29 7 262 487
37 56 8 3 356 645
75 9 22 1 586 724
62 97 16 7 439 642
63 5 24 5 391 621
26 61 21 1 528 753
35 84 28 6 230 380
57 13 6 4 360 529
10 90 8 5 690 799
96 1 30 2 232 333
14 82 16 5 497 787
29 0 16 1 380 540
62 31 23 5 203 394
40 58 30 3 647 746
57 87 8 3 524 695
92 43 16 2 232 357
47 11 6 5 209 377
40 49 17 4 232 307
72 86 25 2 293 530
70 88 15 6 266 439
85 19 11 2 345 495
14 7 18 2 225 407
95 94 26 6 500 709
1 29 7 6 643 737
81 97 6 3 304 523
15 46 29 6 451 682
9 75 20 3 365 531
64 37 5 7 512 782
42 64 10 3 215 440
66 1 8 1 422 557
35 27 23 2 577 783
2 43 12 6 592 696
18 55 27 5 428 559
87 27 23 2 222 374
61 18 5 7 519 663
8 2 20 4 436 499
46 57 23 6 505 651
63 77 28 2 530 674
0 82 9 5 576 723
54 48 24 1 407 505
16 81 10 5 422 539
84 77 13 7 236 506
61 80 9 4 590 746
12 72 20 6 370 520
93 64 13 2 631 723
80 8 24 7 493 601
14 61 27 7 492 679
39 4 27 6 713 786
26 15 24 6 361 537
59 98 21 2 212 442
88 73 19 2 599 795
10 84 14 1 436 707
100 64 28 7 464 692
48 3 7 2 387 598
7 78 11 5 205 280
23 39 16 5 416 533
23 56 26 7 453 548
9 63 28 1 209 501
9 48 8 5 337 487
91 61 5 5 529 698
10 72 24 4 218 409
73 91 29 3 341 490
63 78 25 6 462 672
73 47 30 6 401 639
62 75 23 1 472 657
26 18 7 5 429 722
20 69 30 2 362 662
4 82 12 4 214 287
10 39 14 5 504 796
47 46 27 7 520 628
88 33 25 7 339 561
64 44 22 5 389 612
30 32 28 3 506 602
89 55 8 7 547 626
8 46 26 2 641 714
55 70 19 2 295 367
54 93 19 1 304 415
74 67 25 7 455 713
79 32 22 4 322 488
79 27 17 7 253 399
2 93 17 7 324 452
61 28 8 5 343 600
81 44 12 5 277 452
59 83 13 1 532 678
67 33 6 1 446 605
100 97 30 6 529 709
19 82 23 6 353 469
8 67 5 5 446 555
20 83 5 4 522 784
19 86 19 1 384 599
94 93 14 6 432 504
53 24 8 3 246 424
86 18 27 2 251 336
5 61 23 5 491 752
3 90 29 3 670 750
31 24 22 2 435 673
17 83 27 3 404 597
3 77 20 1 346 430
26 19 15 6 451 511
70 53 12 2 437 714
21 24 5 4 593 690
80 54 9 2 270 336
31 84 5 6 319 606
47 86 23 6 415 599
98 36 30 7 219 346
97 56 20 6 241 326
79 47 20 4 279 446
0 9 24 1 671 750
90 26 26 2 495 747
35 93 21 1 361 481
15 99 14 3 380 478
4 32 15 7 646 726
33 52 6 6 378 626
14 63 6 2 601 794
77 99 26 7 352 602
34 61 16 5 571 766
77 89 30 4 511 768
25 73 11 7 438 656
98 56 21 5 301 549
39 27 8 1 223 422
66 66 9 6 687 782
69 26 27 1 549 794
68 59 19 3 591 711
76 66 14 6 497 719
38 17 30 2 514 599
86 1 19 7 313 513
87 93 21 2 313 556
18 82 11 7 512 730
15 91 18 4 336 533
93 81 22 1 463 644
18 67 13 7 490 670
70 10 25 6 504 570
62 37 15 6 346 507
98 27 28 2 574 774
48 70 23 2 544 605
99 57 13 1 647 781
81 39 20 2 359 435
96 53 14 4 425 680
80 71 19 5 595 791
19 34 16 6 349 610
51 62 28 6 490 690
17 56 5 1 301 591
3 87 5 5 526 720
52 90 25 6 280 398
82 81 26 4 353 636
79 22 16 3 473 654
3 91 16 2 206 370
91 20 12 3 221 462
10 16 21 1 219 433
6 60 16 1 226 374
40 50 19 5 262 346
94 96 27 5 400 644
46 35 20 6 447 553
37 39 26 3 407 487
12 33 19 5 322 420
7 75 12 4 354 474
72 3 5 5 314 387
83 52 23 3 484 561
34 31 10 4 458 724
75 37 28 7 453 516
31 76 23 2 201 361
28 70 5 1 677 777
97 26 30 4 583 790
89 34 8 4 207 335
50 10 20 1 658 752
66 91 24 7 631 754
52 46 18 7 382 573
37 93 26 6 542 644
44 52 17 3 250 388
72 19 24 3 246 456
6 48 10 6 431 703
12 57 17 1 508 646
82 7 26 6 251 419
40 35 22 3 506 652
3 31 19 6 234 440
2 72 18 3 557 629
61 23 13 3 278 559
59 15 28 2 500 603
36 64 20 5 280 349
42 46 26 3 535 725
83 5 6 1 320 606
99 54 30 1 289 411
48 43 20 3 472 634
80 12 17 4 484 555
19 14 5 5 451 636
59 67 7 2 274 482
10 46 11 1 640 702
44 24 8 3 629 716
71 47 14 5 540 626
56 58 16 2 269 566
67 20 5 4 368 479
37 38 25 6 560 679
99 68 30 4 462 655
38 52 23 7 628 702
100 61 8 7 220 491
96 9 8 4 452 540
29 32 26 4 356 429
37 81 29 4 263 433
5 98 26 6 508 588
19 38 21 6 626 780
50 90 9 6 506 572
64 75 11 6 207 445
65 60 12 7 261 539
45 94 21 4 202 403
94 88 19 6 240 329
4 84 27 1 403 637
29 7 23 2 376 512
9 23 9 2 721 781
16 34 27 3 651 794
7 42 20 2 635 720
78 100 17 4 528 600
15 62 11 7 504 730
17 29 13 3 617 764
32 3 9 2 336 457
59 44 13 4 306 447
88 49 14 1 292 390
11 31 29 7 233 420
97 34 26 6 249 391
42 76 22 1 277 576
1 38 18 1 402 621
89 73 12 3 667 775
25 25 22 7 446 564
57 14 22 4 234 389
83 56 28 2 351 616
26 47 21 1 682 762
97 61 26 7 442 522
56 38 7 5 504 698
28 4 13 2 363 461
59 42 20 3 547 617
65 37 5 2 362 490
10 24 6 6 504 611
23 30 5 4 359 445
27 78 19 3 510 760
88 57 15 2 549 666
70 4 27 6 602 688
7 37 18 7 328 558
50 19 22 7 543 664
27 71 17 1 444 562
84 81 25 5 542 637
86 8 18 4 467 717
22 75 12 4 530 679
8 69 6 4 397 574
76 39 9 3 295 434
91 35 19 2 642 705
74 81 11 2 567 778
96 73 10 5 493 762
50 98 9 6 541 725
47 8 18 6 525 683
22 43 29 2 416 494
50 60 30 5 512 737
36 69 24 3 265 516
68 73 27 1 456 750
81 43 17 5 454 707
26 64 23 5 249 453
41 29 8 5 505 655
90 83 17 7 214 408
18 75 14 1 329 492
66 15 30 7 537 631
75 74 26 3 213 454
33 26 24 2 542 708
3 55 8 2 652 784
64 10 11 2 632 780
47 99 22 3 433 493
0 96 29 5 259 525
22 55 21 5 422 531
89 27 16 4 297 585
52 28 16 1 644 742
83 32 8 7 218 293
10 92 10 2 441 638
18 18 16 4 345 442
65 47 24 3 306 418
4 65 14 2 335 536
14 2 24 1 440 552
89 92 8 3 225 435
86 36 25 5 215 500
71 26 10 1 465 696
37 45 27 7 425 675
29 81 10 3 229 464
15 94 5 6 347 507
3 68 22 6 397 566
2 33 29 6 375 472
40 83 29 2 259 452
76 86 12 4 415 510
69 3 23 4 461 593
67 7 29 3 421 489
59 57 21 7 250 397
34 21 20 3 501 645
49 36 25 6 297 567
33 76 16 1 372 527
32 46 25 4 318 477
81 89 19 4 310 376
71 83 15 2 364 635
66 33 25 4 532 759
34 50 9 2 551 693
12 8 10 4 274 504
43 73 8 2 300 421
51 53 5 2 496 566
69 49 17 4 308 588
75 84 28 3 362 633
48 53 8 3 260 376
32 90 6 2 367 564
78 20 19 2 581 681
67 75 7 7 427 611
74 30 25 7 458 676
54 2 11 1 234 379
24 83 24 2 247 490
32 18 5 2 483 686
83 78 9 4 413 560
88 76 6 3 324 544
