1235
19 42 0 0 0 0
85 99 17 1 344 541
0 97 14 2 314 430
41 74 6 2 630 746
14 54 5 5 377 601
27 83 8 2 528 713
18 79 11 5 560 644
32 28 25 6 228 297
69 72 26 4 311 470
21 57 21 5 593 792
20 43 22 2 544 762
51 30 23 5 295 530
4 23 27 6 247 458
87 38 20 5 537 696
59 83 17 5 509 778
1 96 10 1 200 406
92 80 18 2 377 513
90 39 13 5 322 438
42 82 30 3 358 470
49 35 25 7 500 676
23 50 8 4 486 646
53 40 6 5 359 548
76 33 5 6 372 543
10 20 27 5 488 742
74 19 14 3 344 429
71 78 24 3 294 583
60 85 10 4 400 468
0 48 14 1 562 792
8 69 17 6 524 639
15 24 12 4 203 328
23 62 21 7 386 461
47 21 19 1 513 636
71 33 15 6 249 376
37 80 11 3 223 326
23 32 12 3 462 647
97 1 5 2 456 664
50 74 7 2 242 432
22 6 12 2 592 776
83 59 11 5 439 541
100 12 29 1 493 629
72 52 15 6 200 321
6 22 8 2 489 601
89 11 23 4 485 685
12 21 18 6 225 413
83 18 12 1 402 557
77 0 10 6 310 477
46 40 17 7 552 665
46 6 30 5 546 635
45 81 14 1 382 509
1 32 17 1 392 570
87 56 16 5 294 576
1 33 6 5 587 724
20 39 8 7 235 457
83 34 27 3 253 374
58 86 13 4 401 554
30 43 7 2 388 623
33 72 12 2 307 464
35 72 22 5 395 659
80 33 27 3 399 535
79 98 29 7 311 497
41 4 21 6 430 692
54 84 8 5 243 464
37 22 27 7 495 794
87 21 7 5 461 585
78 12 10 3 348 532
98 47 12 2 494 783
45 15 13 4 493 657
68 57 16 7 697 774
97 90 25 7 428 677
51 69 5 3 273 347
96 90 16 7 422 616
41 65 12 1 477 733
37 11 27 1 592 672
80 72 21 4 363 555
96 27 17 3 323 536
87 89 22 2 411 628
44 11 23 3 271 405
36 13 16 5 521 642
46 50 17 7 475 617
57 79 10 5 460 548
40 20 29 4 249 438
15 71 20 7 277 345
2 41 5 2 634 755
43 39 23 4 563 731
9 75 7 4 433 542
69 94 11 7 410 659
82 21 30 1 364 532
11 3 11 6 356 551
35 29 13 3 292 508
43 90 7 2 497 697
31 12 17 6 514 701
41 38 5 2 507 597
17 82 13 2 482 754
85 87 21 7 581 771
24 10 8 5 465 537
43 31 11 1 201 407
12 58 29 1 277 566
74 79 23 2 312 476
43 50 8 3 370 455
49 8 9 5 230 469
19 89 19 1 422 506
30 99 11 5 503 687
40 47 21 1 550 711
30 42 20 5 360 494
10 59 14 3 291 387
1 89 21 2 457 574
48 55 17 7 551 720
74 27 29 7 558 621
4 66 29 6 281 523
32 70 18 4 343 408
85 77 6 4 568 788
29 20 25 4 640 779
16 91 15 1 446 521
28 37 10 7 428 703
74 95 20 3 233 523
34 79 25 7 214 477
53 63 24 7 222 307
39 25 27 2 316 509
81 37 11 2 536 720
69 23 7 1 334 395
41 100 22 7 556 786
59 53 22 4 513 744
85 7 7 7 591 713
87 88 22 2 247 490
19 43 30 2 341 640
60 56 11 1 250 510
53 48 13 7 583 677
12 96 15 1 647 714
30 84 13 5 291 528
90 17 13 5 208 308
99 12 26 1 245 453
20 82 16 7 365 439
25 87 24 2 205 273
94 59 21 4 273 334
39 64 22 4 295 455
100 88 5 4 302 453
82 81 18 7 492 584
42 87 8 1 544 620
2 52 27 5 249 322
47 55 16 2 293 490
74 44 13 2 408 556
52 41 30 5 262 336
5 83 13 7 263 470
69 59 29 7 571 770
34 31 14 1 648 751
92 71 19 3 427 689
10 4 21 2 364 552
94 78 15 5 509 660
98 59 13 6 331 526
4 63 27 4 317 465
47 25 17 7 262 465
12 82 12 3 275 501
93 36 18 3 248 482
68 49 6 3 389 596
82 0 23 4 202 280
53 75 14 5 344 479
64 12 10 1 480 638
89 90 13 1 399 461
92 69 22 1 240 459
35 22 18 2 261 398
100 76 15 1 411 678
27 22 7 2 282 390
83 61 29 4 402 534
99 40 13 2 436 597
43 58 13 3 468 657
6 8 19 1 578 737
19 55 16 6 304 383
24 13 10 2 445 729
75 68 15 4 403 562
0 25 10 5 263 373
69 17 23 6 523 659
36 66 6 1 576 657
40 35 5 5 480 555
37 5 17 1 630 800
90 100 12 3 531 748
31 21 20 1 254 535
23 81 29 3 308 490
36 55 24 3 458 718
10 95 25 3 420 505
77 52 12 6 476 703
23 29 8 3 597 799
81 54 15 1 394 670
63 13 16 7 203 398
31 13 29 7 535 682
67 28 9 7 379 538
1 100 18 3 435 499
76 100 20 6 329 620
94 53 14 6 334 519
89 78 26 7 630 744
16 94 9 1 551 772
2 33 27 5 481 700
51 89 19 6 628 737
9 98 7 5 229 290
96 58 24 1 501 762
100 37 24 3 423 570
92 68 7 2 505 580
28 23 9 1 322 596
44 22 26 1 509 594
79 87 23 2 251 510
15 87 11 1 690 774
37 45 25 4 440 716
88 89 13 1 278 517
87 16 22 1 603 791
91 82 23 7 364 577
56 80 20 1 539 674
50 0 10 5 254 547
53 80 11 1 520 606
53 69 29 3 302 434
34 8 8 3 394 627
48 12 15 5 432 635
34 87 7 4 518 737
25 18 24 2 255 334
60 33 17 7 268 458
39 35 13 2 374 588
16 87 23 1 570 659
9 7 6 7 372 443
86 13 19 1 625 756
2 17 6 3 267 393
32 3 12 2 407 591
49 89 30 5 293 448
96 70 10 5 325 574
67 24 20 1 279 459
71 18 13 7 447 719
25 55 25 1 712 798
48 94 30 4 245 537
34 91 27 7 697 771
16 53 9 7 714 774
89 15 26 1 324 496
86 0 6 4 434 646
87 63 13 5 511 727
51 34 18 6 360 512
91 3 12 1 525 611
64 47 24 1 583 726
59 88 22 5 335 442
77 47 7 5 408 550
53 66 28 6 534 701
20 71 5 4 253 542
7 41 14 1 340 599
95 13 22 7 524 757
80 85 27 6 359 473
81 62 11 3 270 338
64 56 15 5 419 591
15 36 27 3 533 612
49 9 21 7 379 619
45 91 18 4 530 595
63 94 18 5 379 590
96 34 26 3 454 611
91 75 14 4 289 488
50 2 24 2 651 753
82 68 5 3 337 425
53 35 25 4 230 336
52 99 21 3 282 390
66 15 15 6 292 538
38 17 6 6 657 763
88 60 7 1 372 591
85 90 23 1 396 571
68 61 16 5 630 717
89 69 11 1 264 414
13 8 5 6 518 693
36 71 15 6 312 440
56 79 18 3 407 515
7 79 14 6 445 532
28 70 6 4 413 513
48 86 18 3 302 506
15 60 22 5 216 440
29 63 29 4 248 468
8 50 13 4 252 381
37 91 20 6 557 666
7 97 29 3 618 723
35 63 28 4 590 652
94 64 19 3 224 414
84 90 28 1 460 571
14 32 26 1 439 508
67 86 16 6 438 507
50 84 28 6 392 561
10 63 11 1 343 629
15 66 29 2 560 632
10 93 16 6 684 787
44 21 20 1 252 339
37 36 30 2 282 475
23 38 13 6 313 492
72 39 24 7 436 544
67 2 30 1 225 359
76 85 9 4 297 587
14 29 22 4 464 606
88 83 6 6 419 480
91 97 28 4 423 577
49 40 20 6 333 621
9 34 8 6 605 702
22 19 14 6 434 686
18 70 20 7 504 648
53 39 9 4 635 722
52 71 23 1 537 770
90 56 30 6 233 477
54 30 8 5 593 699
52 6 5 6 327 577
56 76 8 4 374 621
48 19 13 2 516 597
29 96 27 3 468 681
100 22 19 4 336 418
98 61 28 5 256 339
60 23 11 2 520 688
98 13 25 5 626 751
14 41 25 4 543 788
81 68 17 4 391 650
52 96 26 1 295 421
76 6 5 5 417 525
61 38 11 4 281 546
52 82 14 7 601 730
8 16 10 2 206 432
24 86 22 1 337 467
20 8 28 5 476 673
41 7 14 6 281 440
12 92 13 7 458 522
8 42 24 4 222 499
52 83 5 2 394 552
13 91 16 1 395 500
28 87 7 4 498 743
51 19 10 2 509 781
39 95 27 6 545 713
98 20 25 5 367 650
70 42 9 3 207 493
63 9 22 1 661 760
42 70 28 7 221 407
41 44 14 5 414 537
61 31 15 1 452 654
39 4 9 3 575 767
55 80 13 7 539 772
77 65 28 2 512 792
58 37 16 1 436 524
22 64 20 1 353 454
56 30 5 6 434 569
29 90 10 2 254 437
84 64 9 4 534 627
69 53 28 1 517 764
86 9 18 6 477 774
77 53 11 1 590 788
20 73 27 6 625 696
97 98 19 7 532 704
11 34 15 7 282 442
57 69 12 7 303 553
3 16 12 3 378 463
25 51 21 2 238 311
85 65 10 4 486 546
7 68 10 5 630 779
31 16 14 3 482 542
88 31 27 2 703 786
61 1 23 7 524 595
94 21 16 5 236 309
8 88 18 6 407 615
66 84 6 7 344 406
54 54 13 2 261 371
92 12 30 3 336 529
82 11 6 7 322 525
89 2 20 3 561 766
51 11 5 3 650 741
9 100 9 4 415 656
89 68 13 6 516 620
76 30 19 7 295 496
10 94 22 4 400 575
67 83 11 7 589 724
76 48 30 1 618 757
78 9 20 5 200 441
96 75 28 4 447 594
94 0 18 2 514 770
57 11 10 2 326 538
72 74 17 5 482 757
40 37 24 3 297 359
61 12 21 4 399 597
32 100 9 5 456 708
52 59 12 4 509 749
85 15 18 1 624 712
77 5 22 4 255 483
69 26 17 3 469 610
66 37 30 1 363 520
24 32 27 1 525 751
22 36 16 5 551 717
56 37 8 4 202 387
27 79 27 5 470 650
74 49 17 1 555 669
59 24 28 7 234 427
94 68 29 6 715 789
14 6 25 5 263 324
13 0 30 6 438 546
34 68 18 7 378 591
22 81 28 1 527 790
98 34 29 5 310 418
33 99 23 4 330 400
98 80 17 3 415 616
92 32 26 3 386 651
18 54 29 4 340 569
19 83 8 2 345 408
38 7 15 4 419 644
38 82 24 6 653 734
2 63 15 1 575 771
97 5 17 2 588 698
19 31 27 2 229 519
36 75 18 7 528 613
66 1 20 6 374 506
46 42 27 6 577 715
49 60 11 6 427 583
79 64 10 5 434 496
39 59 28 5 428 675
8 25 26 1 592 698
83 5 27 1 270 567
74 46 20 1 652 782
83 39 6 6 467 738
19 0 25 4 429 528
78 50 15 3 412 603
95 42 20 2 609 674
5 45 15 4 504 747
10 24 7 5 266 455
30 68 21 6 419 637
86 75 25 5 425 588
52 92 17 5 596 749
2 34 5 4 449 591
51 2 16 6 439 536
28 35 22 5 370 630
52 79 23 4 429 715
98 58 16 2 672 785
26 32 11 4 358 633
44 33 29 7 528 660
20 11 22 6 297 410
61 26 18 4 370 487
78 32 11 6 596 742
1 20 25 4 491 647
92 100 11 7 572 736
79 92 11 6 527 624
59 23 7 3 455 662
82 30 22 7 383 542
46 91 30 5 373 582
22 95 19 4 275 427
63 16 20 7 469 742
14 87 10 5 478 629
44 3 17 2 577 660
100 74 6 3 490 703
90 80 15 5 500 661
73 60 15 2 490 781
57 72 30 7 546 723
26 3 22 1 314 535
29 32 22 2 454 529
21 77 23 5 322 426
17 53 14 4 483 588
82 10 27 3 496 774
16 11 6 6 336 563
76 9 21 7 211 392
58 46 5 5 621 773
84 45 27 1 501 586
32 17 10 4 543 713
89 65 6 4 496 626
64 83 16 3 404 628
29 66 27 6 528 773
51 55 22 3 282 547
83 87 18 1 281 555
83 84 14 6 242 348
18 46 12 5 267 412
48 28 18 4 538 772
72 45 29 3 339 565
95 80 15 5 516 648
80 46 12 1 372 588
5 29 28 3 286 525
93 33 19 4 541 773
30 11 10 4 454 533
93 95 11 7 467 568
92 15 23 4 261 526
18 17 26 1 434 617
20 29 19 2 207 404
87 100 28 1 466 725
39 85 24 7 247 402
24 70 18 4 561 643
45 44 30 7 564 720
84 16 9 7 293 355
87 13 6 6 458 638
57 59 15 7 710 787
35 69 23 6 414 543
23 21 13 2 454 676
67 22 29 7 202 444
61 58 26 3 591 713
15 31 26 4 351 447
13 1 15 6 382 620
32 7 8 1 311 422
52 21 18 6 586 654
75 31 21 7 555 737
31 27 6 2 477 603
17 16 11 6 593 697
6 16 29 1 441 732
33 91 14 1 560 743
90 38 10 2 405 583
84 41 18 6 271 534
15 81 28 2 241 431
92 59 18 4 508 576
82 34 29 2 236 460
23 52 30 4 272 561
21 95 10 6 209 269
19 18 7 4 346 591
94 90 8 3 239 325
48 40 26 3 494 648
87 19 13 3 469 614
65 6 25 2 364 547
73 30 19 7 567 707
86 30 15 1 396 629
45 92 20 6 624 740
44 86 11 5 280 548
80 73 20 5 299 385
98 79 12 4 500 773
48 56 19 7 288 540
33 22 8 6 595 750
71 52 8 4 450 730
58 76 6 5 361 631
25 90 18 6 559 639
15 49 15 2 391 509
16 44 19 4 227 391
80 86 21 7 579 645
70 13 23 5 572 752
7 51 10 3 607 732
31 37 29 4 587 769
3 38 15 3 497 785
46 99 28 2 413 690
98 7 23 2 341 617
74 15 9 6 533 680
82 17 26 2 416 566
44 78 14 4 351 621
91 93 25 3 638 787
65 78 28 2 265 490
23 94 28 4 469 756
39 53 14 7 454 587
35 45 18 7 285 556
96 31 7 4 654 744
64 38 18 6 291 538
20 51 12 1 383 490
18 18 22 2 550 721
20 81 27 1 538 649
69 68 26 3 306 520
94 16 5 7 561 779
62 20 11 5 382 626
7 24 23 3 676 763
22 28 7 5 540 765
83 74 16 1 384 614
24 90 17 5 446 515
1 59 14 3 478 616
89 35 9 6 420 486
3 32 13 1 597 782
5 98 17 5 475 547
63 14 23 6 491 568
71 69 30 5 215 438
50 68 10 4 452 722
3 84 22 3 567 649
52 78 29 4 436 652
71 28 18 2 385 609
90 15 15 5 238 507
77 29 29 5 252 354
93 58 6 6 564 686
0 34 20 1 347 477
12 9 17 6 387 449
53 99 15 6 563 721
73 14 8 2 666 736
93 1 17 5 253 491
53 60 16 6 687 748
9 13 29 4 258 332
84 82 21 7 287 523
3 83 25 4 284 399
20 45 28 5 286 419
65 77 7 2 383 637
31 64 17 1 508 624
70 32 24 5 297 518
24 95 22 3 247 328
5 5 13 7 210 410
91 42 16 5 707 768
0 55 14 3 659 759
80 70 13 5 291 399
4 47 10 3 496 670
63 85 10 1 351 443
36 80 8 3 486 704
67 73 29 6 251 374
94 86 19 2 457 570
3 66 17 6 670 789
72 84 28 4 631 769
94 60 28 2 408 578
7 30 29 2 301 582
18 43 24 6 267 495
38 40 15 2 674 748
38 6 21 5 206 500
53 70 15 1 609 785
82 8 21 4 552 676
13 7 23 5 581 698
26 40 9 4 246 446
65 55 13 3 463 597
99 11 24 6 335 511
72 61 21 1 451 639
12 61 12 7 618 724
45 93 27 7 328 514
30 37 8 1 255 345
5 23 19 1 213 291
80 69 5 6 473 667
59 61 7 1 378 645
13 92 23 5 279 368
92 43 25 3 294 393
28 63 5 5 561 758
44 67 15 1 520 649
58 89 18 2 236 494
34 97 8 7 274 369
88 86 22 4 446 673
43 17 17 5 549 655
49 16 19 2 479 659
54 31 30 3 316 480
85 28 19 5 642 747
2 56 23 2 626 773
77 80 21 6 560 643
2 5 12 7 510 692
49 26 29 7 274 574
19 12 10 6 271 509
45 31 16 1 271 352
81 80 10 6 247 544
99 98 30 7 591 772
14 17 20 6 373 642
73 38 27 5 700 762
31 14 10 3 373 525
9 31 26 6 341 509
15 21 19 7 638 705
76 21 14 4 519 689
95 87 7 1 588 761
56 96 21 6 361 527
63 26 26 3 328 564
23 55 17 1 599 676
79 62 24 1 215 327
8 34 25 5 301 402
58 0 11 7 302 508
4 19 25 2 399 498
71 81 26 1 288 563
2 14 17 1 455 740
89 42 24 4 651 794
40 80 22 3 338 421
2 40 18 5 334 401
51 8 20 5 519 751
24 83 22 2 448 572
45 67 6 7 228 470
40 48 13 2 200 289
2 3 23 5 466 693
79 78 20 5 570 631
42 50 29 5 542 741
17 64 6 7 259 330
29 4 18 6 492 700
39 36 9 1 250 517
18 49 14 4 275 493
70 97 15 2 233 325
48 89 26 6 355 526
29 12 6 6 552 729
64 65 25 3 514 696
77 73 24 2 410 641
81 56 9 7 228 464
19 10 13 4 218 455
71 49 26 4 570 786
36 1 27 1 244 521
3 56 23 2 355 516
37 42 15 5 615 680
65 35 22 5 456 564
42 60 6 3 357 506
11 73 5 7 266 528
21 55 16 6 399 511
48 0 21 2 497 738
22 0 15 4 348 587
86 42 27 2 717 795
80 25 28 4 368 652
94 47 10 4 363 595
72 22 7 5 265 401
98 68 9 3 204 433
35 64 14 4 216 394
28 36 8 7 394 555
90 72 22 4 362 547
15 47 15 3 275 575
74 73 22 7 219 460
19 4 21 6 522 685
16 88 14 7 578 774
59 39 22 3 302 533
80 67 24 3 426 593
73 37 20 1 655 783
25 97 12 2 406 698
92 58 21 5 257 413
52 69 29 4 496 628
34 54 16 7 246 364
42 29 9 2 472 680
90 42 30 3 260 530
85 68 8 7 272 350
93 68 6 3 713 774
71 63 20 5 508 709
50 53 27 7 399 632
94 91 25 3 374 653
19 82 24 6 579 787
37 69 16 2 589 712
0 86 22 2 397 598
25 68 21 6 364 474
47 61 8 2 654 780
6 81 29 3 426 508
41 98 17 4 293 359
26 6 26 4 324 444
93 87 16 5 210 283
8 45 13 4 477 610
68 58 8 3 202 501
29 59 20 1 590 661
60 59 8 3 456 674
40 4 6 6 320 515
2 55 29 2 638 738
68 26 19 1 280 394
98 81 23 4 489 703
98 54 25 4 206 306
85 57 12 2 351 470
33 84 27 6 726 795
26 39 10 2 576 747
3 86 5 3 333 619
96 19 17 5 332 512
10 2 8 3 369 490
95 3 28 5 241 487
97 7 20 4 485 682
62 36 21 4 388 614
75 43 17 6 201 411
42 43 23 6 278 463
5 16 26 2 604 701
35 27 21 4 438 717
34 43 20 2 416 612
94 43 17 6 391 603
24 59 11 2 267 514
35 8 12 4 429 583
39 3 30 6 238 415
65 72 21 7 573 708
6 53 16 6 571 683
13 9 20 5 245 369
1 26 24 7 496 641
71 96 17 5 614 798
20 60 29 3 327 523
83 62 26 7 379 457
54 24 20 4 232 361
54 21 7 4 451 532
12 16 27 7 303 591
41 50 21 5 597 669
89 85 24 6 207 316
38 27 30 7 290 565
9 23 27 6 598 685
27 65 23 7 632 723
45 62 15 3 349 478
19 11 10 5 498 777
49 13 30 3 220 407
81 36 9 1 656 784
35 98 18 3 538 793
56 86 29 1 523 774
0 18 27 6 300 438
18 90 9 1 296 534
23 92 25 2 398 466
27 88 30 2 639 792
8 86 30 2 555 759
58 60 20 3 625 717
81 95 29 6 650 746
82 84 10 3 464 622
36 10 26 4 542 743
10 69 23 2 339 468
96 81 27 3 264 534
40 66 22 6 255 385
86 21 7 6 276 571
93 61 25 4 233 482
76 68 16 7 376 475
74 22 11 1 528 750
64 96 9 3 431 546
2 78 20 5 240 403
28 95 28 7 287 540
36 67 6 7 218 433
91 17 27 5 596 699
17 55 6 1 541 784
96 89 13 4 475 685
50 8 6 2 450 609
18 92 10 2 443 735
42 11 16 3 253 477
22 33 13 7 362 599
97 36 8 1 314 472
75 11 17 4 275 555
99 45 5 1 587 799
42 57 5 6 202 329
59 14 12 2 251 328
88 45 5 3 572 664
36 26 29 7 541 738
83 76 17 5 459 627
41 92 14 2 517 732
8 10 6 3 228 347
40 73 13 6 547 675
72 71 6 1 479 640
19 36 16 6 376 673
50 29 29 1 273 510
24 99 22 7 561 670
1 38 16 3 317 418
46 85 8 2 468 644
82 52 8 2 461 561
32 49 12 6 303 410
39 43 27 2 218 352
64 18 6 5 247 312
94 57 16 1 280 530
22 82 14 6 364 567
71 32 8 3 600 694
91 91 16 2 598 702
66 11 15 1 489 712
20 68 22 4 481 728
62 8 15 2 310 557
40 56 13 1 351 411
18 51 6 1 474 636
26 26 19 5 352 646
47 20 7 4 405 685
25 17 16 5 295 418
79 6 7 5 619 744
86 89 12 4 370 470
75 30 20 2 208 331
56 2 26 5 291 362
63 53 10 4 433 705
63 2 21 1 221 362
75 70 26 4 408 600
45 14 30 5 315 508
37 17 9 1 484 552
8 6 8 6 419 662
79 94 17 5 304 580
22 29 14 5 260 481
37 83 27 2 334 551
88 40 17 1 466 569
15 70 23 5 388 618
48 11 6 2 604 781
18 50 21 3 365 483
76 36 25 2 500 770
47 52 6 1 344 475
35 68 5 2 512 781
56 51 5 7 353 559
67 0 27 1 578 762
97 69 10 4 438 680
11 87 27 2 382 549
14 12 9 6 293 420
7 55 9 1 434 672
30 35 22 1 477 656
70 23 21 4 695 788
26 7 28 1 249 364
40 54 11 1 443 647
76 62 9 3 421 679
43 44 25 7 389 568
9 17 8 7 201 311
20 66 28 3 387 687
100 52 16 7 582 725
13 42 24 1 259 450
7 32 7 7 581 795
38 48 18 6 627 694
82 93 22 3 229 355
16 46 5 1 545 701
45 17 23 3 430 585
66 16 25 2 253 427
85 51 17 6 591 723
75 78 5 2 211 425
75 44 18 3 382 494
92 45 30 5 561 721
97 44 29 7 241 484
93 32 5 4 341 527
71 60 26 7 380 628
97 81 18 2 231 464
43 63 23 7 446 650
27 59 10 3 406 503
13 43 9 2 417 636
81 50 6 4 477 753
13 40 5 3 410 617
32 97 24 7 313 441
1 2 11 3 536 701
90 99 28 7 369 579
28 25 22 7 291 386
54 28 10 3 235 390
54 96 24 5 542 702
89 46 21 5 311 391
65 52 11 1 491 781
70 50 23 2 674 754
10 53 23 3 312 399
40 3 11 5 576 645
67 49 11 2 220 361
63 3 10 1 215 275
96 63 21 7 218 328
6 64 25 1 306 414
5 22 10 5 312 610
37 0 8 3 277 556
3 75 22 3 211 327
12 14 15 2 205 494
85 35 24 6 290 429
13 66 20 6 340 509
62 62 15 7 580 698
83 70 15 1 248 469
66 19 16 5 525 788
26 94 10 2 434 559
49 11 22 5 541 693
87 65 30 3 556 627
6 19 17 4 621 766
91 74 14 7 432 518
0 57 14 4 223 346
94 83 6 2 335 441
35 94 29 7 262 394
55 9 20 6 359 585
71 12 15 2 717 793
60 27 28 4 385 576
15 64 29 5 545 649
57 2 28 6 314 509
67 34 9 3 521 586
93 9 22 6 622 780
17 93 24 4 224 519
33 65 12 3 400 629
26 83 23 4 514 623
51 13 11 2 404 569
51 76 10 6 574 786
11 93 14 1 402 683
97 2 28 3 392 489
28 20 19 3 453 690
50 76 13 5 436 720
97 95 27 5 201 338
34 19 22 6 482 619
86 74 10 7 626 787
78 68 26 6 407 618
50 23 9 2 262 486
18 56 18 6 484 744
73 28 6 6 310 472
18 10 13 6 599 711
67 42 11 5 370 486
17 80 16 5 290 530
15 84 10 7 355 449
36 3 16 3 471 737
4 59 28 5 438 541
36 62 5 5 374 466
78 88 10 6 261 421
30 56 20 2 317 485
63 75 6 1 414 627
73 99 9 5 330 426
65 3 10 6 200 434
78 52 24 6 339 538
97 47 21 4 206 355
12 57 5 5 257 326
29 79 28 7 202 363
83 12 26 3 275 415
10 66 25 2 669 787
29 2 30 1 405 650
86 32 20 2 384 447
89 54 20 3 383 520
78 22 20 5 670 788
75 56 8 1 447 662
71 8 27 1 629 798
73 49 10 6 469 576
26 84 26 6 315 490
61 50 23 3 443 631
59 68 5 6 395 664
97 76 6 2 258 464
49 10 26 5 485 651
81 49 28 5 207 458
1 55 28 2 422 552
28 38 10 3 498 771
45 53 5 1 208 315
83 66 10 7 364 437
53 15 15 4 395 660
34 53 6 1 535 757
58 26 29 3 449 525
72 0 7 3 289 367
44 62 23 3 413 567
22 99 14 4 269 362
79 4 17 7 480 567
65 48 22 1 209 327
33 73 9 4 495 756
79 97 14 7 390 595
76 91 12 1 362 597
48 80 16 6 704 771
98 60 5 1 374 638
40 39 20 6 245 311
8 21 23 7 345 488
69 47 28 1 230 375
77 26 25 3 693 786
25 99 28 2 326 480
72 58 24 5 620 706
36 56 6 3 377 506
9 2 13 4 249 315
83 23 29 7 503 756
16 96 11 6 661 789
54 66 5 5 469 539
96 61 27 6 458 630
14 53 7 3 550 752
41 49 17 3 449 682
25 56 13 3 278 438
66 6 21 3 511 639
36 63 22 4 324 444
41 17 24 5 252 335
65 2 28 7 540 749
81 79 11 3 586 653
95 40 22 2 619 682
57 29 29 5 627 798
95 94 30 7 308 409
80 61 29 6 334 453
9 82 23 5 475 756
5 94 8 4 391 546
58 17 15 7 439 549
28 62 12 1 204 323
48 70 19 5 475 666
81 1 6 4 494 600
0 36 18 2 585 799
59 60 8 6 239 508
93 25 15 5 471 554
1 65 25 4 212 422
30 46 15 5 272 496
51 32 22 4 333 557
52 56 15 1 248 314
87 15 13 3 524 649
37 100 15 7 512 688
78 62 9 1 300 569
92 85 29 2 417 612
99 6 14 6 394 557
38 55 30 1 476 645
46 57 25 2 538 774
59 7 27 2 305 502
33 4 16 1 464 596
17 23 24 3 301 528
99 56 25 5 467 725
61 55 30 2 200 390
79 77 30 2 374 460
4 17 19 1 599 758
67 25 24 5 463 736
14 13 14 4 500 736
29 13 15 7 374 628
14 62 19 6 202 310
58 14 30 6 420 643
35 7 17 6 220 345
46 76 22 6 231 464
19 17 18 5 351 458
50 58 17 4 598 730
34 90 14 1 498 674
13 10 20 6 289 586
89 62 6 7 436 735
90 75 17 2 257 419
7 91 7 1 522 686
81 6 7 1 519 794
37 79 24 4 552 672
25 41 21 3 328 473
72 40 23 6 490 760
29 30 6 2 278 558
64 90 16 6 658 753
34 82 25 4 262 422
80 78 22 6 658 718
62 23 8 4 512 577
32 55 28 4 664 744
90 31 12 7 352 615
76 41 26 5 291 509
18 52 14 2 402 696
62 77 27 4 334 469
48 58 5 5 234 444
5 93 15 3 260 484
84 72 11 7 661 754
72 53 11 2 387 663
2 89 15 6 556 688
49 97 8 7 380 465
61 23 6 6 482 668
21 63 15 6 266 476
79 43 16 2 459 649
94 85 22 2 470 569
90 4 8 7 204 461
59 95 7 3 273 398
100 29 19 4 537 733
39 96 23 2 264 469
36 91 24 6 272 383
38 75 8 6 560 673
52 0 21 5 614 771
67 13 27 5 265 432
72 91 23 3 209 376
27 45 14 5 462 663
80 52 11 5 451 588
68 70 16 6 623 684
47 88 26 1 204 329
69 49 7 6 284 536
7 73 8 5 276 368
10 92 9 6 298 564
89 58 24 6 506 681
34 76 13 6 208 338
94 31 20 5 332 618
40 86 23 4 659 785
46 66 8 4 231 531
21 37 16 5 598 710
82 19 5 5 504 703
39 74 23 5 368 476
24 73 28 5 245 506
95 5 6 4 256 387
43 16 19 4 284 518
86 77 23 7 340 601
45 16 23 1 530 751
92 17 21 3 494 735
66 71 16 2 495 725
30 36 13 5 277 343
52 16 28 7 397 522
56 77 19 5 285 539
35 85 22 5 319 589
84 92 16 4 399 552
42 19 21 7 400 601
92 65 25 3 509 676
31 67 11 3 276 576
63 30 25 5 585 752
92 99 21 1 376 500
40 15 8 6 503 765
83 42 27 2 345 640
28 1 9 1 397 552
2 54 15 2 424 674
80 43 30 3 378 499
55 43 15 1 573 748
65 8 25 6 232 415
70 64 22 5 339 615
21 13 12 7 527 756
38 100 13 5 205 288
19 13 19 1 251 326
79 54 13 6 436 707
76 27 5 7 650 763
88 98 28 6 621 761
60 10 18 1 343 456
30 28 15 6 395 659
14 4 30 1 525 792
87 20 15 5 496 601
55 72 8 4 467 641
11 15 12 3 358 555
87 58 14 2 253 340
82 33 10 3 418 717
42 59 16 2 549 793
38 86 27 3 288 474
21 30 10 1 370 583
92 72 24 7 464 638
14 9 25 2 473 752
94 34 9 2 567 771
28 80 6 7 479 740
74 97 12 6 485 749
2 31 13 7 427 692
97 19 28 6 322 453
43 51 23 5 258 364
99 22 25 5 445 626
69 90 23 1 297 538
65 34 15 2 413 695
5 24 12 3 502 599
64 66 19 1 592 756
71 83 12 2 218 388
98 2 28 5 593 779
25 3 21 6 349 632
10 97 29 3 257 418
61 14 5 6 328 558
100 6 18 5 455 705
100 63 19 3 237 307
33 60 12 4 321 424
51 58 13 3 204 351
47 89 10 6 455 628
71 23 10 6 307 390
100 66 24 4 414 638
78 31 23 4 543 691
8 30 24 2 381 465
6 52 26 3 235 415
44 28 23 7 446 577
51 60 6 3 448 515
18 22 24 2 345 619
8 15 9 7 386 587
90 87 26 2 293 461
28 22 14 6 494 782
89 24 15 4 202 300
84 13 15 6 458 521
34 77 13 6 321 453
8 65 14 4 368 598
71 16 12 6 276 349
37 81 15 3 580 721
96 50 9 2 374 555
92 42 25 4 534 681
50 66 23 4 604 727
56 84 13 4 486 559
77 19 16 5 378 515
61 0 12 3 548 799
51 35 6 1 380 448
94 12 22 2 533 669
33 66 13 5 572 772
66 67 25 1 455 738
23 89 8 2 562 622
54 99 6 2 292 470
4 75 23 4 410 605
0 53 27 2 428 571
28 86 16 3 235 500
36 50 19 1 201 308
92 73 11 5 255 414
63 27 27 6 274 431
40 92 12 5 360 566
69 40 7 5 569 793
59 6 22 1 408 655
60 64 30 6 606 725
11 26 9 3 435 724
94 8 17 1 645 722
42 21 28 5 623 742
73 65 9 5 403 545
11 45 26 6 211 362
74 45 7 3 249 514
78 55 12 1 272 357
0 46 11 4 446 746
84 95 13 4 347 523
44 99 25 5 618 772
86 12 26 6 399 586
85 37 22 6 402 499
98 95 18 6 294 528
51 98 18 6 369 637
86 68 30 4 507 729
19 5 12 6 323 532
68 9 13 4 360 637
16 70 7 2 277 558
30 69 24 4 551 649
27 28 16 3 551 690
59 85 28 3 539 780
86 14 24 6 419 671
100 93 7 1 565 660
75 97 29 1 602 746
31 76 14 6 224 497
86 81 18 6 255 550
59 37 18 4 343 572
7 1 6 4 429 706
89 39 18 6 355 449
99 79 14 6 254 373
45 59 29 4 563 763
72 3 19 2 248 431
45 13 16 5 623 751
65 56 17 5 258 345
84 6 22 5 559 768
69 42 21 1 249 450
6 0 22 6 343 611
21 99 23 1 561 753
74 83 12 5 301 384
79 16 15 2 693 761
38 64 18 7 205 359
19 1 15 6 407 548
39 54 18 6 641 731
90 1 18 4 312 554
15 88 21 3 320 568
14 38 29 7 202 431
32 8 7 4 471 651
62 0 23 7 327 462
50 67 16 3 349 635
22 78 27 4 262 406
18 66 12 3 523 770
35 83 16 2 254 395
71 92 27 3 422 714
15 34 24 2 592 706
13 100 13 7 518 765
16 7 26 7 416 644
