1270
57 23 0 0 0 0
99 77 29 4 287 500
64 1 24 4 541 730
75 62 15 3 227 317
8 24 15 3 410 536
53 64 5 5 204 284
12 30 15 6 434 616
88 1 15 4 231 332
51 57 9 3 438 633
30 59 22 1 555 692
26 22 26 5 495 697
80 74 21 2 300 543
66 78 30 7 589 762
99 58 28 6 268 554
86 98 22 7 251 383
5 3 6 3 471 548
80 70 21 5 219 498
17 43 29 4 481 582
94 54 28 7 379 661
97 10 6 1 273 357
49 49 17 4 384 584
7 5 27 6 344 441
24 100 26 5 293 414
69 8 11 7 224 407
86 74 7 5 486 686
37 98 21 6 208 440
30 25 20 4 402 566
42 66 7 3 577 694
58 90 13 2 342 426
6 67 28 4 582 642
16 69 19 7 497 666
37 41 28 2 612 799
70 56 6 7 300 457
97 19 20 5 553 674
13 51 9 1 289 455
19 37 22 3 283 384
71 5 5 7 326 524
9 56 18 3 464 590
17 85 21 2 261 548
90 71 19 2 505 576
20 35 20 1 209 304
13 2 14 7 479 646
54 67 5 1 585 658
59 99 20 3 583 718
65 0 13 1 498 727
8 14 17 2 202 384
49 31 25 6 526 709
59 17 9 1 354 520
40 44 18 7 221 491
44 17 12 6 234 333
39 34 5 1 354 650
35 7 13 2 329 500
99 99 27 1 206 338
36 64 15 2 260 511
34 41 28 2 513 648
85 49 26 2 234 330
8 6 25 6 275 498
3 79 24 1 241 459
58 11 20 6 277 409
100 11 27 5 460 692
52 29 6 7 366 625
53 2 28 1 339 569
21 85 5 5 620 730
51 63 26 3 596 778
91 28 16 6 392 601
13 34 24 4 623 798
99 17 8 7 423 571
37 81 27 2 649 717
73 53 11 7 443 612
28 9 24 5 238 337
23 64 14 5 233 507
71 36 16 1 380 554
42 26 17 5 295 533
53 56 5 7 236 481
26 99 28 5 316 401
43 66 23 1 591 762
84 31 26 7 260 517
48 68 28 3 392 666
52 84 10 3 274 423
67 7 26 7 236 524
97 97 13 1 205 336
38 1 26 4 223 316
8 46 19 5 320 407
9 94 25 7 202 300
54 75 16 1 461 602
7 0 16 1 261 549
40 28 9 3 261 551
91 48 29 7 264 328
81 18 30 7 387 604
3 28 13 2 243 513
34 42 11 1 245 392
76 27 8 1 280 446
68 2 6 6 417 550
8 95 10 7 239 342
46 24 20 1 216 432
57 19 30 1 522 765
32 90 11 3 386 477
35 52 26 4 606 689
67 24 23 7 458 625
68 87 13 3 285 510
12 65 8 2 433 600
74 35 23 1 533 796
52 63 28 6 290 429
38 99 12 2 538 669
88 67 6 1 448 534
76 74 25 6 366 427
82 24 7 4 311 482
41 70 19 4 642 773
67 87 21 2 292 592
98 99 21 4 463 566
82 67 15 3 274 401
34 49 7 2 244 316
89 41 22 2 559 624
26 46 10 5 538 605
94 86 10 1 234 435
100 3 30 6 300 501
93 62 26 1 490 653
10 64 19 6 258 549
83 5 26 7 340 490
7 38 12 7 342 523
34 69 21 4 379 631
79 21 30 6 283 485
40 6 23 2 654 735
100 79 16 7 672 756
62 75 26 5 246 448
58 91 25 5 597 756
18 11 23 6 456 644
24 92 27 1 216 407
57 50 22 7 357 519
42 32 29 7 252 425
38 67 26 5 240 320
38 0 28 6 631 759
74 63 7 7 331 572
16 79 11 1 251 469
95 62 15 5 337 450
81 41 14 5 374 554
63 9 12 2 379 471
49 8 16 4 336 399
86 36 13 6 266 502
21 14 29 2 274 347
67 85 24 2 485 684
72 18 6 6 305 478
62 51 9 3 278 406
70 85 29 6 276 526
49 23 23 2 567 753
59 28 22 2 483 677
11 53 15 1 479 745
69 74 17 1 316 428
77 31 12 1 293 525
92 64 8 3 425 564
97 84 12 2 502 788
96 0 15 4 260 332
98 85 6 7 248 364
31 0 26 4 269 424
84 36 22 2 444 532
95 18 26 5 395 633
47 45 23 7 435 681
1 26 30 1 291 419
17 25 24 4 274 461
81 80 15 6 466 544
59 88 11 1 287 397
54 16 6 3 546 614
98 21 7 6 265 453
72 0 24 7 243 387
80 44 16 2 344 422
94 28 21 3 203 421
40 80 18 2 347 427
64 78 23 1 431 564
7 34 9 1 628 745
90 90 26 7 659 765
38 21 9 1 275 397
25 24 20 2 409 626
72 21 21 1 415 521
62 34 21 4 224 465
83 6 15 3 632 762
52 21 28 4 223 494
1 29 10 5 212 484
56 62 15 2 525 593
1 43 15 6 438 657
81 15 21 1 468 571
3 81 7 5 424 567
2 89 21 2 476 611
38 79 22 7 708 779
17 64 27 6 487 785
44 56 11 3 487 612
13 93 25 2 256 374
26 9 11 4 577 640
89 53 22 5 498 646
87 1 17 4 294 583
7 96 19 7 458 738
83 68 9 4 288 380
95 70 14 4 652 760
2 35 13 1 381 588
64 30 11 2 452 527
1 87 17 6 485 780
98 54 20 2 308 392
21 54 10 1 331 474
60 81 15 7 459 597
89 31 27 5 317 545
26 69 9 6 441 741
68 4 28 1 308 600
58 59 17 7 391 497
87 12 12 3 233 398
30 57 25 5 211 490
8 52 23 2 360 483
20 13 7 1 477 559
16 50 13 7 354 463
84 99 14 5 362 616
55 91 12 3 589 762
58 84 5 6 434 732
71 98 19 2 255 368
70 31 22 3 468 628
96 21 15 2 405 465
79 3 9 6 497 775
53 70 27 5 357 560
94 76 14 1 602 769
75 14 5 2 364 539
31 33 7 4 282 569
87 79 13 2 524 797
67 66 7 7 502 727
14 63 13 2 545 708
34 98 24 6 541 711
96 48 14 3 494 670
79 93 23 6 418 499
52 87 28 5 268 439
25 100 14 4 453 607
68 3 12 6 375 542
2 97 22 7 350 596
53 47 30 7 517 680
58 46 7 4 284 380
13 46 10 4 251 471
64 40 15 3 366 476
14 58 12 6 555 630
72 93 7 4 378 492
15 65 6 2 322 620
81 46 29 1 208 364
58 38 7 1 291 441
76 53 18 6 279 402
62 0 7 4 695 766
38 62 24 6 533 780
53 6 29 6 311 374
96 23 18 5 384 562
90 39 27 2 480 550
94 63 24 2 514 780
32 56 8 7 209 367
81 59 21 6 321 429
15 37 21 4 451 540
84 62 22 7 227 314
48 63 16 6 394 554
44 37 11 6 511 603
85 3 21 6 712 798
46 61 15 3 659 729
45 4 29 6 460 712
43 46 10 1 679 743
88 64 6 6 472 578
70 16 9 4 297 571
40 94 28 3 349 548
43 37 29 7 497 768
18 87 29 5 419 658
50 7 19 3 411 582
28 14 25 5 273 398
27 6 9 6 221 322
23 27 30 3 210 278
59 82 24 5 400 469
99 2 30 6 524 703
75 93 8 3 431 615
80 89 6 3 298 413
59 6 12 4 498 708
9 86 21 7 299 428
22 78 20 3 466 573
57 29 21 1 324 551
79 29 27 6 294 555
29 95 23 6 363 539
92 44 24 2 573 747
94 46 27 2 530 628
0 53 23 3 594 695
81 63 17 4 453 567
7 17 10 2 362 511
18 34 27 3 474 641
67 52 12 3 223 448
77 90 18 5 324 615
35 5 24 2 536 629
23 79 10 5 352 625
31 39 18 4 437 711
33 4 7 7 256 414
73 37 18 5 521 711
16 62 5 7 264 442
73 14 12 3 492 588
78 63 10 1 217 462
29 62 10 3 275 510
88 5 21 6 365 508
83 71 20 7 522 786
6 63 12 4 211 354
60 78 13 1 269 365
50 72 13 1 381 570
81 71 27 7 455 597
90 19 10 6 349 538
92 46 11 2 556 658
33 90 28 4 461 670
16 8 16 1 591 725
56 60 6 3 233 503
2 79 9 6 591 760
35 43 30 1 356 630
59 50 23 7 450 628
83 87 30 3 237 429
88 36 16 6 283 438
55 32 17 2 536 633
91 10 7 2 397 623
36 90 25 1 448 551
7 75 5 4 540 764
10 54 16 3 201 398
41 74 13 3 620 681
88 68 29 5 239 416
46 82 24 4 329 606
99 49 6 4 393 608
33 72 24 5 496 737
73 96 12 1 348 628
1 62 26 3 498 749
47 91 12 3 301 575
31 71 10 5 439 539
2 2 5 2 478 753
34 24 18 7 346 436
59 60 12 7 227 298
90 46 5 2 336 549
69 14 20 7 469 716
21 10 13 3 554 757
77 89 19 7 528 660
8 66 25 6 291 528
53 46 7 1 218 290
57 1 26 1 429 623
75 5 8 4 473 743
5 45 18 1 351 581
76 13 19 3 525 792
82 81 6 7 632 775
25 87 6 3 613 690
78 17 22 6 394 509
76 51 14 2 479 702
99 73 20 5 395 490
3 31 26 4 323 438
95 81 29 5 359 633
82 44 9 1 465 608
87 89 24 6 220 402
67 36 14 1 250 457
92 1 13 3 205 428
61 23 17 3 478 710
22 34 26 2 392 476
15 49 11 3 311 569
33 33 6 3 425 603
74 85 17 5 302 562
64 88 16 7 378 464
52 47 8 4 392 547
74 7 24 7 584 776
67 25 8 2 229 392
57 93 30 4 311 415
42 77 8 7 214 274
93 12 16 1 350 488
70 70 6 3 328 626
89 23 25 2 428 684
4 70 12 2 366 653
14 89 19 4 654 794
51 3 17 2 321 472
26 65 17 7 542 800
23 25 30 4 330 416
44 69 9 2 501 722
15 76 5 4 530 782
53 28 30 3 301 537
99 72 12 7 339 591
19 68 30 3 342 471
56 24 7 4 477 608
15 16 11 4 561 773
27 60 16 2 452 664
23 24 22 2 697 778
91 74 17 5 376 635
39 100 16 7 644 712
74 48 19 5 607 773
29 38 9 7 680 757
25 41 17 3 223 523
32 83 7 4 514 583
30 63 26 7 409 618
100 49 8 2 418 567
33 20 5 7 285 396
70 17 22 2 278 360
69 89 22 7 217 433
33 23 5 7 237 311
36 11 14 1 454 537
35 59 9 3 317 417
23 34 25 1 550 617
15 62 30 5 533 719
19 47 12 7 447 568
4 88 22 6 262 524
91 33 29 4 256 460
37 78 14 7 228 424
97 59 11 6 309 547
30 51 22 1 259 485
12 91 26 6 501 573
94 100 7 5 666 753
38 35 28 4 269 490
38 76 7 7 519 659
57 92 16 6 271 487
56 29 29 2 543 625
97 92 19 5 291 494
89 50 23 3 682 786
66 84 13 5 556 755
98 46 15 1 547 711
93 89 15 6 582 700
36 74 16 2 411 484
29 45 18 2 512 780
55 5 18 2 259 496
74 84 18 2 276 337
64 92 12 5 580 782
87 90 29 2 414 494
38 54 16 3 404 484
27 9 21 2 507 760
41 21 23 7 659 726
22 39 19 7 503 689
34 33 7 7 235 382
83 82 7 3 340 401
69 75 30 2 290 511
58 14 6 1 411 600
4 8 17 3 404 666
84 39 24 4 500 566
37 36 13 2 516 772
88 18 29 4 460 656
78 85 23 5 444 569
63 60 20 4 294 434
61 46 25 2 449 722
31 6 13 3 459 548
52 76 9 3 264 406
29 27 12 6 420 574
36 80 6 5 252 524
8 98 30 6 463 561
82 56 30 1 520 581
76 68 18 5 239 398
2 75 16 1 258 319
27 31 28 3 529 744
46 22 30 1 385 580
21 90 25 1 200 416
79 43 15 7 366 610
85 50 9 4 340 516
86 85 30 7 487 682
28 67 6 3 554 715
49 95 23 6 449 713
47 15 27 2 361 500
74 57 6 1 368 657
17 58 13 6 454 532
86 88 22 2 562 649
29 39 23 2 411 592
83 35 25 4 506 738
11 88 21 5 574 669
9 59 28 4 216 295
55 12 28 1 672 748
50 23 9 6 404 526
13 20 18 2 248 416
10 39 7 1 226 309
53 52 23 1 221 449
22 80 23 2 291 474
21 32 8 1 405 589
90 41 21 7 394 510
39 71 12 2 291 537
8 41 19 1 596 695
57 22 15 2 523 751
62 5 12 7 430 649
51 95 27 3 341 465
61 66 22 4 228 366
49 36 13 5 211 463
63 48 5 1 526 739
39 43 21 1 401 678
87 91 7 1 545 773
52 72 8 1 408 543
48 29 30 4 468 554
100 21 18 4 405 506
82 50 17 2 303 521
68 40 20 6 570 785
52 19 28 1 280 470
60 83 24 2 510 608
90 21 7 4 524 634
29 93 5 1 207 416
24 39 10 2 221 390
63 13 8 2 368 656
33 1 8 1 487 690
8 97 11 2 485 676
70 9 12 6 251 526
83 80 15 6 383 522
5 83 13 5 400 542
51 99 25 5 657 783
34 88 23 6 375 596
36 2 16 7 424 682
25 82 19 4 379 649
19 17 23 5 398 540
40 60 28 2 251 509
56 84 20 7 506 721
100 84 10 2 358 503
10 2 23 2 232 320
38 92 20 1 409 622
96 93 21 3 514 711
83 95 24 4 415 692
76 88 15 4 219 411
37 21 24 4 428 661
17 70 27 2 324 595
85 62 9 4 540 666
9 77 8 7 386 572
24 30 11 7 381 601
97 83 8 2 212 447
94 89 24 5 263 534
20 81 26 5 485 721
82 10 7 2 223 397
14 79 17 6 436 671
33 83 15 4 494 787
73 59 5 6 273 572
78 31 6 7 364 663
5 35 21 4 491 701
24 11 14 6 530 647
33 94 15 3 479 597
78 52 13 2 225 446
88 51 22 1 326 534
65 18 11 6 661 777
45 22 5 2 356 506
52 56 12 7 253 432
64 6 13 3 402 580
37 29 13 6 365 527
7 74 20 4 468 665
17 88 19 7 246 527
30 10 18 7 541 650
74 98 20 2 331 511
38 46 24 5 465 730
33 28 20 1 482 739
13 64 13 1 684 750
98 98 30 6 441 595
78 57 23 4 480 718
88 46 21 3 526 774
40 8 20 5 482 560
87 84 28 3 322 587
69 53 6 5 387 472
41 0 18 7 367 468
43 61 15 1 454 636
78 12 19 3 247 402
61 29 19 2 458 758
83 92 11 4 262 549
64 2 26 3 518 796
27 93 24 7 345 554
41 92 5 7 248 329
94 70 16 6 217 417
77 92 13 3 414 703
26 59 9 6 218 374
95 60 30 5 516 682
71 95 6 5 225 378
15 98 20 3 426 555
40 78 29 1 484 569
12 51 29 2 622 732
35 66 15 3 343 503
49 85 11 2 546 609
44 30 22 2 540 742
82 30 19 7 461 536
87 52 13 4 215 422
54 81 22 2 239 411
6 13 28 2 496 583
56 69 25 7 377 674
69 49 27 7 285 517
43 72 10 4 218 346
10 74 24 2 321 513
78 97 25 2 315 379
80 76 27 4 443 619
98 23 22 3 344 498
26 5 11 1 346 498
24 96 12 3 510 574
79 25 9 1 559 650
3 3 6 3 585 727
18 29 28 3 462 628
7 1 30 1 419 677
20 63 13 5 568 656
18 4 6 1 497 644
71 9 7 6 639 799
87 76 30 4 485 694
14 7 26 5 458 678
10 62 27 2 457 544
97 78 30 1 547 667
68 34 5 6 305 472
93 32 8 7 201 368
66 1 28 6 267 362
55 56 22 3 589 761
39 68 12 6 613 781
38 18 13 3 293 532
55 50 12 6 383 489
94 97 30 1 344 482
1 34 21 7 505 603
83 74 23 7 411 671
73 57 7 6 598 747
100 73 14 7 613 760
19 15 8 1 316 552
92 84 22 1 200 385
74 34 22 6 252 469
89 0 10 4 314 406
84 92 26 5 590 697
0 84 24 6 593 708
24 78 26 6 200 456
23 21 17 7 650 735
100 94 8 4 486 644
16 6 7 7 441 608
34 52 14 6 272 349
2 83 15 3 411 638
90 80 25 3 258 389
84 93 6 1 265 361
75 96 10 4 592 716
20 51 19 7 442 621
90 8 17 7 336 548
78 32 16 3 455 647
7 83 7 3 661 782
27 48 26 5 553 682
28 16 6 4 206 441
52 54 30 5 534 740
12 20 13 1 463 556
86 51 20 7 390 514
64 99 14 2 637 698
60 69 25 3 521 647
8 51 20 4 330 546
44 65 11 4 518 602
95 10 21 7 351 571
66 16 25 2 374 628
13 29 9 3 448 554
67 28 7 5 432 533
94 81 9 3 232 469
73 3 21 2 202 480
71 58 17 2 294 568
42 19 14 2 338 472
98 66 24 3 421 701
86 87 20 5 219 358
73 16 5 3 459 629
100 77 20 3 214 318
14 19 30 5 352 512
55 66 27 1 208 336
77 6 6 2 543 770
84 45 10 5 516 704
16 51 26 2 323 456
30 100 9 6 678 783
12 34 22 6 377 562
45 78 20 7 487 784
42 39 15 7 690 777
63 90 16 3 424 567
100 55 21 2 440 689
11 81 29 1 214 478
86 69 21 2 441 516
94 93 30 4 597 700
53 54 24 6 273 449
51 47 18 1 408 656
93 0 27 4 220 423
46 13 9 1 321 484
39 74 9 3 458 563
69 3 5 6 541 744
74 97 11 5 372 473
48 54 30 6 476 701
57 62 28 1 502 751
0 14 30 3 459 721
27 75 20 1 580 741
21 36 11 7 387 667
72 30 15 2 647 778
31 83 8 1 219 395
10 57 30 1 326 490
66 41 29 5 450 667
57 43 13 3 373 445
44 90 29 7 203 490
59 72 13 7 683 765
1 6 6 4 609 733
68 92 17 2 360 632
94 57 9 2 459 647
33 69 17 6 541 798
33 35 21 3 327 444
59 29 22 2 238 440
79 52 23 1 361 484
94 2 15 3 600 672
94 88 10 1 620 777
10 38 24 3 310 438
20 69 21 1 452 565
33 47 15 6 418 490
76 95 16 2 491 768
72 89 7 4 229 352
67 34 20 7 205 484
51 20 10 7 490 685
19 36 25 5 448 614
62 56 24 5 417 570
47 67 15 6 318 535
53 35 6 1 454 621
9 83 14 5 257 505
23 36 6 1 257 330
2 91 9 1 271 519
15 54 8 6 404 505
85 76 13 2 686 791
10 59 18 7 327 611
21 45 7 7 322 536
66 29 27 4 557 667
63 68 19 6 585 778
52 34 7 1 296 553
93 1 25 4 527 619
66 76 17 7 282 400
78 56 8 1 421 553
16 34 10 1 254 432
10 84 13 2 672 782
73 74 25 6 257 385
32 11 24 4 429 728
92 30 6 3 416 613
86 29 28 4 242 490
16 45 9 1 465 741
38 83 22 4 256 319
59 100 10 3 534 694
37 7 25 7 531 697
38 68 23 4 262 520
100 29 30 7 294 370
31 93 28 5 539 643
29 86 9 3 672 752
38 34 17 5 269 463
100 41 13 7 585 787
51 24 13 1 536 776
21 47 17 4 353 563
59 79 10 4 219 466
20 42 26 6 359 476
45 12 27 5 360 564
20 40 25 6 513 769
54 41 30 1 603 690
86 83 18 2 492 582
74 26 5 5 380 635
40 59 11 3 610 719
93 23 10 2 429 640
40 92 18 4 243 468
42 25 24 4 311 419
37 4 19 2 435 542
19 55 27 5 333 609
25 49 28 6 241 477
1 50 18 3 660 756
72 19 7 6 429 645
43 30 16 7 427 588
24 56 22 7 422 552
57 67 18 3 421 591
65 44 11 5 284 384
90 89 28 4 421 622
7 98 15 3 423 640
32 66 22 7 283 470
26 34 9 5 268 394
83 94 14 4 423 529
64 4 22 6 432 623
83 18 13 3 279 395
35 40 23 2 542 694
77 80 13 1 372 475
81 92 26 3 275 485
82 99 28 6 461 738
76 83 26 7 269 456
16 29 13 6 234 390
89 66 25 2 423 516
87 3 17 6 386 682
8 56 21 1 565 694
21 28 8 6 621 750
21 60 17 3 331 628
97 91 9 7 440 604
61 10 6 6 351 617
8 60 23 5 386 481
91 4 11 3 343 483
80 26 27 3 294 507
60 24 14 4 313 475
35 29 22 3 624 710
51 38 9 2 261 483
45 86 6 2 322 507
26 14 20 2 672 744
11 83 8 4 470 597
44 93 23 2 492 573
22 10 17 7 575 744
29 70 8 5 469 740
41 31 12 6 379 468
80 80 25 6 594 707
81 66 5 4 451 610
99 64 15 7 261 554
70 63 6 4 329 618
26 49 9 6 294 504
96 40 20 6 356 558
100 10 29 6 251 367
63 30 23 5 348 459
29 76 21 3 443 713
49 28 27 3 323 607
63 29 29 1 434 525
14 27 30 5 391 687
83 29 23 2 430 722
72 26 13 2 272 497
59 90 29 5 205 422
76 22 14 6 224 384
70 52 13 4 506 775
33 54 9 1 505 752
96 38 11 3 337 554
11 54 13 5 233 339
14 53 18 3 424 527
39 36 9 4 264 529
78 93 24 1 302 582
78 16 13 3 534 799
7 92 27 6 370 548
22 73 21 1 354 418
31 24 5 2 599 767
0 29 14 5 634 784
33 14 25 7 697 781
55 95 23 6 343 403
46 26 12 5 220 386
0 73 23 6 220 380
11 92 8 2 329 488
50 42 11 6 622 781
77 22 10 2 357 447
62 21 14 7 311 586
34 45 18 2 480 724
50 49 17 5 386 643
69 100 7 6 485 560
14 60 24 2 663 724
45 60 20 2 284 414
6 37 10 7 474 581
51 23 12 2 612 772
40 52 24 5 382 459
89 8 9 5 446 735
56 74 27 5 215 308
50 12 17 1 453 749
69 1 19 2 342 497
26 39 7 2 589 701
46 68 30 7 235 494
43 74 10 5 414 671
52 1 7 7 225 488
10 19 7 4 609 797
72 94 12 4 371 490
43 85 30 3 450 591
43 33 29 6 359 459
100 48 22 4 338 423
38 7 16 2 371 555
35 56 28 4 383 510
97 71 26 3 431 688
95 0 30 2 305 571
51 29 25 7 314 578
67 40 5 2 381 464
39 86 21 5 313 526
9 53 16 3 673 774
77 1 16 7 471 606
97 58 7 2 246 528
26 3 27 6 340 602
6 87 17 7 442 735
4 68 23 1 543 704
47 92 9 3 305 506
0 89 27 1 417 691
2 63 15 2 489 566
82 51 17 4 324 597
92 59 7 7 347 551
94 83 26 5 649 754
75 57 7 7 329 450
7 56 19 1 499 740
95 69 10 5 425 532
60 40 6 4 293 522
1 71 18 6 490 579
49 57 29 1 410 481
72 32 20 4 452 578
5 65 7 6 488 687
87 94 30 6 393 550
86 59 14 5 522 700
89 74 24 7 265 343
4 35 19 3 616 727
68 71 18 5 538 671
61 79 27 5 595 663
30 41 14 5 216 491
72 23 18 3 377 583
61 15 28 2 350 557
60 95 30 2 244 349
33 15 25 3 496 770
67 55 28 5 209 349
54 68 14 6 615 722
20 30 29 2 251 525
56 99 25 2 424 544
36 36 18 2 594 784
90 87 20 2 292 442
13 61 19 4 250 325
64 71 27 5 624 734
57 4 25 7 608 763
72 78 17 3 419 494
89 82 21 5 505 599
96 27 8 7 486 675
78 1 15 4 295 542
64 64 15 7 205 409
36 10 7 4 402 473
49 2 10 1 448 561
84 94 25 5 713 797
57 86 11 2 229 305
25 62 21 3 516 580
48 41 16 6 563 642
52 82 11 2 481 732
27 82 5 4 600 799
49 15 23 6 387 499
38 87 23 6 434 671
11 87 30 4 371 650
12 56 15 3 483 558
8 68 27 3 648 776
43 7 11 7 309 557
64 13 10 7 573 758
26 0 15 3 391 636
26 38 19 3 510 788
17 34 26 4 549 688
26 47 12 4 250 432
32 57 11 7 429 674
75 75 22 1 509 573
67 96 22 1 221 330
63 93 21 1 291 359
55 3 23 4 219 450
25 10 23 3 458 535
66 60 14 6 598 733
45 44 16 2 723 788
18 86 18 6 230 352
40 9 23 2 694 789
68 76 29 3 290 418
28 12 19 6 244 420
92 76 15 1 510 578
13 88 24 2 499 667
66 13 15 6 550 751
65 10 26 2 625 778
3 59 27 5 358 519
65 8 28 4 571 793
50 17 18 1 381 482
32 98 16 4 263 390
76 67 23 3 206 278
53 85 10 6 567 751
77 88 23 7 332 413
9 100 23 4 567 634
88 34 17 2 553 714
71 87 13 5 210 419
56 54 10 2 476 568
80 58 16 4 224 491
63 11 21 4 311 514
22 82 25 6 402 467
74 39 30 3 305 595
52 17 14 5 695 784
99 71 22 4 288 356
12 11 18 7 569 774
31 74 9 5 448 538
16 93 13 4 418 653
82 68 9 2 475 668
45 10 20 5 271 469
94 31 13 4 401 579
74 6 10 3 352 509
41 56 30 1 301 371
83 20 18 3 212 400
26 54 28 1 245 500
88 89 5 3 515 676
71 52 29 6 287 382
80 96 21 2 348 588
2 66 17 1 442 733
26 17 5 3 270 570
9 30 11 6 332 617
18 26 14 5 490 779
47 88 20 5 475 771
37 52 24 7 536 664
73 82 23 5 243 348
3 36 11 1 231 460
40 24 12 5 206 327
67 20 14 7 369 533
96 89 19 7 282 443
81 24 15 7 622 753
90 4 26 1 726 789
70 20 21 3 369 605
29 7 28 2 523 740
65 92 21 6 522 745
2 94 13 6 226 472
31 58 17 2 445 703
66 0 19 6 308 512
12 40 23 2 209 490
95 85 20 4 493 758
16 39 5 3 432 508
10 58 15 3 433 670
55 72 8 4 617 732
40 43 17 2 316 586
52 6 7 7 552 616
44 71 20 5 304 489
75 86 29 1 443 606
66 66 16 3 538 655
11 98 13 6 696 797
37 5 5 6 323 560
15 24 23 2 443 636
38 32 18 3 231 372
40 1 25 1 499 796
13 22 20 6 437 727
99 10 23 1 517 755
76 31 5 6 474 682
68 22 22 1 340 445
52 49 21 4 258 337
9 63 5 6 501 764
15 18 29 2 554 669
55 24 30 2 203 377
0 57 15 6 215 515
24 69 15 3 339 435
32 85 21 6 575 772
61 53 13 6 250 314
22 70 22 4 205 493
51 90 7 5 245 357
100 7 8 7 621 739
76 60 18 5 640 750
70 30 29 5 216 378
63 23 24 6 246 462
23 51 7 4 656 777
94 94 7 4 444 557
56 30 9 2 408 606
29 16 23 5 379 486
40 90 27 6 450 642
17 46 28 5 246 433
6 66 20 5 258 489
75 61 14 6 304 365
29 75 8 4 539 713
51 41 13 1 575 792
23 93 19 5 561 645
87 24 12 4 448 712
30 21 10 5 216 283
44 19 28 2 430 547
73 64 8 2 498 779
89 25 17 1 511 586
9 88 5 3 346 532
85 90 12 3 204 475
62 29 5 6 300 580
78 46 17 1 469 647
32 76 20 1 521 693
40 19 15 1 582 753
71 85 6 3 239 369
81 50 11 7 522 635
0 74 27 2 246 487
69 64 15 1 341 506
34 21 27 5 527 788
60 18 15 3 277 483
35 47 13 6 719 779
79 56 7 5 214 466
54 7 6 3 488 620
37 64 15 6 559 667
49 72 10 3 528 752
1 15 7 2 617 694
46 64 9 3 558 793
80 69 7 3 211 284
76 15 30 5 645 794
1 66 6 1 606 666
16 4 10 4 657 751
20 24 28 1 321 578
41 26 9 4 240 468
73 7 24 7 289 431
63 51 12 5 589 677
58 43 24 7 431 548
38 58 16 7 660 793
28 22 21 6 365 457
44 10 29 2 328 612
96 8 5 5 613 766
41 97 30 2 459 639
14 55 21 1 321 574
32 32 8 6 486 604
8 69 11 2 561 736
93 25 21 7 267 417
7 78 8 4 424 495
41 88 25 2 280 410
78 4 28 5 486 605
12 17 13 3 440 725
24 53 26 7 271 506
19 39 20 6 483 572
51 54 6 7 540 639
82 26 29 5 382 603
8 59 15 4 318 600
69 68 8 6 397 520
100 54 23 6 247 310
99 90 8 1 204 317
30 44 11 5 416 699
13 42 12 1 232 372
98 2 26 4 592 731
5 49 20 7 322 565
95 52 5 6 368 638
6 33 17 3 439 593
33 81 14 3 222 375
14 81 13 6 363 489
49 34 23 5 356 508
3 27 13 5 446 516
86 33 23 5 659 739
6 88 25 1 367 457
13 36 12 3 203 482
12 45 14 5 372 582
3 91 29 1 688 794
78 10 10 4 511 784
57 48 26 3 350 450
94 22 25 5 237 496
4 37 22 7 391 543
87 78 7 4 414 630
44 85 24 5 404 487
2 0 30 3 549 799
28 45 21 3 513 624
12 83 23 7 252 345
47 78 25 4 304 505
93 26 11 1 331 498
59 58 30 5 450 532
81 31 27 6 260 375
17 23 10 5 213 302
76 29 23 3 441 554
89 7 12 6 514 719
46 41 25 1 348 524
31 30 11 4 524 621
64 5 28 2 436 686
43 64 15 5 463 584
3 29 19 1 358 604
21 99 19 1 438 529
11 49 24 7 471 592
74 54 22 1 460 615
82 12 6 5 364 593
16 76 27 7 356 439
67 27 20 6 556 797
50 24 22 4 621 793
88 49 18 4 471 680
88 0 10 4 257 495
73 25 27 5 427 546
18 3 7 5 486 667
68 52 6 7 569 751
56 20 20 5 264 553
60 13 20 4 478 770
95 75 27 6 223 378
36 71 19 3 446 644
99 5 29 6 608 711
1 56 6 7 429 504
44 98 12 5 701 798
87 60 14 2 440 715
60 16 9 7 624 713
68 33 8 5 232 473
59 96 6 1 395 490
13 84 8 1 266 357
78 9 22 1 460 582
37 75 5 4 411 483
2 61 28 7 243 321
12 24 18 2 540 734
40 81 28 1 396 462
74 5 27 4 476 571
25 70 12 7 480 558
90 67 10 4 252 313
0 34 29 6 557 652
63 74 6 2 436 699
55 97 6 5 444 665
91 21 17 4 441 552
80 71 8 4 342 610
21 52 16 2 252 341
40 30 16 4 239 450
46 27 12 1 301 499
85 7 21 1 293 394
34 48 25 7 498 607
26 74 6 3 208 411
85 59 8 2 591 737
6 82 20 7 568 723
15 60 20 3 277 496
29 79 22 5 580 761
13 30 17 1 561 666
1 82 29 1 386 513
52 98 14 2 439 656
40 33 11 5 405 497
11 43 28 7 358 535
58 77 30 4 232 438
42 49 12 7 498 680
27 15 7 3 520 726
71 1 26 6 486 624
52 95 11 4 513 678
39 51 23 4 290 546
68 13 20 4 330 506
65 74 25 7 287 357
80 24 18 7 478 772
91 17 29 6 200 380
6 79 11 4 547 732
41 17 13 3 580 719
15 72 11 6 276 560
59 93 15 4 345 535
50 94 27 1 234 313
52 90 25 6 606 690
45 15 20 7 210 360
50 71 19 1 207 391
33 0 30 7 588 732
55 88 23 6 679 768
16 10 23 7 447 536
43 100 16 3 497 559
91 68 19 5 426 565
29 5 23 3 234 421
38 49 24 2 206 294
50 20 11 6 613 718
82 98 26 4 467 592
95 89 10 3 575 643
34 3 6 4 544 661
91 39 23 1 323 571
36 18 13 4 210 400
39 4 24 1 442 539
48 76 27 7 520 592
45 45 10 3 365 487
1 74 17 2 238 356
72 46 13 1 468 534
90 54 28 5 510 792
11 90 16 7 245 404
41 68 24 6 388 511
31 8 29 6 399 698
80 84 5 1 480 634
8 10 30 2 432 600
75 76 5 4 531 776
95 21 28 1 377 528
90 7 19 5 280 440
53 1 28 4 470 648
77 40 22 1 203 480
96 56 26 3 469 748
4 12 9 2 332 483
69 87 10 7 477 761
56 92 29 7 366 512
47 5 8 6 308 393
48 4 30 1 521 753
46 67 22 1 700 788
50 39 29 1 398 555
64 87 24 5 428 580
45 34 26 7 504 653
3 43 17 2 418 521
71 42 16 6 215 327
33 56 23 4 428 532
68 93 12 6 275 368
29 12 21 5 380 514
58 21 30 2 205 463
32 91 8 4 538 598
3 90 29 2 407 664
40 73 5 4 402 533
92 80 6 3 363 439
4 96 10 4 517 585
23 43 6 6 356 458
26 13 27 6 406 662
47 35 13 3 278 481
89 73 20 7 367 648
65 57 23 3 234 476
92 10 28 6 351 428
17 62 22 1 629 712
8 47 16 4 539 737
99 95 12 1 624 699
54 8 12 7 347 443
92 67 28 2 429 637
33 10 7 1 614 727
36 98 28 6 627 757
86 68 16 7 601 669
58 26 19 6 214 401
11 2 13 3 330 467
21 41 30 5 597 701
14 90 7 6 399 486
13 24 9 1 404 581
50 45 7 7 259 323
94 33 9 3 535 685
52 37 14 5 267 459
58 61 14 5 455 608
45 71 9 1 563 753
29 24 22 4 435 721
49 40 5 5 211 287
86 62 12 2 301 482
31 5 21 7 438 667
36 12 25 4 277 413
67 21 14 1 380 662
29 50 26 6 291 439
84 29 24 7 564 785
56 40 28 5 475 711
9 22 22 3 390 516
9 7 21 3 261 385
36 81 22 7 251 311
40 53 16 2 498 641
90 61 7 6 289 419
17 75 14 7 218 497
17 50 20 2 201 280
48 52 9 3 548 764
46 45 23 2 534 746
4 33 27 3 416 529
93 20 26 4 531 658
59 21 5 2 351 478
36 30 24 4 414 597
43 67 8 3 299 448
79 27 29 4 398 516
96 60 28 4 387 616
18 89 21 2 317 531
22 28 6 4 323 599
49 92 29 2 454 691
27 45 29 2 356 574
4 49 14 3 212 472
28 100 30 5 571 780
100 66 20 1 647 753
82 92 11 5 542 743
15 25 10 4 527 638
