1721
46 25 0 0 0 0
80 66 9 4 467 725
35 93 26 2 465 692
89 81 26 2 476 536
2 91 24 6 723 784
53 95 21 4 208 294
67 18 16 3 310 574
98 21 8 1 400 614
24 86 28 5 490 726
34 39 6 2 347 544
46 98 13 1 534 633
52 24 19 4 607 749
67 37 13 6 304 472
70 1 12 5 213 392
6 49 28 4 380 666
8 72 20 6 419 534
9 57 18 5 483 543
71 47 26 2 228 426
68 23 12 3 703 772
90 54 17 5 277 523
79 81 11 7 223 427
41 4 16 3 345 515
97 18 7 6 237 536
31 54 17 5 256 463
5 19 5 3 567 642
6 41 9 6 309 511
0 50 10 3 262 428
77 92 11 6 534 693
98 13 10 1 453 714
92 14 22 4 368 464
49 64 15 3 707 777
52 43 26 5 473 571
38 10 30 1 541 611
88 33 15 2 328 551
89 50 12 5 561 737
2 28 24 6 586 793
49 10 20 5 565 749
94 1 21 1 204 456
52 44 26 1 370 656
31 86 5 5 205 339
8 97 19 4 548 779
13 40 18 7 223 424
96 74 6 6 541 664
84 3 25 5 460 642
10 87 24 6 569 690
7 36 15 1 466 663
18 78 24 1 511 780
9 75 12 2 402 571
53 89 8 2 443 550
18 41 18 6 495 723
88 31 12 4 513 724
76 36 14 2 368 629
75 58 16 7 207 496
72 60 5 4 459 650
70 3 22 5 417 664
60 54 16 6 220 323
46 20 18 4 510 664
78 77 23 5 461 757
12 65 15 4 366 466
13 85 7 2 245 498
54 81 25 2 245 377
22 38 19 4 259 558
0 79 18 5 332 415
51 58 10 6 425 619
34 71 30 6 236 303
5 61 28 6 500 614
97 48 23 4 531 733
23 50 27 2 310 403
60 89 24 1 539 680
30 80 18 6 381 588
31 18 25 1 319 388
69 19 20 5 226 525
77 30 8 2 622 692
8 43 24 4 307 461
82 22 10 5 722 786
57 42 21 4 297 597
21 73 10 1 208 507
38 33 28 7 218 431
83 6 6 6 527 734
29 40 17 6 556 668
50 62 23 7 254 498
85 15 28 5 641 708
44 69 13 5 307 424
30 23 5 7 210 476
66 95 10 4 626 753
51 15 20 2 284 348
21 70 20 5 477 705
99 98 29 5 472 700
9 76 27 7 621 697
9 55 17 7 459 530
67 4 6 7 366 463
16 88 6 6 242 493
35 65 26 6 497 720
84 77 22 1 488 619
46 61 7 5 301 590
79 34 16 7 336 456
40 54 11 4 449 526
9 36 6 1 202 345
55 35 22 3 666 731
24 39 13 1 466 641
81 86 10 7 384 530
69 51 30 4 404 628
23 90 8 4 505 739
16 76 8 6 427 507
81 35 27 4 490 569
4 93 13 7 230 297
26 33 23 6 434 529
30 16 29 4 296 461
36 43 21 1 590 677
74 54 29 5 364 615
34 81 22 6 654 745
66 40 18 2 568 704
70 87 28 7 290 535
48 10 16 4 426 710
11 71 30 1 355 603
28 58 11 5 516 718
62 100 12 7 388 499
45 28 8 1 402 616
80 3 6 2 551 620
42 18 6 5 421 662
100 43 16 1 254 451
59 51 13 7 285 547
77 47 22 6 438 667
73 90 5 7 367 522
22 5 21 1 503 588
17 8 15 4 562 781
43 35 24 5 440 602
98 22 21 1 455 751
12 46 13 5 470 671
67 41 16 1 663 735
56 96 18 5 340 449
13 79 25 7 394 585
8 36 12 7 555 639
71 4 5 5 372 492
27 86 19 5 389 533
69 11 27 7 513 698
1 52 5 3 496 567
54 73 26 6 291 498
16 31 20 2 471 738
57 94 17 6 537 616
57 73 29 4 345 576
50 47 25 1 683 760
12 37 20 5 526 638
65 23 20 6 497 780
12 83 5 3 564 663
3 87 11 5 371 584
43 55 27 5 260 453
80 52 24 6 412 492
71 74 24 4 427 509
85 17 24 4 267 405
63 43 24 4 474 709
95 18 23 1 222 327
69 87 29 5 358 484
37 52 19 1 681 770
37 91 9 7 409 599
53 26 14 6 463 532
12 68 17 5 574 783
57 4 23 3 579 769
45 61 7 1 409 700
17 0 18 6 311 482
74 91 26 4 248 324
95 53 14 4 472 709
42 30 14 7 465 722
78 40 11 2 458 661
99 95 13 6 582 692
63 78 29 2 427 499
73 100 11 4 544 760
9 77 23 1 309 414
96 46 13 2 343 448
18 42 27 1 349 522
60 41 23 1 423 545
34 73 27 3 337 429
25 35 30 1 356 544
93 91 5 5 470 627
91 11 29 5 552 766
59 67 9 5 334 500
4 20 19 1 418 520
6 1 20 6 240 507
28 19 18 2 506 593
55 26 23 1 329 434
33 3 25 4 247 521
68 2 14 2 536 670
63 99 26 4 383 501
13 21 25 2 689 758
88 58 7 4 514 647
23 31 26 4 548 738
63 38 30 4 510 687
19 30 9 3 343 405
67 29 26 7 456 716
63 86 18 3 388 562
39 91 26 2 476 698
81 68 8 3 505 706
87 61 29 7 276 386
52 3 5 7 313 599
14 63 8 2 479 650
40 43 20 5 534 694
4 84 13 6 712 790
49 47 10 1 212 294
100 39 23 5 306 522
8 22 8 7 360 601
16 57 19 6 627 776
57 53 5 2 339 600
86 98 25 7 515 579
62 33 23 4 646 762
48 71 24 7 501 587
50 13 12 1 235 422
78 58 28 5 381 619
5 65 7 4 635 792
3 97 5 6 352 412
39 76 23 3 341 482
43 43 11 7 303 468
48 100 17 2 413 521
24 50 27 5 211 433
25 44 25 4 262 401
97 77 10 4 234 432
79 91 9 1 258 386
82 43 9 6 506 609
63 58 7 2 701 786
43 72 25 5 478 632
88 11 26 7 501 794
62 82 13 4 338 569
22 19 29 4 495 561
77 12 8 2 609 791
58 6 5 1 719 781
53 98 14 6 256 350
51 25 20 4 360 506
49 7 23 6 590 779
86 52 21 3 246 476
43 8 17 4 317 377
93 40 30 6 369 499
43 53 7 5 453 521
47 94 21 4 476 711
80 61 29 4 382 656
12 63 6 6 207 474
49 76 28 3 643 767
26 47 21 2 498 590
45 25 6 1 298 401
96 96 16 5 477 744
26 86 18 6 595 770
93 16 30 6 495 785
67 45 11 4 500 776
6 28 27 6 265 493
2 48 25 1 261 392
28 48 20 1 650 795
40 16 23 3 513 591
82 13 29 3 333 435
25 46 10 5 498 714
64 24 12 7 623 729
81 38 18 4 420 670
68 79 24 5 493 631
10 51 30 3 377 529
58 13 10 6 341 445
100 16 27 6 204 389
60 33 27 6 301 424
68 90 12 2 412 646
61 11 14 5 389 549
55 24 13 6 279 520
80 88 28 5 353 590
97 83 20 4 562 658
62 46 19 1 555 698
25 51 27 3 340 589
26 76 29 6 634 774
50 5 26 2 624 737
10 4 21 6 212 445
7 80 13 7 579 749
30 64 12 6 560 664
87 72 25 2 520 759
96 51 7 6 687 785
15 13 11 2 422 521
46 12 18 5 583 765
18 95 6 7 612 679
38 16 30 1 497 578
69 34 7 7 575 729
15 56 19 2 543 671
81 21 23 5 433 618
92 12 9 4 353 530
45 4 21 5 653 724
78 41 19 3 607 721
81 24 9 5 319 528
51 65 5 2 353 559
43 37 25 6 519 693
34 67 28 4 556 777
27 53 10 5 432 567
27 97 22 2 531 689
72 28 25 3 207 500
92 91 6 4 316 392
58 50 11 3 355 508
68 49 19 5 316 595
17 100 17 2 359 504
52 29 27 7 217 480
84 89 17 3 381 457
96 27 25 5 375 446
58 38 15 1 274 392
3 28 16 6 536 615
18 11 13 4 592 697
52 20 17 7 381 479
19 96 8 3 448 551
18 75 16 7 308 606
84 4 25 4 447 727
19 6 13 3 549 610
68 25 25 3 423 486
40 65 26 7 320 519
93 81 22 1 686 795
73 96 11 7 588 773
30 14 6 3 293 397
88 85 12 1 452 526
46 76 5 4 291 365
56 33 21 7 572 679
92 22 11 6 361 652
52 88 27 4 523 703
86 92 6 6 332 566
85 92 12 4 385 571
28 1 30 7 411 596
49 41 25 3 468 759
12 100 14 2 344 558
77 45 26 1 232 410
63 68 18 6 578 653
83 73 21 2 220 411
92 64 22 5 294 382
62 71 24 7 475 698
20 46 8 3 469 738
78 43 18 5 396 664
21 80 17 2 227 496
36 3 12 7 225 364
96 3 12 2 301 384
32 20 9 3 223 286
74 81 13 3 468 684
25 56 28 5 436 618
59 52 5 1 627 702
0 73 22 5 303 544
40 29 26 5 378 506
10 70 26 3 339 427
66 67 13 4 223 376
43 29 22 1 472 751
55 14 28 7 464 538
81 46 7 4 339 413
38 54 14 4 555 638
80 68 25 4 220 503
41 87 27 3 638 767
4 35 18 7 405 477
25 2 13 7 361 430
5 6 20 4 676 776
96 11 22 2 456 687
3 99 25 1 265 360
86 23 14 3 476 669
10 83 8 2 346 505
15 91 17 4 312 597
4 17 10 4 251 356
19 22 30 3 650 730
94 85 19 4 357 651
86 44 27 6 492 682
58 21 19 1 428 650
61 22 30 5 363 540
56 65 28 7 272 342
82 74 13 1 324 610
91 79 24 2 445 667
37 75 17 3 232 336
40 78 28 1 409 680
44 52 24 2 510 679
31 75 8 4 609 790
4 92 24 3 285 405
100 73 12 3 210 370
41 84 9 3 589 786
0 45 25 2 432 513
23 16 19 3 687 778
28 91 14 3 326 434
24 97 27 6 245 378
20 52 9 6 273 401
30 70 7 5 704 764
93 92 24 3 551 728
66 73 13 1 220 415
72 42 17 6 415 519
76 24 21 5 541 721
0 69 7 7 391 464
28 57 16 1 309 406
72 96 10 1 489 737
77 94 17 7 733 800
43 27 6 6 206 289
97 52 29 3 647 748
8 48 5 1 390 651
71 96 20 4 365 665
28 74 7 4 678 740
25 54 20 7 544 782
68 81 20 2 354 605
15 33 28 7 333 534
67 65 14 4 410 655
72 54 23 7 373 619
40 85 23 3 210 443
91 33 5 5 350 583
98 48 18 4 383 603
50 52 13 2 437 549
5 91 16 7 246 474
23 93 7 2 325 403
62 52 5 2 389 548
23 72 28 1 257 460
15 37 23 4 703 791
70 30 28 4 650 797
61 7 13 6 221 296
56 71 30 1 616 763
84 63 11 5 572 632
57 60 8 5 352 442
60 95 6 4 224 383
83 3 30 2 434 614
67 9 27 2 342 606
83 71 26 2 661 776
83 34 16 5 525 762
56 75 11 7 656 726
34 99 30 3 425 614
50 82 25 7 408 526
53 83 13 7 556 625
25 43 7 1 533 654
33 1 18 7 327 472
93 67 5 7 421 541
57 17 5 5 285 449
25 87 28 4 360 508
58 8 16 5 452 682
56 35 24 3 529 634
40 81 10 7 557 797
7 93 25 7 433 653
24 52 29 4 209 272
80 8 5 7 422 704
76 87 11 1 349 623
36 50 6 6 262 473
4 87 11 1 413 640
48 21 22 3 528 610
26 11 30 7 423 528
10 82 15 6 304 562
2 26 26 4 253 328
66 41 16 5 269 395
35 81 13 3 370 655
54 75 25 5 305 506
70 21 25 5 443 654
61 77 28 3 516 758
85 88 10 7 338 430
79 8 28 3 565 637
22 84 27 6 458 744
54 92 12 2 488 688
3 56 23 3 634 742
60 63 26 2 317 497
23 59 5 4 495 575
77 28 7 5 625 749
92 33 24 1 524 693
16 8 10 2 565 741
43 48 20 7 257 449
50 40 22 7 446 518
5 7 7 5 524 734
18 94 26 1 439 677
86 45 30 5 596 724
7 6 13 6 550 660
64 21 27 1 533 778
66 75 5 3 231 428
28 95 9 4 612 791
77 17 21 2 456 664
45 58 10 6 492 758
89 74 10 4 496 712
34 38 17 1 566 712
63 6 9 6 398 629
0 99 27 5 319 568
70 52 12 4 265 547
94 51 5 6 580 685
51 57 25 4 429 606
95 7 19 7 516 775
49 78 15 2 452 635
89 79 6 5 408 528
21 36 7 4 547 777
45 42 27 6 255 528
57 21 15 7 333 633
81 80 30 4 272 432
32 47 25 2 518 636
0 93 27 4 542 778
10 67 7 7 622 796
39 82 25 3 421 538
2 54 7 6 265 386
52 19 25 1 412 503
77 46 7 5 530 776
23 15 7 7 660 762
91 77 25 1 278 472
95 19 22 7 287 438
40 32 16 5 481 709
78 50 21 1 366 538
22 59 15 2 364 446
67 20 6 2 470 647
16 71 7 5 312 586
86 57 8 1 284 518
56 98 19 2 513 679
88 22 27 7 564 737
49 60 7 2 517 682
38 41 19 1 446 643
9 41 23 2 248 497
38 78 20 6 393 663
50 34 29 6 286 508
18 55 19 1 290 354
89 69 6 6 477 680
63 81 6 7 304 391
3 65 10 2 336 424
5 55 12 1 243 307
86 90 17 7 210 450
20 85 8 1 692 782
10 35 10 4 517 703
47 18 5 4 404 486
13 80 14 2 344 554
99 55 5 2 540 686
44 78 15 7 255 504
81 61 22 3 554 696
46 36 14 4 545 765
62 77 22 5 261 378
33 48 29 6 505 601
85 80 8 2 429 549
96 43 10 3 406 545
9 8 12 1 455 567
28 35 9 1 369 533
55 7 10 3 362 598
92 28 29 2 249 503
7 9 22 2 446 639
8 66 27 1 246 408
12 39 5 5 390 543
65 26 10 2 426 486
96 77 9 2 479 727
27 9 11 6 360 646
37 31 5 5 462 718
91 89 26 6 206 416
84 13 5 5 379 530
13 10 24 2 434 707
59 59 14 4 411 641
41 99 16 6 507 729
15 6 8 6 554 729
75 86 14 2 224 434
33 98 16 4 249 531
74 69 27 1 286 519
71 33 22 6 327 484
26 6 17 5 447 700
92 49 17 4 529 797
29 12 16 7 579 722
47 90 9 7 397 697
91 65 7 5 480 551
64 1 19 2 290 466
46 45 19 6 652 755
32 63 14 3 650 774
78 38 28 3 250 344
3 52 17 6 421 633
89 83 26 5 538 758
31 12 20 3 376 462
28 99 7 2 420 635
98 26 15 3 464 543
59 22 20 5 518 672
24 8 7 7 658 749
59 29 16 5 434 520
53 100 28 1 401 531
16 26 27 7 497 617
42 22 15 1 267 525
55 41 19 3 515 736
18 83 10 6 362 662
14 66 29 6 215 401
44 47 16 6 574 751
85 84 14 6 324 422
64 79 26 2 416 623
23 25 10 4 531 616
96 21 27 1 287 515
17 54 28 5 438 516
28 89 25 1 632 742
87 2 18 4 614 757
82 30 14 6 436 650
70 66 6 1 481 543
10 75 9 3 670 737
11 54 11 6 241 530
89 68 28 6 487 578
92 78 19 5 244 457
0 3 8 4 507 704
87 10 7 7 598 752
69 33 10 4 433 612
95 51 20 5 491 743
53 35 19 4 301 581
66 22 14 5 687 747
31 10 30 7 543 657
33 24 25 2 217 465
89 88 5 5 498 665
98 80 9 4 229 424
21 63 10 7 285 502
14 85 18 5 543 651
84 48 10 3 406 594
98 4 7 5 304 432
94 38 18 7 271 490
72 47 11 5 372 441
39 58 29 3 523 710
9 96 20 1 643 754
49 43 12 7 338 548
25 32 23 5 273 553
41 38 13 1 531 613
10 10 22 1 261 329
1 57 5 4 252 442
77 54 7 5 354 553
55 30 22 3 201 481
89 18 10 7 452 519
89 0 22 6 533 595
67 98 12 1 368 527
19 19 11 2 260 410
73 79 29 7 440 716
75 47 29 3 637 759
24 85 10 7 278 500
91 49 26 1 593 704
59 90 23 4 508 746
43 59 19 4 295 575
79 30 16 2 356 629
6 21 24 3 394 588
49 35 22 2 640 711
21 85 29 7 658 719
40 23 5 1 322 464
68 1 25 2 691 766
94 33 23 7 222 312
44 63 5 2 445 536
66 44 25 4 205 443
99 53 20 7 244 308
100 23 20 5 269 551
24 26 13 2 201 474
84 15 22 5 314 612
98 67 18 4 484 645
9 83 8 4 226 423
79 28 10 3 488 593
39 30 23 5 499 702
5 1 25 6 253 343
17 84 20 5 233 331
43 13 13 4 302 559
46 16 7 1 457 577
98 100 14 1 312 529
21 65 23 1 525 703
45 30 18 6 259 483
34 45 28 7 410 683
23 86 16 6 219 459
16 36 8 4 582 643
1 12 17 3 378 674
82 40 20 6 203 420
81 30 27 5 235 518
64 60 18 7 476 763
38 64 22 1 619 740
99 83 23 5 617 742
24 82 17 7 288 566
99 70 22 5 404 591
45 55 27 3 291 515
66 94 22 2 541 695
85 29 20 6 448 748
38 52 18 7 479 729
89 80 25 2 303 521
46 95 8 3 397 683
20 45 25 7 342 614
53 33 30 6 231 478
13 66 20 7 462 707
24 78 13 5 325 583
13 83 27 7 351 607
45 16 22 7 255 360
30 69 23 4 259 376
24 88 18 6 222 388
62 57 25 4 432 659
74 15 5 3 364 654
36 26 14 3 381 527
72 79 12 4 463 579
99 33 9 4 536 737
38 69 9 3 502 799
58 1 7 7 269 536
59 100 5 1 432 711
78 48 17 7 389 572
92 51 22 3 460 605
87 93 22 3 274 500
14 18 18 4 484 637
52 6 23 3 399 681
15 55 16 2 308 544
59 2 29 3 212 360
79 45 26 4 561 622
82 14 30 7 278 477
1 37 9 6 440 673
85 8 15 1 223 425
70 45 24 4 273 455
7 39 23 5 304 481
60 60 28 7 268 412
38 95 5 2 551 682
88 10 14 1 588 740
20 59 8 5 475 692
0 89 16 3 210 308
0 76 21 1 458 552
63 50 11 1 579 708
48 0 10 3 451 589
20 13 20 3 473 654
18 90 22 3 292 398
56 17 13 3 315 551
74 51 9 7 480 641
70 2 15 6 378 572
34 26 15 4 429 716
53 53 13 3 215 441
91 24 14 4 321 382
94 62 10 7 202 480
57 98 7 3 469 763
65 86 24 7 320 589
76 56 23 3 442 667
64 80 21 6 485 706
48 41 11 3 202 398
13 74 7 4 557 653
38 63 22 7 510 622
48 88 19 1 600 780
84 64 30 2 413 705
73 58 22 7 208 495
83 79 11 4 447 672
92 37 18 7 296 434
1 42 26 1 618 745
6 96 20 1 318 400
30 48 17 1 221 367
80 47 17 4 503 663
16 46 11 6 375 578
14 5 8 4 225 481
47 20 15 1 338 453
11 1 14 4 492 710
49 40 12 7 429 592
48 84 22 4 467 698
68 5 15 6 535 723
99 3 10 3 319 571
93 41 22 2 424 682
27 34 12 5 440 598
5 3 16 2 416 624
86 13 25 4 552 761
37 87 10 3 421 579
75 71 7 5 482 694
17 79 29 7 312 477
86 10 10 2 285 426
46 69 21 7 540 705
96 9 26 7 471 651
25 24 7 1 553 725
34 35 8 7 391 649
53 4 9 2 414 604
46 19 8 3 585 649
76 6 27 3 615 706
91 46 20 6 470 618
24 23 30 1 606 706
66 69 5 3 384 520
26 55 22 6 202 461
94 50 28 2 358 591
84 52 16 1 365 486
49 34 24 3 237 384
98 47 9 5 619 761
92 67 25 1 262 433
15 76 29 5 341 613
40 61 27 3 504 601
62 79 6 5 243 451
59 23 14 5 605 680
42 27 20 3 354 486
43 81 5 4 379 526
68 68 5 4 319 502
98 27 28 6 572 739
82 84 15 7 448 546
17 46 18 2 578 703
87 75 22 6 517 668
5 27 7 5 321 417
95 90 28 7 567 785
7 46 8 6 292 458
62 89 11 3 234 306
9 17 13 7 377 589
68 37 16 3 491 718
48 34 11 3 466 678
45 47 12 6 522 708
13 6 15 6 475 549
13 12 13 5 364 569
16 91 7 6 432 709
33 21 5 3 318 540
94 45 17 7 313 477
21 32 8 6 365 526
39 16 7 4 333 505
59 31 27 3 524 783
34 22 25 1 376 626
1 50 19 4 647 724
61 34 21 3 457 570
94 76 22 6 514 660
10 44 29 4 380 507
50 67 6 1 227 380
28 96 16 2 390 515
64 92 12 6 361 501
93 24 23 2 571 673
62 26 11 2 510 661
34 21 23 2 278 478
71 95 28 7 256 440
37 6 7 6 226 334
55 57 25 3 332 620
99 1 10 7 268 442
73 71 7 1 423 483
5 44 19 1 276 369
33 23 12 3 516 659
35 96 17 2 329 610
82 58 19 1 596 751
65 72 11 4 400 512
19 25 27 7 279 424
82 67 14 7 379 529
76 45 6 5 525 662
69 18 24 7 636 748
39 87 28 3 223 411
76 40 12 4 406 520
82 36 12 6 488 674
68 95 28 3 360 602
23 89 24 7 422 530
94 96 9 4 241 422
17 38 9 4 401 468
31 67 8 1 217 317
46 35 14 4 518 730
12 10 9 1 327 571
23 79 18 6 339 558
5 73 20 7 395 650
44 34 18 3 723 794
63 96 16 2 268 495
58 88 8 1 519 695
25 90 29 6 553 658
3 79 20 7 234 340
84 7 17 5 224 390
84 62 5 1 305 385
88 21 30 7 389 681
26 54 18 2 598 744
56 93 24 3 296 567
68 77 13 2 505 659
92 76 14 7 358 508
22 77 14 7 391 633
82 98 30 5 485 704
44 18 18 6 297 489
35 15 21 1 501 637
22 82 11 2 209 374
17 77 19 6 282 415
52 84 6 3 660 779
34 85 10 5 475 706
5 32 8 5 600 678
71 11 8 4 583 656
9 40 24 1 305 489
46 1 17 6 583 763
75 69 7 5 319 391
72 35 16 6 251 348
1 92 17 7 524 636
74 83 21 4 701 783
36 33 14 7 250 513
51 44 24 7 559 797
85 71 7 5 240 390
82 78 17 6 394 460
7 8 19 5 433 634
95 78 11 7 473 687
41 65 14 5 467 553
76 11 7 1 490 583
78 98 12 6 550 646
18 28 22 1 687 760
40 3 24 4 279 460
30 77 24 6 520 621
56 52 15 7 389 500
86 17 14 6 248 310
22 37 10 6 369 613
36 53 25 3 460 633
72 80 14 1 580 640
34 89 16 4 603 754
35 41 29 1 337 567
41 13 26 6 373 589
30 8 27 4 316 575
52 25 24 7 656 722
51 79 25 7 511 681
9 71 28 1 282 360
20 17 23 3 260 449
14 65 28 2 621 706
47 26 5 6 423 675
51 42 5 1 576 744
66 59 17 5 542 696
36 75 17 2 310 452
76 33 28 3 519 678
62 4 20 4 211 504
75 52 13 5 662 723
27 65 7 5 248 361
64 59 20 1 602 775
63 94 27 5 564 782
21 50 30 6 506 601
54 20 14 4 490 769
36 96 30 4 625 694
97 41 28 2 200 393
94 37 16 6 308 429
42 94 30 7 554 796
45 74 24 4 528 668
78 33 29 7 583 773
12 16 10 3 391 546
77 81 5 7 528 759
99 68 17 3 284 504
96 80 23 2 571 708
92 38 5 6 322 519
61 58 16 4 682 771
76 92 7 7 282 400
17 57 10 6 474 711
10 16 20 6 520 627
26 13 5 2 206 479
49 46 6 3 302 384
53 56 10 6 539 798
29 72 6 7 506 668
71 93 14 3 523 707
46 0 18 2 522 664
83 52 24 5 630 697
91 48 22 3 306 480
86 95 28 4 208 418
50 30 13 5 521 695
45 12 7 2 593 749
38 25 26 4 598 759
99 59 29 5 421 596
96 37 18 7 443 700
22 45 11 4 541 642
1 60 9 1 250 357
24 65 16 2 535 648
47 60 18 2 366 581
55 1 11 4 303 542
28 86 24 4 274 370
95 71 16 5 487 642
3 57 21 6 562 732
46 91 30 4 394 693
19 56 24 3 529 655
15 65 14 7 509 661
97 54 14 1 420 645
31 66 7 7 543 789
75 40 15 1 266 445
18 85 12 3 382 515
95 48 16 6 529 747
83 37 24 7 340 501
86 42 5 5 530 731
61 84 30 1 331 622
73 28 25 5 382 582
95 58 27 2 643 777
71 92 24 2 539 682
14 98 25 1 500 672
82 20 25 4 542 709
85 31 21 2 519 789
13 2 27 7 392 491
62 74 8 4 320 424
97 72 11 5 694 775
22 57 25 1 546 673
7 63 6 7 381 548
94 94 24 4 425 556
78 59 13 3 450 641
2 18 27 5 247 318
35 0 25 5 212 497
3 60 15 5 496 605
72 81 16 6 505 609
83 16 15 6 304 485
20 16 26 3 309 608
57 33 8 3 472 575
80 97 29 4 403 546
27 18 14 2 247 494
45 67 29 2 510 647
78 37 18 4 207 293
86 20 30 3 540 622
49 63 6 3 429 583
55 96 13 7 612 785
83 90 27 7 236 462
17 85 19 1 451 543
70 17 18 6 475 639
38 44 11 3 393 687
24 0 12 1 429 512
93 57 29 2 331 597
22 1 8 1 439 588
18 19 7 2 529 763
25 9 7 3 400 581
55 39 27 3 501 561
44 59 7 3 273 431
85 18 13 7 479 679
87 96 10 5 207 286
94 23 25 1 284 380
42 16 12 6 551 648
43 42 25 2 436 549
76 18 11 7 509 722
37 20 13 4 506 609
29 64 19 5 443 721
79 69 12 5 488 629
56 13 15 6 494 582
69 28 7 2 419 634
20 50 17 2 435 597
14 72 21 5 226 427
94 73 27 3 677 793
56 12 20 1 204 331
16 70 16 6 630 724
12 53 19 6 218 450
6 10 5 6 364 432
86 34 17 7 202 393
29 25 15 6 502 668
6 97 7 6 203 415
59 81 7 3 452 610
41 92 28 3 465 712
88 98 15 5 361 471
40 30 11 3 214 292
44 48 7 2 444 592
28 15 7 7 551 788
65 47 29 5 432 509
18 12 6 1 475 708
30 30 30 3 339 413
80 11 28 1 589 796
77 31 15 7 230 365
11 62 23 3 368 490
62 7 29 1 544 794
10 21 26 1 630 698
3 68 10 6 491 583
18 50 25 4 271 436
19 84 22 7 631 740
20 58 21 6 219 393
0 47 23 3 312 503
47 83 16 3 295 563
38 28 12 7 501 708
56 5 19 2 491 646
18 0 23 6 321 599
30 11 11 4 588 664
17 60 28 1 351 463
83 33 9 7 476 728
61 44 9 1 226 346
67 82 22 7 340 604
100 81 8 3 313 527
88 97 5 1 478 720
70 73 11 3 425 529
100 85 27 2 657 743
86 87 20 5 258 363
6 56 25 1 442 603
23 35 13 3 590 760
91 0 28 2 362 656
6 64 25 1 404 521
32 35 30 1 424 565
67 96 27 1 321 430
97 31 18 3 636 789
52 75 8 4 540 619
20 30 20 2 476 705
71 88 13 7 383 482
50 86 11 4 288 414
46 13 13 1 463 573
56 56 30 7 626 776
96 87 27 6 244 331
76 19 18 5 473 572
3 36 5 4 367 459
53 90 17 4 338 420
73 25 30 3 298 453
26 74 7 3 587 790
85 41 10 2 282 402
8 98 21 2 524 790
19 20 20 1 422 567
34 34 11 3 384 631
28 63 16 4 425 720
97 36 26 5 431 640
57 84 20 6 456 695
39 17 27 5 308 368
2 65 9 7 577 757
31 19 24 7 461 653
41 1 5 1 417 546
23 40 15 4 334 427
28 73 21 5 719 798
5 33 25 2 535 601
28 56 9 3 573 763
43 89 22 1 646 732
38 81 11 3 351 577
94 9 16 1 325 554
59 95 19 4 500 595
71 64 19 7 213 319
22 85 13 6 563 691
57 82 20 2 661 754
99 66 30 6 509 682
43 10 19 1 435 559
4 2 26 4 343 452
57 39 19 1 438 509
81 54 27 6 494 663
87 26 21 6 604 731
59 36 22 2 565 692
71 86 14 5 514 743
77 4 18 7 557 707
26 72 21 6 455 729
2 97 15 7 523 629
75 72 11 3 675 763
95 73 16 4 414 563
30 92 19 7 659 772
76 14 22 4 533 758
92 96 7 5 270 446
87 0 19 3 493 773
25 80 29 2 332 497
2 51 6 4 315 532
59 61 7 6 265 359
22 95 17 7 214 497
35 26 15 4 460 579
37 100 9 3 380 607
86 83 28 7 626 794
41 100 17 3 220 376
44 71 24 5 404 541
30 84 5 2 246 310
58 57 13 7 530 597
89 37 16 1 204 415
49 80 15 6 462 738
48 44 22 1 373 646
26 43 29 6 695 786
45 53 15 2 561 696
83 23 13 5 632 694
64 67 5 7 579 730
78 78 6 1 676 794
93 49 10 5 256 327
76 30 25 5 676 762
52 68 17 4 276 399
42 28 13 4 421 708
3 47 7 4 291 499
30 19 26 1 604 781
89 77 14 6 227 500
93 44 12 5 486 765
72 90 11 1 691 769
8 95 18 2 308 491
100 51 13 3 296 456
20 19 19 5 410 660
9 80 10 2 286 408
29 30 5 4 250 315
28 77 24 7 446 566
31 90 12 1 238 471
8 93 24 3 485 762
53 22 7 4 655 764
99 23 11 1 281 530
23 23 23 4 399 691
90 28 17 2 610 749
32 37 30 3 399 482
20 68 8 3 243 518
6 65 27 5 477 624
62 30 7 2 384 613
79 77 30 6 334 449
89 59 24 2 454 544
1 15 27 4 260 390
5 53 5 5 260 514
57 18 30 3 575 781
49 23 10 4 208 480
75 27 10 4 233 403
54 16 23 7 607 734
39 80 22 1 498 655
87 7 9 4 463 562
57 48 23 5 453 713
76 34 14 6 518 628
68 84 27 1 208 385
72 64 25 5 510 686
46 43 22 5 282 366
60 37 23 1 446 581
88 82 28 3 271 408
100 72 25 3 281 577
25 53 10 1 200 433
3 74 18 3 647 735
13 22 22 1 384 539
50 31 16 2 620 712
100 62 16 6 391 457
62 19 20 4 265 416
95 46 19 7 337 498
72 85 18 2 202 472
7 12 11 6 549 693
21 39 28 6 522 646
60 29 24 5 290 414
36 45 30 1 443 648
8 77 29 1 333 593
63 36 7 3 411 474
36 6 9 3 219 360
72 25 16 7 306 433
78 45 26 1 497 700
7 57 21 3 529 789
2 53 29 7 620 754
76 9 26 7 542 642
22 62 26 6 558 689
53 8 15 5 562 794
77 69 23 3 535 800
16 73 15 5 398 556
30 86 21 7 297 417
94 44 27 7 282 496
29 42 14 5 240 401
58 26 18 7 514 680
67 33 28 4 541 786
34 16 18 4 454 638
38 100 7 3 331 419
46 68 23 1 386 550
1 8 26 5 367 591
13 75 7 1 399 535
81 67 23 7 318 553
13 18 19 6 204 373
23 2 26 5 493 777
49 50 16 7 623 797
15 87 6 1 617 728
96 86 5 7 278 511
15 53 19 6 287 513
58 100 12 1 391 597
32 75 8 1 363 452
94 17 26 4 233 362
23 73 23 2 493 628
39 36 6 3 271 464
99 60 7 4 374 461
6 75 22 5 558 752
89 24 12 2 591 787
58 72 15 2 269 523
0 13 20 1 247 316
44 12 5 6 344 464
43 46 17 5 202 290
8 53 13 4 209 400
84 16 16 5 275 395
3 88 11 5 475 599
68 8 29 5 398 669
85 90 18 1 321 403
67 25 10 5 525 676
22 11 25 6 503 649
67 10 7 4 537 700
41 16 10 4 211 473
80 7 6 5 313 498
53 62 15 7 477 679
82 3 5 5 508 786
37 34 11 6 409 700
1 35 22 6 549 637
12 47 29 6 374 580
50 9 7 6 310 595
55 6 29 3 429 660
50 45 17 2 407 550
90 7 28 5 638 786
88 37 16 1 283 454
63 73 15 3 511 774
62 63 13 7 544 702
25 7 27 2 467 618
56 22 12 2 555 684
57 8 26 2 451 667
71 32 26 7 474 749
70 27 5 7 450 744
96 76 27 7 581 798
68 71 26 7 522 613
24 69 7 1 464 586
22 16 25 4 649 789
8 85 21 6 451 724
54 18 25 5 319 478
96 92 29 4 607 695
87 74 22 1 460 556
54 28 6 1 235 511
61 79 25 7 383 520
76 83 25 4 369 647
87 83 13 6 588 664
52 37 19 6 291 424
5 94 29 3 457 573
55 86 29 7 415 647
28 55 26 5 284 466
91 28 9 2 252 381
15 21 22 5 222 467
39 33 23 5 560 714
19 62 25 4 295 431
69 40 18 2 584 789
99 82 8 3 417 569
20 93 26 3 223 444
48 33 16 5 381 678
82 27 7 3 250 488
29 21 23 5 312 426
20 26 10 6 504 588
71 99 24 5 539 718
41 50 26 4 321 568
100 69 21 7 615 774
34 62 29 2 451 597
68 26 18 7 407 648
54 47 14 4 438 616
86 69 28 6 519 649
29 8 6 1 475 645
91 58 21 5 233 460
1 53 22 7 358 635
45 43 6 7 445 694
11 9 13 2 375 616
99 46 28 2 579 770
25 20 14 3 208 299
80 2 16 2 374 452
53 87 19 7 665 784
67 55 29 6 338 592
66 18 17 1 264 442
9 42 28 4 543 676
64 57 15 6 513 777
100 46 5 7 229 336
18 1 7 5 469 684
46 39 29 6 534 672
50 89 29 3 253 519
91 2 18 2 361 619
40 53 30 3 203 433
48 18 6 6 339 609
67 48 19 1 228 444
18 97 6 5 649 734
84 82 11 5 466 594
42 24 5 5 540 605
78 3 12 1 550 635
33 82 10 5 286 367
99 6 28 4 446 593
81 89 17 4 209 280
43 19 8 1 354 625
21 26 15 7 638 701
22 53 8 7 442 558
40 26 13 3 205 343
10 36 25 7 447 629
50 28 6 7 648 731
56 30 12 5 485 760
29 37 14 6 595 670
5 24 30 6 520 599
98 55 16 6 287 467
52 16 29 1 218 335
96 33 13 5 534 750
53 19 7 7 413 513
43 80 13 5 381 587
42 38 7 7 390 676
96 26 20 7 218 384
54 94 9 4 457 729
61 18 7 2 401 513
42 70 5 7 499 786
36 19 8 6 255 334
35 54 14 6 521 693
75 12 21 5 361 597
60 36 24 7 370 432
60 85 22 1 482 631
94 29 18 4 321 420
69 9 16 7 676 782
6 81 19 7 389 635
28 53 22 6 236 507
57 66 8 4 203 441
94 55 18 1 236 359
14 33 12 6 384 583
2 15 21 5 395 521
94 4 9 6 399 619
61 31 26 7 200 323
0 16 8 7 633 765
48 86 28 5 583 785
91 37 12 4 462 595
64 34 29 1 713 785
61 99 29 7 361 598
5 72 11 1 271 463
2 27 24 1 509 717
56 76 24 7 233 403
96 82 27 2 731 792
13 81 13 6 310 409
9 85 15 2 509 789
64 27 17 5 474 618
48 23 26 6 247 329
38 29 12 5 284 567
29 86 11 4 516 800
22 87 6 7 329 457
100 63 6 4 565 772
59 60 26 7 560 780
79 73 5 2 686 792
53 92 20 1 516 790
34 87 9 3 644 712
53 11 22 1 227 444
96 16 10 5 542 612
17 69 19 6 268 441
55 63 13 6 231 304
79 76 8 2 208 399
95 89 15 6 401 577
71 9 29 6 703 768
4 76 22 2 599 719
76 67 16 2 666 772
40 49 27 7 355 552
21 22 22 7 397 501
38 56 8 1 369 585
43 21 5 4 396 591
60 83 13 2 566 766
68 45 14 1 302 561
48 98 28 7 214 421
2 17 10 1 406 669
2 55 12 4 418 614
78 81 26 5 502 636
71 72 10 2 230 495
90 10 19 4 517 709
62 98 14 5 372 496
13 93 12 5 306 411
62 40 11 5 405 492
1 17 10 5 383 482
73 54 13 4 433 636
16 68 20 4 548 755
24 60 24 1 535 624
69 63 16 3 397 637
47 79 28 7 487 727
70 4 25 4 209 460
31 5 26 4 366 601
97 69 9 5 235 530
90 2 16 2 483 697
92 56 15 7 507 672
76 7 20 1 321 549
26 67 20 2 597 696
11 19 26 4 726 787
7 29 17 6 201 347
64 42 22 2 345 644
95 36 29 1 420 650
19 97 12 3 420 578
32 34 18 2 342 429
12 31 8 2 293 452
76 73 28 4 383 586
61 60 20 2 205 451
63 56 26 7 618 686
70 81 19 2 660 740
100 34 17 6 244 455
9 33 29 1 449 619
47 16 11 1 258 366
74 67 25 7 512 682
37 95 26 5 435 639
40 8 26 7 345 419
81 99 15 6 297 555
55 20 18 3 585 741
35 97 19 6 646 739
67 83 22 6 610 719
5 99 23 5 396 534
94 78 29 5 315 391
95 88 19 3 246 348
82 53 26 2 494 725
99 13 8 4 298 412
98 35 13 4 254 380
64 33 24 6 314 554
87 8 25 2 609 671
57 34 17 3 532 655
45 71 25 2 575 797
79 25 19 2 405 512
3 22 27 2 681 793
74 39 26 7 335 405
86 14 29 6 384 591
59 41 27 7 274 387
9 95 26 1 339 550
42 23 29 5 598 665
50 60 25 7 500 719
15 5 30 3 208 378
0 70 27 7 618 714
48 38 26 2 491 749
18 76 22 4 539 600
71 29 7 6 448 655
67 35 25 6 415 699
56 92 13 4 543 797
38 55 23 3 468 693
82 0 5 7 476 596
6 43 29 5 301 588
47 86 29 5 410 509
69 44 27 7 466 534
3 66 13 5 506 781
29 32 11 2 324 429
4 91 13 6 470 633
53 82 24 2 532 696
69 36 28 4 383 557
2 66 19 4 554 699
27 19 22 2 219 344
80 43 26 1 272 442
0 97 13 4 325 554
20 38 5 7 521 699
5 41 28 6 315 384
8 90 17 5 450 584
18 69 5 1 392 683
49 82 18 7 226 448
55 89 6 3 384 662
10 8 22 6 479 586
34 96 29 1 288 585
66 15 18 5 280 417
42 5 25 4 476 549
63 60 17 7 337 625
19 48 22 6 202 277
91 22 27 7 201 497
37 85 22 1 441 677
43 11 22 6 480 708
94 16 9 4 305 565
64 13 16 6 506 626
87 36 30 4 483 697
56 64 8 3 432 657
32 38 26 6 564 668
32 5 21 4 514 786
67 0 20 7 263 537
37 22 18 4 349 457
54 12 8 3 492 559
57 58 14 7 471 736
49 87 25 1 672 783
31 80 16 5 448 595
77 50 29 1 310 438
55 79 12 4 261 497
50 71 6 6 350 418
57 68 23 2 657 765
73 83 17 4 493 716
2 37 24 3 579 795
19 83 11 1 419 582
99 5 26 3 606 720
73 7 22 6 387 474
51 7 12 5 278 552
89 86 25 2 394 632
96 29 5 2 455 701
57 92 28 3 219 471
34 32 20 4 303 439
25 100 17 6 206 443
3 45 28 1 405 695
27 52 19 2 650 772
79 19 15 5 247 529
39 57 23 1 368 524
63 75 9 5 659 798
52 91 11 7 396 565
34 6 15 3 362 547
30 37 23 7 496 776
100 82 28 2 259 414
36 88 17 1 497 728
22 94 8 3 314 584
92 26 24 6 322 426
44 2 23 6 513 704
13 65 7 2 446 730
15 54 18 2 347 432
66 5 26 7 490 661
3 19 30 4 359 633
97 51 13 1 529 684
43 90 20 1 641 721
60 15 26 5 508 788
2 24 28 1 265 408
79 66 29 1 371 477
89 5 8 3 233 339
94 59 30 5 590 773
9 52 17 3 347 635
64 71 16 6 397 584
94 79 9 4 225 398
91 90 27 3 528 680
69 32 6 4 240 349
82 99 22 7 233 452
73 21 9 2 530 622
42 58 6 1 415 483
68 39 26 3 242 439
40 75 7 1 517 782
77 1 17 3 519 684
84 34 21 3 259 522
63 49 14 5 525 769
11 84 21 7 551 736
68 91 30 3 322 408
9 69 22 4 523 678
20 1 26 2 434 529
39 83 24 1 397 627
8 79 18 6 215 397
2 16 7 7 247 331
48 4 30 4 516 730
50 22 8 3 220 414
8 44 27 1 431 502
47 64 13 4 475 658
96 44 26 7 209 319
85 49 19 7 515 736
5 85 24 4 225 325
40 79 11 3 248 490
43 75 25 3 601 731
5 59 11 1 218 354
41 94 14 5 324 579
53 69 19 6 727 795
30 52 21 7 643 758
62 65 20 2 433 718
26 53 20 7 661 726
41 23 26 1 593 791
46 89 5 2 394 539
69 88 25 1 405 594
68 80 30 5 476 649
20 10 21 6 608 697
76 93 7 7 445 711
43 66 28 2 517 726
0 15 30 2 439 511
48 82 18 1 407 540
35 40 15 2 520 767
64 96 10 5 490 775
10 61 29 5 617 686
75 54 12 1 379 461
76 46 6 6 355 536
48 83 16 3 379 518
30 95 21 1 267 448
3 49 17 4 273 434
72 63 26 7 373 446
79 52 17 5 203 472
16 2 18 6 500 595
38 72 22 4 289 376
2 68 22 2 474 698
72 52 27 6 318 466
9 37 23 7 528 788
57 69 23 4 224 302
30 65 23 1 459 538
74 75 24 2 266 462
99 38 23 3 526 764
79 29 13 4 211 373
36 41 8 7 399 609
10 59 9 6 288 399
70 96 7 7 206 322
95 24 20 1 290 520
19 1 9 5 356 644
1 61 29 1 558 726
53 6 16 3 284 483
36 18 30 3 381 600
29 82 9 7 584 759
45 100 30 5 220 476
59 99 24 4 586 760
97 94 7 3 386 637
36 31 21 7 488 646
78 83 11 5 378 550
72 11 11 6 499 760
46 7 12 4 201 317
26 0 26 4 362 645
89 48 28 5 217 506
3 10 22 5 357 570
78 89 13 6 431 622
35 42 26 5 357 535
60 58 18 6 271 444
21 15 25 2 258 552
7 64 13 7 495 659
100 48 18 1 327 490
87 43 29 2 430 616
98 10 27 7 536 774
69 50 12 3 329 477
17 92 19 1 350 599
59 49 12 3 527 676
63 3 29 4 387 574
86 86 8 3 251 395
21 56 28 6 394 474
74 14 27 6 540 690
54 26 14 7 323 429
34 80 15 4 284 357
19 78 9 4 571 745
35 91 6 6 359 484
4 80 21 5 445 557
95 30 6 1 462 748
69 74 8 2 217 490
79 41 30 6 319 550
16 21 9 6 355 618
46 74 30 7 368 565
67 100 12 1 434 690
19 93 25 5 247 407
49 53 12 6 375 656
86 93 29 3 201 466
16 56 21 5 285 467
51 68 11 3 556 694
70 23 20 2 266 393
84 61 18 3 434 574
71 19 11 5 370 535
50 11 13 1 616 740
1 14 22 1 610 704
74 76 16 6 728 797
98 40 20 1 205 289
44 100 22 3 272 486
37 13 7 7 234 466
18 63 6 7 290 454
93 42 5 1 539 627
16 22 23 7 333 567
77 71 5 1 590 730
32 82 25 4 211 491
43 57 9 6 268 485
27 28 30 5 638 786
83 31 12 7 277 455
82 25 21 3 345 467
54 63 15 5 415 520
17 36 24 6 523 685
4 0 5 2 489 655
14 30 23 1 299 447
86 54 18 2 229 481
32 72 15 4 592 730
98 60 22 6 439 574
83 94 30 3 590 681
25 85 29 6 628 756
31 63 7 1 555 754
25 76 27 1 493 732
80 13 5 3 542 766
32 6 7 2 326 605
49 44 8 1 442 596
47 31 21 4 488 642
0 37 5 1 492 584
78 82 29 7 283 457
11 34 24 5 499 575
83 32 25 1 387 525
77 88 30 3 420 578
86 7 7 7 298 515
97 80 17 6 435 693
51 16 9 4 331 548
26 42 19 2 201 296
95 11 13 5 564 694
78 55 18 2 326 442
53 66 27 6 519 775
48 2 30 3 338 524
94 98 16 7 564 746
39 100 9 3 629 732
42 65 9 7 485 707
22 46 21 1 490 605
77 37 28 3 699 766
41 17 22 5 248 370
12 91 25 5 247 470
62 78 6 2 255 384
19 42 19 1 446 534
43 96 20 3 392 654
83 1 16 3 636 756
53 9 7 3 353 438
68 22 12 2 214 506
89 49 6 4 204 498
59 38 21 1 614 721
90 91 14 2 639 777
69 26 20 1 524 599
66 76 29 5 382 487
59 76 19 3 568 729
13 52 10 4 512 680
52 100 10 4 331 531
35 58 15 5 334 398
14 83 20 6 486 580
98 79 24 4 390 627
54 35 17 2 473 569
40 71 8 2 407 509
41 34 18 7 352 485
77 100 5 5 623 693
38 36 9 6 383 674
77 99 14 2 265 540
43 23 24 4 572 672
49 84 14 3 438 567
31 52 30 6 635 790
4 59 24 6 607 685
13 86 30 5 273 397
51 56 8 3 363 554
94 74 20 4 320 575
80 53 28 2 420 635
9 100 15 7 558 756
32 62 29 6 424 610
52 81 20 2 536 653
23 81 16 3 430 704
79 75 17 1 603 711
56 73 25 2 472 733
73 5 29 6 416 565
74 49 11 7 215 449
57 81 18 5 311 598
100 19 10 1 423 568
35 32 23 3 530 609
35 57 16 2 273 548
48 97 24 5 492 682
86 58 6 7 261 473
54 11 8 1 209 419
64 65 27 5 428 578
94 20 10 1 381 664
94 21 27 4 244 476
56 47 15 6 503 691
47 17 16 1 533 761
67 61 13 4 497 771
87 82 5 2 600 701
52 78 9 1 373 440
70 22 28 6 307 489
68 4 7 4 440 594
60 42 14 4 447 717
87 27 21 6 443 646
50 43 23 3 486 751
86 15 23 2 223 513
41 61 7 3 501 774
88 78 11 5 339 478
63 15 30 6 429 621
36 32 10 6 536 683
71 13 15 1 653 747
37 18 25 4 477 546
61 73 19 3 558 706
