683
91 40 0 0 0 0
36 72 23 5 324 576
32 66 30 5 364 593
90 87 23 1 327 468
88 87 6 6 415 604
70 16 23 7 503 744
81 89 24 5 435 721
40 73 9 2 206 388
8 46 22 2 259 353
49 98 27 7 581 765
68 55 29 4 297 470
86 10 27 2 240 312
82 96 10 7 689 755
46 60 5 3 282 416
53 0 27 5 474 602
1 71 24 1 350 436
15 70 8 4 207 358
54 59 19 5 541 777
18 8 5 2 524 775
34 93 23 2 584 687
4 49 17 2 303 379
36 4 12 7 313 522
72 57 13 2 410 532
88 57 6 1 301 399
11 23 28 4 381 614
80 33 11 1 503 615
69 4 23 4 397 661
72 15 7 1 422 668
57 35 14 3 231 451
38 83 20 6 211 437
38 86 29 1 493 613
55 17 12 4 279 427
53 58 18 4 354 587
57 29 19 6 452 589
29 22 13 4 571 757
97 30 21 7 247 533
26 3 12 2 205 351
67 57 30 1 251 404
31 89 12 7 422 617
60 56 27 6 210 370
96 21 23 7 330 524
74 28 17 3 386 639
8 65 20 1 329 479
13 53 20 7 619 746
70 65 14 7 430 624
18 98 23 4 435 624
2 70 30 5 307 429
40 74 7 6 227 316
98 79 7 1 227 306
26 86 20 7 421 586
18 67 24 3 363 436
47 45 21 7 287 409
54 42 24 7 382 471
18 63 28 4 264 326
90 100 20 4 292 590
93 76 13 3 240 539
78 0 12 7 636 734
82 40 29 3 205 351
29 68 14 1 475 774
66 51 16 3 367 540
72 20 15 3 617 797
52 80 7 5 326 608
3 93 26 6 487 779
46 11 13 4 253 480
39 97 17 2 269 509
1 38 7 3 493 633
96 82 12 5 249 537
73 44 18 6 446 515
90 23 23 5 289 403
55 4 27 6 351 462
52 67 19 5 430 570
69 38 5 7 462 690
75 87 11 4 429 592
28 41 9 1 408 486
77 98 13 7 463 571
65 10 24 5 408 526
17 55 17 7 602 719
42 77 8 1 395 539
35 76 10 6 250 314
15 51 28 2 293 447
56 26 11 3 439 616
94 84 23 6 326 560
69 1 24 5 526 587
33 48 7 2 679 769
22 23 30 4 231 344
13 82 11 3 605 761
90 17 30 3 292 362
55 83 12 1 475 621
35 93 12 4 513 579
40 100 29 6 437 700
64 66 27 7 304 426
5 61 15 3 366 501
77 26 13 5 477 607
35 64 8 1 273 469
24 25 22 7 350 624
73 40 17 3 594 707
43 59 26 5 417 563
37 38 22 1 399 542
34 65 28 6 267 541
87 44 22 3 285 372
49 56 22 1 211 499
12 32 5 7 258 500
89 8 19 5 499 787
92 20 8 4 556 618
87 78 20 1 252 505
86 97 5 2 488 708
0 59 29 5 338 599
78 99 21 4 600 700
3 75 11 1 473 607
83 62 6 6 358 601
4 17 21 5 289 400
6 12 8 3 323 592
17 42 14 3 419 719
5 91 10 2 382 603
60 26 28 3 452 600
4 21 17 6 297 457
27 31 13 5 303 600
64 47 7 6 214 495
58 5 22 3 441 688
24 32 12 3 234 486
70 69 19 6 379 608
83 70 5 3 435 643
3 81 11 1 273 537
80 32 9 6 397 623
96 44 6 5 464 674
13 23 12 2 654 753
73 12 22 3 236 404
74 99 18 3 232 305
21 99 29 5 239 408
11 28 26 1 228 452
78 100 28 2 596 694
36 70 25 6 487 661
55 93 18 7 409 638
25 62 26 5 454 715
63 41 12 1 483 682
79 75 12 5 385 668
28 45 24 2 489 553
94 35 12 4 341 438
29 67 9 6 449 736
43 91 24 2 389 614
76 28 18 6 336 618
19 17 12 1 389 566
25 31 16 1 603 700
11 0 7 7 433 680
36 49 17 5 211 428
72 48 19 5 211 433
96 0 11 3 649 714
80 46 22 5 345 596
8 52 9 3 337 434
5 88 26 6 415 630
58 7 20 4 201 313
46 51 29 4 250 317
16 85 8 3 314 481
29 94 22 5 301 548
36 63 6 4 647 768
17 88 21 5 317 526
54 13 11 1 582 740
43 69 16 7 228 430
27 13 11 3 448 533
81 56 26 6 264 540
23 19 22 7 329 460
55 19 9 7 557 702
64 86 5 4 454 587
76 57 30 1 481 573
45 54 8 5 408 544
37 40 12 6 472 755
92 62 21 3 225 293
59 73 14 5 267 503
1 45 5 1 578 712
38 45 14 6 501 772
87 85 25 6 380 555
83 8 27 7 431 663
56 27 19 2 420 482
16 5 12 2 490 786
82 28 28 6 628 775
6 9 18 6 223 435
88 35 9 3 483 733
34 12 15 5 632 794
4 34 9 5 335 444
29 84 24 1 678 758
96 89 23 3 362 478
40 92 25 1 390 671
2 39 23 1 358 574
15 48 16 1 250 442
45 4 13 6 338 503
45 92 23 6 223 368
95 71 13 4 298 489
46 98 27 3 289 448
52 44 17 7 578 782
76 83 25 6 474 683
11 58 10 3 478 708
19 12 21 5 327 417
21 50 28 2 326 422
46 59 22 1 511 604
58 40 8 1 570 755
19 16 19 7 276 566
50 40 6 2 306 521
32 42 24 7 453 571
84 3 14 4 528 709
11 4 11 7 649 728
86 90 21 4 493 788
58 24 30 1 316 573
42 50 13 2 368 486
36 94 27 4 388 603
3 87 10 5 479 696
2 96 30 3 549 759
84 92 9 6 389 535
15 88 11 3 627 762
69 33 19 4 328 407
73 2 10 2 351 623
9 13 20 5 452 635
100 67 13 7 257 449
15 93 23 2 411 667
77 48 16 1 565 729
34 21 11 6 538 746
83 84 17 5 260 326
86 16 10 3 318 579
28 78 14 6 447 725
44 39 6 1 255 367
0 26 19 6 256 524
5 7 18 5 295 456
0 71 7 1 476 640
55 53 9 3 303 515
69 34 21 4 389 575
82 63 18 6 400 609
3 6 13 3 286 416
13 81 16 7 267 379
10 16 20 5 362 445
63 19 24 2 218 344
77 77 9 3 400 607
75 28 7 2 219 332
46 13 26 3 328 589
70 15 12 2 525 606
48 18 9 4 652 758
21 71 29 5 561 662
13 93 29 3 464 683
83 38 20 2 221 282
97 95 23 4 284 373
61 20 25 1 215 492
57 7 9 7 294 587
67 35 30 3 242 498
89 57 30 5 281 442
24 87 11 1 517 595
84 67 15 4 497 678
64 76 27 1 635 780
92 78 15 3 495 628
17 4 30 4 200 451
86 66 25 1 234 436
69 56 22 4 566 746
94 79 12 2 502 571
2 42 29 3 443 658
28 51 22 2 228 419
48 19 30 6 346 614
30 12 10 7 352 460
34 64 19 3 488 632
96 97 8 2 408 652
54 52 7 7 390 557
61 43 30 3 656 733
9 71 9 5 465 635
59 77 15 5 469 653
32 53 7 5 204 360
84 80 7 4 335 434
98 88 12 3 433 712
76 72 14 2 422 702
24 3 15 5 342 595
28 53 11 4 258 440
35 70 15 3 360 527
36 22 26 6 284 505
26 68 10 6 447 706
7 3 13 5 384 500
89 14 23 2 251 549
30 49 15 3 251 316
26 90 24 6 230 476
99 86 27 7 572 775
42 69 13 5 263 463
27 56 29 1 406 566
75 20 21 2 313 452
66 85 19 3 565 772
36 85 25 4 647 771
24 76 16 1 356 572
42 3 24 7 259 545
32 88 15 6 424 614
88 21 27 6 527 800
28 42 21 2 267 427
83 72 28 6 268 389
15 80 29 2 553 757
11 26 16 1 249 412
60 44 12 2 545 763
30 83 17 7 429 496
63 99 21 1 323 452
69 93 11 6 617 677
36 64 18 5 235 310
24 21 22 6 478 650
69 24 6 4 519 688
19 100 28 2 563 655
82 52 22 6 689 797
87 83 8 6 335 412
77 46 21 5 214 279
87 41 22 4 460 571
56 47 19 3 470 764
69 60 15 1 301 550
61 12 28 1 232 294
56 65 30 6 509 698
22 60 14 5 409 493
87 92 23 7 491 715
53 39 7 1 337 401
2 8 5 5 206 489
99 12 5 4 595 668
46 24 22 3 342 419
18 32 15 5 714 797
14 89 11 6 243 388
3 39 20 1 261 499
85 13 28 6 339 574
18 89 20 4 251 504
72 69 7 3 369 560
66 84 5 3 248 450
97 11 14 6 554 697
99 41 9 2 709 772
9 50 25 5 290 407
77 53 26 7 693 765
98 78 10 6 216 387
29 4 29 2 258 398
38 7 16 2 525 773
84 94 28 2 408 518
51 6 29 4 270 539
60 64 22 4 376 595
40 18 29 1 519 749
89 63 14 2 259 551
39 6 13 5 313 606
42 41 12 1 446 737
41 82 5 4 486 581
13 19 10 1 696 791
17 100 18 7 507 658
7 70 9 2 219 445
73 22 8 1 446 671
72 70 12 4 403 640
8 58 5 3 518 700
94 96 27 5 489 737
59 50 25 6 379 481
3 18 18 1 440 575
2 78 18 4 285 543
14 79 16 1 460 615
0 54 6 1 604 703
83 23 8 6 297 492
75 72 15 6 635 792
7 47 23 1 302 393
13 96 27 5 428 649
26 54 15 6 521 774
19 96 22 6 371 608
80 92 30 2 334 548
70 28 18 1 422 516
50 81 20 3 341 480
48 17 18 2 223 338
58 71 14 7 251 321
99 80 9 4 508 672
32 90 22 7 510 698
52 41 12 3 334 444
38 24 23 6 311 473
17 85 12 3 347 524
79 32 17 3 257 324
28 86 23 6 390 514
38 47 21 5 204 410
25 91 26 7 457 562
9 73 30 1 305 486
68 83 28 3 319 401
31 41 17 5 413 643
47 79 10 2 505 583
89 25 24 4 594 777
92 46 5 3 213 384
46 63 18 1 405 560
0 37 18 1 362 652
18 83 23 6 697 781
15 37 19 5 585 789
7 67 24 5 368 443
3 32 21 4 462 688
34 17 24 5 306 574
90 26 8 2 417 713
76 29 24 7 662 768
13 80 22 1 655 795
4 8 8 3 379 499
11 14 8 1 262 378
89 23 9 2 498 728
82 64 16 1 323 597
10 58 21 7 337 422
17 8 15 6 355 599
86 55 26 7 625 798
40 29 15 3 489 622
40 44 24 1 640 722
42 57 9 3 365 575
37 14 7 4 421 492
34 97 21 1 208 300
99 90 29 3 270 480
23 100 18 3 634 732
49 13 21 5 412 475
1 97 14 5 446 601
38 9 19 2 450 711
48 59 7 5 418 548
76 60 29 2 234 421
69 52 18 7 226 336
70 90 16 6 392 687
30 22 13 4 505 763
14 0 27 7 498 787
83 56 11 1 527 641
82 3 12 1 523 690
9 14 15 7 353 459
97 81 19 3 536 663
22 27 13 5 401 517
37 89 9 4 501 696
38 87 17 4 207 368
99 77 29 7 203 491
1 86 20 3 442 591
52 28 29 7 221 316
47 64 15 2 382 677
83 50 22 7 466 613
81 36 10 5 298 481
29 89 18 3 280 412
75 48 14 5 439 627
35 1 6 1 488 599
72 67 10 6 454 562
67 59 21 6 376 637
97 23 24 2 491 757
19 66 25 4 230 506
34 15 14 4 342 634
64 8 18 2 202 307
64 3 22 3 691 800
94 8 26 3 264 462
40 1 7 1 339 615
99 26 5 6 270 349
64 79 20 5 482 694
6 76 14 6 342 488
4 18 6 5 378 620
29 25 12 1 486 614
1 4 20 3 538 734
31 38 11 3 562 691
75 18 10 2 410 577
88 33 24 5 258 346
12 6 9 3 300 413
66 92 11 5 339 442
18 79 7 3 494 751
57 70 10 4 672 733
21 1 14 3 619 742
55 34 8 7 374 557
24 52 11 2 344 409
76 78 11 5 410 502
17 44 24 1 258 530
13 10 10 5 558 663
7 34 22 7 494 608
32 5 22 4 659 775
41 99 22 4 505 685
89 22 29 6 469 532
97 56 29 4 473 670
77 17 13 2 274 393
11 93 15 3 292 540
97 100 14 3 604 701
8 87 25 5 519 750
76 32 16 3 349 420
16 34 20 7 337 507
44 5 26 6 238 322
22 66 27 7 443 674
55 59 7 6 253 412
4 72 7 3 373 621
80 85 23 4 378 643
96 90 29 4 553 692
90 57 14 5 586 665
82 25 12 1 575 776
62 7 9 5 259 553
35 72 22 4 414 513
88 76 7 5 611 763
61 47 23 1 450 665
86 0 10 3 501 692
17 24 18 1 321 394
81 45 16 6 378 540
8 8 9 4 478 693
91 74 30 1 211 464
66 68 22 4 218 343
18 47 29 4 418 536
73 10 22 4 489 626
46 96 10 7 330 520
32 6 8 2 296 439
94 21 17 1 277 348
21 35 13 4 470 727
1 0 22 5 346 597
19 94 22 2 265 437
26 49 27 2 545 792
58 35 30 3 591 792
67 98 26 3 267 384
23 94 19 3 211 294
28 48 20 2 229 315
51 4 15 4 502 738
55 16 25 5 324 410
21 62 18 7 248 428
56 77 18 6 300 406
30 39 30 4 622 748
36 95 14 5 702 778
95 82 6 1 250 387
92 52 15 7 635 733
1 84 22 1 204 295
81 46 26 6 282 342
79 93 21 4 248 523
78 38 21 6 342 505
56 88 6 1 484 700
32 99 10 5 532 775
70 74 9 1 407 554
59 71 19 2 615 694
46 40 27 6 354 641
45 22 20 1 515 695
57 12 9 1 226 301
79 24 27 5 404 673
39 90 16 2 204 450
54 37 16 4 296 475
11 43 25 4 252 380
55 57 23 4 495 734
95 85 9 5 529 645
88 82 11 4 526 654
83 28 19 5 320 451
100 16 27 7 242 348
9 100 17 1 512 765
69 98 29 7 516 583
87 53 15 4 227 403
54 84 13 1 523 715
38 14 24 3 338 476
42 76 7 2 210 423
17 14 30 7 278 488
21 78 23 1 544 763
14 96 13 3 400 470
97 45 5 7 267 532
85 80 23 2 573 730
42 90 6 6 700 771
47 25 16 2 527 639
57 6 9 7 230 495
30 72 20 2 303 405
0 19 7 7 334 560
81 9 8 5 516 757
22 87 20 2 684 776
72 62 15 7 476 751
67 24 11 3 381 488
52 27 24 4 234 382
49 28 16 6 277 383
60 30 18 3 393 646
59 12 24 7 338 405
66 100 20 1 443 652
38 2 7 3 392 584
90 13 26 4 403 480
46 76 21 7 378 598
97 55 17 3 308 591
37 60 27 7 460 744
15 31 24 3 224 474
44 49 29 7 277 369
56 0 8 3 348 571
35 18 16 2 593 707
90 54 15 5 546 717
96 81 29 3 496 727
39 13 5 4 286 405
26 5 11 3 286 360
52 83 30 3 431 564
12 3 20 5 480 669
73 62 5 3 444 541
37 71 16 1 416 523
47 41 29 5 501 622
9 74 12 6 504 579
22 16 24 5 420 545
96 92 8 3 235 388
3 69 12 4 396 559
69 47 7 5 444 587
99 65 20 3 319 388
57 42 13 6 439 503
33 29 13 1 248 397
35 45 20 5 334 543
24 18 27 4 405 524
16 65 11 3 441 675
53 82 6 6 207 287
41 12 27 5 544 626
97 32 23 5 328 517
9 38 14 5 618 680
20 95 24 5 472 584
91 27 5 6 543 799
96 100 23 2 259 447
82 67 16 3 325 506
32 71 29 3 211 278
67 88 8 5 245 365
29 100 22 2 322 442
59 100 10 5 502 655
28 97 15 1 411 521
96 56 9 3 206 397
38 30 20 3 493 713
76 30 28 4 593 730
34 1 18 2 397 495
13 17 11 7 565 702
12 82 30 5 210 459
69 15 22 2 547 761
22 33 13 5 612 766
87 81 21 2 335 477
8 39 21 1 574 781
4 80 8 2 520 672
81 1 22 4 695 790
69 95 9 7 226 355
78 57 17 4 258 458
95 53 16 6 367 454
95 54 11 6 513 717
72 14 21 7 201 384
81 47 9 2 223 484
35 34 16 5 418 665
83 74 22 5 437 735
0 47 12 6 251 380
59 30 6 7 538 768
78 1 18 4 545 769
34 67 8 5 445 724
66 60 5 3 320 485
10 25 27 1 280 402
49 35 30 6 399 561
34 74 15 4 234 402
48 27 27 6 426 666
50 69 9 2 513 747
59 97 15 6 491 718
74 10 7 5 300 475
24 96 25 6 258 372
31 34 18 3 361 441
12 47 12 1 337 419
57 15 9 3 386 684
22 1 21 2 406 513
93 35 8 5 305 466
97 72 16 4 231 480
24 68 15 7 313 411
63 66 24 4 203 263
45 62 9 3 708 798
83 59 18 5 281 429
56 82 30 2 600 745
14 67 21 7 364 442
48 39 15 1 416 570
10 62 17 2 396 508
34 29 26 7 284 460
96 6 9 6 244 337
4 48 6 7 245 357
28 23 28 7 446 688
94 39 28 7 553 689
88 71 24 6 285 557
15 69 23 2 504 745
98 28 30 7 429 616
30 79 9 5 451 518
53 27 17 7 526 789
30 86 19 1 467 639
49 66 27 2 284 511
83 44 30 4 373 654
9 78 17 1 255 478
64 77 5 5 239 484
77 73 7 2 450 594
98 58 19 5 577 729
14 18 16 2 530 659
53 91 19 4 341 461
46 68 27 2 559 796
36 38 19 1 568 776
66 75 20 1 291 504
5 17 27 2 306 567
37 39 6 7 311 574
31 93 28 3 407 539
57 90 23 7 419 506
61 27 21 2 306 601
66 72 13 4 567 629
15 55 18 2 285 531
99 38 21 5 365 478
70 50 9 3 260 397
12 1 7 3 389 521
44 89 19 7 580 727
25 93 8 7 380 658
77 64 10 3 455 608
41 41 8 4 606 762
69 12 24 6 535 632
20 64 26 5 329 628
100 96 6 3 533 725
86 28 15 2 306 585
28 85 5 1 410 540
24 93 11 3 495 593
32 11 6 1 326 391
95 39 29 3 695 770
95 95 22 5 416 691
92 61 14 5 203 427
38 78 27 7 285 578
62 90 26 2 691 778
18 7 23 5 398 653
52 47 16 6 207 297
10 45 15 2 355 441
3 95 25 6 617 695
28 52 9 7 326 547
